VERSION	1200
Time[MSec.]	Ratio	Ratio	Ratio	Ratio	Ratio	Ratio	Ratio	Ratio	Ratio	Ratio	Ratio	Ratio
%.1f	%.4f	%.4f	%.4f	%.4f	%.4f	%.4f	%.4f	%.4f	%.4f	%.4f	%.4f	%.4f
Time	ROI(1-1)	ROI(1-2)	ROI(1-3)	ROI(1-4)	ROI(1-5)	ROI(1-6)	ROI(1-7)	ROI(1-8)	ROI(1-9)	ROI(1-10)	ROI(1-11)	ROI(1-12)
GraphNo	1	2	3	4	5	6	7	8	9	10	11	12
0.0	0.190000	0.250900	0.181700	0.222500	0.212200	0.145000	0.112800	0.206600	0.222200	0.120600	0.109200	0.113800
5164.4	0.195800	0.239400	0.154200	0.209100	0.223200	0.160700	0.128800	0.233800	0.236800	0.136000	0.122700	0.124600
10328.7	0.191800	0.251000	0.177200	0.218500	0.215600	0.149000	0.119200	0.213000	0.231200	0.126100	0.111700	0.116900
15493.1	0.189600	0.255400	0.191100	0.222500	0.210900	0.145000	0.115500	0.199800	0.222300	0.121000	0.109500	0.112000
20657.5	0.190100	0.249700	0.179900	0.214200	0.213500	0.150500	0.122400	0.205300	0.229900	0.127600	0.116100	0.120300
25821.8	0.191900	0.250100	0.176200	0.213800	0.221900	0.153900	0.125900	0.218000	0.233700	0.130800	0.118000	0.121400
30986.2	0.197400	0.247800	0.164400	0.211700	0.229300	0.160600	0.127200	0.233300	0.239100	0.134400	0.121600	0.124500
36150.6	0.184800	0.257800	0.197900	0.222600	0.206100	0.139300	0.112000	0.181700	0.222100	0.121200	0.108800	0.113400
41314.9	0.189500	0.253400	0.182700	0.216500	0.214600	0.146800	0.117200	0.199800	0.227800	0.128000	0.112600	0.118000
46479.3	0.189800	0.262100	0.203200	0.228200	0.212600	0.140400	0.107700	0.194900	0.221700	0.117400	0.104000	0.108900
51643.7	0.183800	0.263800	0.209600	0.229200	0.204600	0.132800	0.103600	0.176800	0.216700	0.114500	0.100000	0.106700
56808.0	0.190200	0.252800	0.181700	0.218600	0.213900	0.149300	0.121500	0.201600	0.227900	0.127500	0.114500	0.117900
61972.4	0.196800	0.248600	0.165000	0.213700	0.224900	0.159100	0.125500	0.232700	0.234500	0.133300	0.119600	0.122100
67136.7	0.197200	0.261300	0.183600	0.225000	0.223900	0.152500	0.117600	0.225700	0.227500	0.125800	0.112700	0.114700
72301.1	0.192300	0.248300	0.164000	0.212100	0.219200	0.157300	0.128800	0.222600	0.231400	0.135500	0.121500	0.122300
77465.5	0.191500	0.250500	0.166700	0.212500	0.216400	0.153200	0.122900	0.213700	0.226500	0.130800	0.116700	0.119100
82629.8	0.182200	0.258000	0.197100	0.224000	0.199400	0.136200	0.111300	0.177200	0.212900	0.118800	0.106400	0.109900
87794.2	0.184400	0.260300	0.195600	0.224800	0.201300	0.137500	0.111100	0.179100	0.214700	0.120000	0.105700	0.111300
92958.6	0.188200	0.252500	0.177900	0.217300	0.210300	0.145300	0.117200	0.197100	0.220200	0.125100	0.111100	0.113900
98122.9	0.183000	0.252200	0.188200	0.218900	0.202200	0.139100	0.114400	0.182400	0.212100	0.122000	0.109600	0.112600
103287.3	0.184100	0.246300	0.185400	0.218000	0.203400	0.140800	0.113300	0.183500	0.208800	0.120800	0.107700	0.111400
108451.7	0.188800	0.249400	0.185200	0.221000	0.211100	0.146100	0.114700	0.202100	0.207800	0.120500	0.109000	0.111000
113616.0	0.185900	0.239000	0.175700	0.211600	0.205000	0.147900	0.123300	0.192000	0.206300	0.127500	0.116400	0.118300
118780.4	0.183600	0.249800	0.197200	0.225700	0.205000	0.138600	0.108800	0.188200	0.196600	0.114400	0.103800	0.106600
123944.8	0.190800	0.238100	0.166500	0.212400	0.215400	0.151900	0.121100	0.216900	0.205800	0.123000	0.111200	0.115100
129109.1	0.184400	0.238100	0.183700	0.216500	0.204400	0.143500	0.116700	0.192600	0.196500	0.118300	0.107300	0.110200
134273.5	0.190500	0.232300	0.166400	0.209100	0.212700	0.154700	0.133900	0.210200	0.205000	0.127200	0.115100	0.117500
139437.8	0.187400	0.235100	0.176200	0.213300	0.207800	0.148700	0.134700	0.197200	0.198800	0.121700	0.110800	0.114800
144602.2	0.189000	0.236500	0.182900	0.215200	0.206400	0.147100	0.134800	0.193600	0.198600	0.121900	0.110600	0.113700
149766.6	0.191000	0.236900	0.173800	0.212800	0.211700	0.153300	0.140900	0.203500	0.200800	0.124600	0.115400	0.116900
154930.9	0.190100	0.241300	0.186800	0.219300	0.209300	0.148600	0.142600	0.191700	0.200400	0.121700	0.114000	0.114900
160095.3	0.196100	0.253300	0.188800	0.228700	0.218700	0.152100	0.148000	0.199400	0.207000	0.121100	0.113500	0.116800
165259.7	0.195200	0.250200	0.182300	0.222900	0.218000	0.155100	0.155300	0.194100	0.212600	0.129700	0.125200	0.125000
170424.0	0.196600	0.258600	0.191200	0.229800	0.222500	0.153600	0.148900	0.193900	0.215100	0.126200	0.121300	0.122400
175588.4	0.205100	0.266300	0.191300	0.236400	0.235200	0.163500	0.156200	0.215600	0.222200	0.130600	0.127500	0.128900
180752.8	0.206500	0.266800	0.186900	0.235600	0.238200	0.165600	0.157000	0.212100	0.231300	0.132600	0.131700	0.132400
185917.1	0.207000	0.269700	0.189800	0.238700	0.239800	0.167300	0.159100	0.213300	0.232400	0.134900	0.134400	0.136200
191081.5	0.211100	0.278100	0.200500	0.247100	0.242300	0.165700	0.151500	0.210200	0.232700	0.130100	0.129100	0.132400
196245.8	0.213200	0.271200	0.181500	0.240200	0.250500	0.174700	0.162000	0.227000	0.243500	0.140800	0.141600	0.144700
201410.2	0.214000	0.280200	0.195200	0.248500	0.245100	0.169400	0.153100	0.213300	0.238500	0.132700	0.132200	0.137100
206574.6	0.216500	0.284500	0.193600	0.250200	0.248200	0.171900	0.154600	0.216400	0.242700	0.136700	0.135900	0.140200
211738.9	0.224200	0.278400	0.176200	0.245000	0.259900	0.189500	0.172600	0.248400	0.253300	0.150100	0.152600	0.153500
216903.3	0.219500	0.278200	0.183800	0.247000	0.250600	0.180300	0.162100	0.222900	0.249400	0.143900	0.144100	0.149200
222067.7	0.221200	0.280800	0.184500	0.250700	0.251600	0.179300	0.157300	0.225000	0.247800	0.142000	0.142000	0.147800
227232.0	0.221200	0.281100	0.188600	0.253600	0.249000	0.178700	0.157500	0.219200	0.245900	0.142200	0.142100	0.146200
232396.4	0.217500	0.295100	0.219500	0.267700	0.240900	0.167900	0.143200	0.205600	0.235200	0.130200	0.130000	0.138000
237560.8	0.227400	0.286000	0.193200	0.259600	0.253700	0.183800	0.155200	0.232600	0.245000	0.140800	0.138400	0.147000
242725.1	0.217600	0.284800	0.204100	0.261400	0.237100	0.171400	0.149000	0.199900	0.234200	0.134600	0.133800	0.141500
247889.5	0.222600	0.281100	0.198300	0.259600	0.241300	0.175600	0.146900	0.211200	0.239000	0.136100	0.134000	0.142300
253053.8	0.215100	0.282700	0.210800	0.266300	0.229600	0.166300	0.140900	0.190700	0.231700	0.131500	0.129400	0.138400
258218.2	0.223300	0.277700	0.199200	0.261400	0.238500	0.178300	0.149200	0.208800	0.238800	0.138400	0.137300	0.146000
263382.6	0.223300	0.280300	0.201700	0.265100	0.240400	0.178300	0.146900	0.221000	0.237600	0.139300	0.135900	0.146900
268546.9	0.222300	0.275100	0.196000	0.260000	0.236300	0.177600	0.148300	0.209700	0.237600	0.137600	0.134700	0.145700
273711.3	0.219100	0.277600	0.206000	0.265100	0.230300	0.173300	0.144900	0.204800	0.234500	0.136400	0.132300	0.144000
278875.7	0.226000	0.277600	0.200400	0.263700	0.237500	0.179800	0.146300	0.218300	0.236400	0.136400	0.131600	0.142800
284040.0	0.231600	0.274500	0.190900	0.263200	0.246900	0.191700	0.155100	0.236700	0.244000	0.144900	0.139700	0.153600
289204.4	0.224500	0.263000	0.180300	0.252800	0.238200	0.185300	0.150700	0.224700	0.237200	0.141600	0.135500	0.147700
294368.8	0.219300	0.266600	0.197000	0.258300	0.226100	0.175500	0.144500	0.199200	0.229900	0.135600	0.130400	0.144500
299533.1	0.224800	0.267700	0.194200	0.260500	0.234400	0.182300	0.146100	0.219000	0.232800	0.137500	0.132600	0.144700
304697.5	0.218900	0.265300	0.205800	0.261400	0.224400	0.172100	0.138000	0.199500	0.224700	0.130000	0.124100	0.137600
309861.8	0.222300	0.271100	0.204300	0.264800	0.226600	0.176400	0.141100	0.200000	0.228500	0.134000	0.128300	0.141500
315026.2	0.227400	0.260000	0.185700	0.256400	0.236000	0.188600	0.149700	0.226400	0.233400	0.140600	0.135100	0.148900
320190.6	0.210900	0.264700	0.220100	0.266400	0.213500	0.162600	0.129200	0.179900	0.214400	0.124900	0.118700	0.133400
325354.9	0.221800	0.257100	0.193900	0.255200	0.225700	0.181900	0.147300	0.208600	0.224900	0.139000	0.134400	0.146300
330519.3	0.227900	0.252900	0.172600	0.249200	0.237100	0.192200	0.153200	0.228900	0.233300	0.144800	0.138400	0.152600
335683.7	0.222700	0.262500	0.202500	0.261700	0.225200	0.174700	0.134300	0.203000	0.221800	0.131700	0.123900	0.138500
340848.0	0.223500	0.256000	0.187800	0.255000	0.229300	0.181600	0.141800	0.216600	0.224000	0.138500	0.130400	0.146400
346012.4	0.219000	0.257800	0.200500	0.258400	0.222400	0.176100	0.136900	0.206500	0.216600	0.131300	0.124500	0.136900
351176.7	0.213600	0.249700	0.192900	0.250300	0.216200	0.171700	0.136600	0.194400	0.211100	0.132000	0.123900	0.138600
356341.1	0.213400	0.247300	0.190400	0.249000	0.215300	0.168900	0.132500	0.194000	0.206700	0.127300	0.120100	0.134900
361505.5	0.208600	0.245300	0.193300	0.246900	0.211900	0.168500	0.135200	0.189200	0.206400	0.130100	0.124100	0.136600
366669.8	0.212900	0.249600	0.198700	0.252800	0.216600	0.167900	0.130200	0.190600	0.204800	0.125300	0.118200	0.131600
371834.2	0.225900	0.249700	0.176500	0.247400	0.234700	0.190000	0.149500	0.233100	0.222700	0.143200	0.135300	0.150300
376998.6	0.221400	0.249300	0.187200	0.249900	0.226800	0.183200	0.144100	0.218400	0.213700	0.136200	0.128500	0.142800
382162.9	0.221900	0.238500	0.168800	0.238500	0.229700	0.191100	0.153900	0.230600	0.215700	0.144600	0.136400	0.151400
387327.3	0.214200	0.246000	0.187500	0.247600	0.219600	0.172600	0.132100	0.201700	0.205100	0.128800	0.119200	0.134500
392491.7	0.211200	0.242200	0.185900	0.244500	0.214800	0.171000	0.136100	0.194300	0.203700	0.131400	0.123700	0.137900
397656.0	0.213200	0.246000	0.190400	0.246800	0.219400	0.171500	0.131500	0.201200	0.202500	0.128600	0.117500	0.134000
402820.4	0.209500	0.240300	0.182200	0.241300	0.217500	0.173100	0.137200	0.196200	0.199600	0.131300	0.121000	0.136500
407984.7	0.210600	0.242900	0.187900	0.244900	0.216500	0.173200	0.136700	0.194400	0.197700	0.130500	0.120500	0.134700
413149.1	0.209200	0.240300	0.183800	0.242400	0.215200	0.170300	0.133800	0.192200	0.196500	0.130400	0.119100	0.134900
418313.5	0.204000	0.245800	0.203800	0.250000	0.208500	0.159200	0.122600	0.176200	0.188900	0.121900	0.110800	0.124700
423477.8	0.208300	0.241100	0.186400	0.243500	0.217600	0.171400	0.134200	0.195100	0.195800	0.128200	0.118600	0.133800
428642.2	0.210700	0.235800	0.177000	0.236300	0.220100	0.175100	0.138400	0.201900	0.196100	0.131800	0.120200	0.135600
433806.6	0.206400	0.235600	0.178800	0.238000	0.215100	0.171100	0.139600	0.188900	0.194300	0.131800	0.121100	0.135200
438970.9	0.199000	0.244400	0.210200	0.249700	0.206300	0.155600	0.122800	0.172200	0.184000	0.119900	0.108900	0.123500
444135.3	0.205500	0.236400	0.181600	0.239500	0.216200	0.169900	0.134800	0.189500	0.193300	0.130400	0.118500	0.134100
449299.6	0.197100	0.238500	0.196800	0.242100	0.205800	0.156300	0.124200	0.169200	0.184700	0.122300	0.112000	0.126300
454464.0	0.209100	0.236500	0.179000	0.239200	0.222100	0.173400	0.134900	0.201700	0.193800	0.129100	0.118500	0.134600
459628.4	0.210400	0.233000	0.171400	0.234000	0.223500	0.176500	0.138600	0.208800	0.194100	0.132900	0.120000	0.135000
464792.7	0.208800	0.232600	0.177100	0.236300	0.220700	0.172500	0.133400	0.200500	0.192100	0.130100	0.117200	0.133700
469957.1	0.212200	0.235200	0.171200	0.237100	0.229100	0.177700	0.134800	0.219300	0.196800	0.132700	0.118400	0.136400
475121.5	0.194700	0.238100	0.201000	0.242800	0.202300	0.152900	0.121500	0.166100	0.179900	0.120300	0.107600	0.122700
480285.8	0.199100	0.235000	0.192100	0.239300	0.208000	0.158300	0.125000	0.175300	0.183500	0.124200	0.110700	0.125800
485450.2	0.204500	0.230600	0.173700	0.231300	0.218200	0.171600	0.135100	0.197500	0.191300	0.130000	0.116700	0.133800
490614.5	0.202600	0.233400	0.186900	0.236900	0.214200	0.164400	0.127600	0.186700	0.185500	0.124400	0.111400	0.127800
495778.9	0.198100	0.233400	0.189300	0.235800	0.207000	0.158600	0.126200	0.175200	0.182700	0.124200	0.110700	0.127000
500943.3	0.202900	0.226300	0.172900	0.228500	0.215900	0.171300	0.136500	0.192300	0.189400	0.131500	0.118400	0.134300
506107.6	0.201100	0.227400	0.178000	0.231900	0.211200	0.166000	0.133500	0.185700	0.185200	0.127700	0.115500	0.130200
511272.0	0.206200	0.226500	0.167700	0.229000	0.221700	0.175000	0.135800	0.206300	0.191200	0.133000	0.118900	0.136400
516436.4	0.197100	0.233100	0.191300	0.237700	0.207700	0.155400	0.120500	0.173100	0.179200	0.121000	0.106800	0.122300
521600.7	0.197000	0.233300	0.191500	0.238000	0.211400	0.160700	0.129500	0.187800	0.180900	0.126900	0.114300	0.128600
526765.1	0.198900	0.226100	0.179400	0.230700	0.208700	0.163000	0.132500	0.181700	0.183500	0.128700	0.114800	0.129700
531929.4	0.201900	0.225800	0.171700	0.228900	0.219100	0.168000	0.132400	0.198800	0.188000	0.130200	0.115700	0.131300
537093.8	0.200300	0.231600	0.186700	0.236000	0.211500	0.161200	0.122300	0.183100	0.182700	0.121600	0.107100	0.124000
542258.2	0.199100	0.222300	0.173800	0.226400	0.212600	0.164800	0.129700	0.187100	0.184300	0.126900	0.111700	0.127300
547422.5	0.192600	0.230200	0.199300	0.236200	0.202700	0.149000	0.113800	0.166700	0.175200	0.116000	0.102100	0.118100
552586.9	0.196400	0.224500	0.178600	0.227100	0.208100	0.158300	0.123200	0.178300	0.180900	0.123400	0.107700	0.124900
557751.3	0.199700	0.224500	0.178200	0.227700	0.210800	0.163000	0.127200	0.187800	0.182200	0.125900	0.112200	0.127000
562915.6	0.194600	0.222700	0.180200	0.225900	0.205300	0.157900	0.125400	0.175200	0.178600	0.124200	0.110300	0.123800
568080.0	0.198800	0.221300	0.175600	0.224200	0.212000	0.163300	0.128400	0.187100	0.182800	0.127500	0.112600	0.128900
573244.3	0.194600	0.219300	0.173500	0.223300	0.209100	0.159700	0.127900	0.181700	0.182200	0.126500	0.112700	0.127900
578408.7	0.196600	0.223000	0.180700	0.227100	0.211800	0.161400	0.124300	0.191300	0.178600	0.123400	0.109100	0.123900
583573.1	0.193400	0.222200	0.185900	0.228500	0.206000	0.154500	0.120900	0.174200	0.175900	0.119400	0.106600	0.122300
588737.4	0.197800	0.220200	0.173100	0.223000	0.211500	0.163100	0.127200	0.191000	0.180500	0.123900	0.110000	0.125700
593901.8	0.199200	0.212400	0.158500	0.215600	0.214900	0.169500	0.133500	0.199600	0.183700	0.128800	0.114900	0.128800
599066.2	0.203100	0.213600	0.155500	0.214700	0.220900	0.174700	0.137200	0.214200	0.186900	0.131400	0.117400	0.131100
604230.5	0.194000	0.215000	0.170100	0.220500	0.208200	0.160100	0.126900	0.181500	0.178000	0.123200	0.110000	0.125300
609394.9	0.193700	0.217000	0.179700	0.223600	0.204900	0.156900	0.121700	0.177500	0.175900	0.119800	0.105900	0.119800
614559.2	0.196200	0.213400	0.168000	0.217900	0.210200	0.161600	0.126500	0.188500	0.180100	0.124100	0.110300	0.125900
619723.6	0.196000	0.219800	0.180800	0.224600	0.210200	0.160000	0.122700	0.190600	0.177600	0.120900	0.107200	0.124900
624888.0	0.192200	0.211500	0.169500	0.216200	0.205000	0.160000	0.128500	0.180400	0.177800	0.124500	0.109600	0.125400
630052.3	0.200900	0.211500	0.154100	0.214100	0.221400	0.172300	0.130100	0.213800	0.185000	0.127700	0.113500	0.127700
635216.7	0.196300	0.211900	0.169300	0.217500	0.210900	0.163600	0.127100	0.194100	0.178000	0.121800	0.109000	0.123100
640381.1	0.189500	0.213500	0.174300	0.218700	0.204100	0.155300	0.122100	0.177000	0.174100	0.118400	0.107100	0.120400
645545.4	0.194400	0.210300	0.166100	0.214400	0.210700	0.163500	0.131600	0.193200	0.178900	0.125200	0.112900	0.127000
650709.8	0.200400	0.209800	0.159100	0.210400	0.218100	0.172900	0.136700	0.212300	0.184400	0.130000	0.116600	0.130400
655874.1	0.195100	0.205200	0.161600	0.209400	0.208900	0.165000	0.131300	0.190800	0.179600	0.127500	0.112600	0.126400
661038.5	0.190200	0.205000	0.164900	0.209300	0.203300	0.157700	0.124900	0.178200	0.176800	0.123000	0.108700	0.122800
666202.9	0.192600	0.208100	0.169700	0.213100	0.207900	0.159800	0.122800	0.188400	0.175700	0.120000	0.106400	0.122300
671367.2	0.187800	0.211000	0.176900	0.215600	0.201800	0.153800	0.117900	0.174800	0.173300	0.115600	0.103200	0.118700
676531.6	0.191000	0.204400	0.161300	0.208400	0.206000	0.161800	0.128700	0.186100	0.176000	0.123500	0.110400	0.124600
681696.0	0.188300	0.210400	0.181200	0.216200	0.200900	0.152900	0.116300	0.174800	0.169900	0.113500	0.102100	0.114400
686860.3	0.183000	0.208500	0.182300	0.214300	0.194500	0.146700	0.117000	0.160800	0.168400	0.115400	0.103200	0.116000
692024.7	0.194600	0.201900	0.154400	0.204600	0.211500	0.167300	0.132000	0.198800	0.178200	0.126700	0.113800	0.126600
697189.0	0.191700	0.204200	0.161800	0.208600	0.208200	0.162000	0.128100	0.190000	0.177100	0.123700	0.111900	0.125500
702353.4	0.184400	0.208200	0.180200	0.213800	0.197600	0.150100	0.117600	0.168100	0.168300	0.115200	0.104100	0.117300
707517.8	0.189300	0.206200	0.171600	0.210000	0.202800	0.156300	0.120600	0.178500	0.172600	0.116600	0.105500	0.118700
712682.1	0.181200	0.211600	0.192900	0.218500	0.195600	0.146400	0.116600	0.166300	0.165500	0.113100	0.102900	0.115300
717846.5	0.177300	0.215300	0.212800	0.226800	0.189100	0.137200	0.105100	0.153400	0.159300	0.105700	0.094000	0.105900
723010.9	0.180100	0.207300	0.190300	0.214600	0.192200	0.142600	0.109600	0.161400	0.162100	0.108200	0.097000	0.109700
728175.2	0.184300	0.207900	0.182300	0.214200	0.198600	0.149800	0.116200	0.170200	0.166500	0.113300	0.101600	0.113800
733339.6	0.175000	0.209600	0.204600	0.217600	0.185000	0.137500	0.109400	0.148700	0.159500	0.107700	0.096800	0.109600
738503.9	0.185600	0.198300	0.162100	0.201500	0.200400	0.156400	0.122200	0.177800	0.171100	0.118400	0.106000	0.119800
743668.3	0.183000	0.201300	0.172700	0.207000	0.196900	0.151000	0.119000	0.170800	0.166800	0.114200	0.103900	0.115600
748832.7	0.188900	0.196100	0.154000	0.199200	0.205900	0.166000	0.140100	0.194400	0.173900	0.128500	0.117500	0.128400
753997.0	0.185000	0.196300	0.158700	0.201700	0.200500	0.156400	0.125500	0.176700	0.171000	0.119200	0.108300	0.118300
759161.4	0.184900	0.204000	0.174900	0.208800	0.200200	0.151600	0.118900	0.176200	0.168100	0.115600	0.104100	0.115500
764325.8	0.186600	0.196300	0.157700	0.199700	0.204000	0.159800	0.127000	0.184400	0.172900	0.121900	0.109000	0.121300
769490.1	0.185800	0.200600	0.172200	0.206400	0.198700	0.152200	0.119000	0.174200	0.167000	0.115600	0.103300	0.115900
774654.5	0.182900	0.200800	0.172800	0.205400	0.197000	0.150000	0.115700	0.171400	0.165000	0.111400	0.101100	0.113400
779818.8	0.183700	0.198200	0.164900	0.202400	0.199200	0.152700	0.117900	0.175100	0.167400	0.113500	0.102700	0.113800
784983.2	0.189600	0.189000	0.142900	0.190800	0.207000	0.170700	0.144100	0.197800	0.177000	0.131200	0.120600	0.131000
790147.6	0.179500	0.202900	0.184700	0.208700	0.193900	0.144400	0.111700	0.163600	0.161400	0.108700	0.097900	0.110100
795311.9	0.185300	0.196300	0.158500	0.198500	0.202700	0.156400	0.123400	0.180900	0.169500	0.118100	0.106500	0.117500
800476.3	0.174600	0.210500	0.215700	0.219100	0.182100	0.134800	0.110200	0.143700	0.156500	0.105500	0.097000	0.107400
805640.7	0.178900	0.196100	0.169800	0.200300	0.195100	0.149800	0.119600	0.167300	0.164300	0.114300	0.103900	0.112900
810805.0	0.180900	0.190900	0.154900	0.194500	0.197400	0.154800	0.125800	0.173500	0.166600	0.117700	0.107400	0.117700
815969.4	0.186100	0.195900	0.160200	0.198800	0.204800	0.161100	0.128300	0.189200	0.166900	0.118000	0.108300	0.118000
821133.7	0.190800	0.188100	0.140400	0.189700	0.213500	0.171600	0.137700	0.208500	0.175000	0.126700	0.116900	0.126100
826298.1	0.174400	0.202600	0.192900	0.209000	0.188000	0.138400	0.108600	0.153100	0.156200	0.105800	0.095700	0.107800
831462.5	0.181800	0.197200	0.166600	0.199600	0.196500	0.152100	0.121600	0.171500	0.164700	0.114100	0.104700	0.114700
836626.8	0.180000	0.192000	0.163700	0.196700	0.196000	0.151100	0.118200	0.171000	0.164100	0.113300	0.103100	0.113700
841791.2	0.190100	0.191800	0.148600	0.194100	0.212400	0.166700	0.127800	0.204100	0.172100	0.119700	0.109400	0.120500
846955.6	0.186900	0.194700	0.161300	0.198100	0.203100	0.157700	0.123300	0.186400	0.167300	0.117000	0.105900	0.115900
852119.9	0.181400	0.198500	0.177300	0.202800	0.198000	0.150300	0.115400	0.175800	0.161500	0.110700	0.101200	0.111800
857284.3	0.184300	0.190500	0.150700	0.191000	0.203100	0.162500	0.131900	0.189200	0.168900	0.120900	0.111200	0.120500
862448.6	0.182900	0.194600	0.165000	0.197200	0.198400	0.153500	0.117600	0.176300	0.163400	0.111200	0.102100	0.113500
867613.0	0.184800	0.195000	0.163200	0.196900	0.202000	0.156700	0.121700	0.184600	0.164500	0.114100	0.104900	0.115200
872777.4	0.173600	0.197800	0.185600	0.202300	0.186500	0.139500	0.109900	0.153800	0.155000	0.106200	0.096800	0.107200
877941.7	0.180500	0.194400	0.169100	0.196700	0.194900	0.150900	0.118600	0.172100	0.160200	0.111900	0.101900	0.112400
883106.1	0.180000	0.189900	0.158600	0.190900	0.195900	0.152400	0.121500	0.172300	0.163500	0.115500	0.106200	0.114200
888270.5	0.181600	0.193600	0.165300	0.196500	0.196600	0.150000	0.115700	0.172800	0.161500	0.110200	0.100000	0.111100
893434.8	0.181400	0.192300	0.165200	0.195200	0.196500	0.152900	0.120200	0.173700	0.161600	0.111700	0.103000	0.113200
898599.2	0.181300	0.191900	0.165900	0.194000	0.196000	0.150800	0.116000	0.174700	0.161000	0.110500	0.100800	0.111200
903763.5	0.177600	0.192900	0.169600	0.194900	0.192100	0.148400	0.116800	0.167300	0.159300	0.111000	0.101500	0.111000
908927.9	0.172900	0.196800	0.185200	0.198900	0.184200	0.137800	0.109100	0.151800	0.153300	0.104300	0.095600	0.104700
914092.3	0.171800	0.197100	0.190800	0.200400	0.182700	0.136800	0.108300	0.149200	0.152400	0.104100	0.095600	0.104500
919256.6	0.178000	0.191000	0.170800	0.194400	0.190600	0.146200	0.114200	0.163600	0.159600	0.109700	0.099300	0.109200
924421.0	0.184400	0.189600	0.152500	0.189800	0.202700	0.158700	0.124600	0.190300	0.166300	0.117200	0.107200	0.117400
929585.4	0.181900	0.189900	0.159600	0.190600	0.196800	0.152700	0.117000	0.177200	0.161800	0.112100	0.102700	0.112000
934749.7	0.179400	0.191200	0.163200	0.191700	0.195600	0.153200	0.119300	0.175900	0.161100	0.112300	0.103200	0.113200
939914.1	0.182700	0.187700	0.150600	0.186400	0.199300	0.156900	0.122800	0.182900	0.164700	0.116400	0.105600	0.115900
945078.4	0.180800	0.188900	0.156300	0.189200	0.196500	0.151600	0.117200	0.176900	0.162200	0.112900	0.102400	0.113200
950242.8	0.172000	0.196000	0.186700	0.198900	0.183600	0.136200	0.104100	0.152200	0.151900	0.101900	0.093300	0.103600
955407.2	0.182000	0.189200	0.153200	0.188600	0.198200	0.155000	0.121100	0.181700	0.163300	0.113500	0.105100	0.113800
960571.5	0.180700	0.186500	0.151800	0.184600	0.195300	0.156000	0.125700	0.177800	0.163500	0.116900	0.108400	0.117200
965735.9	0.180800	0.187100	0.154700	0.187100	0.198600	0.156900	0.124500	0.184100	0.162300	0.114900	0.105400	0.114200
970900.3	0.174200	0.189600	0.169000	0.190600	0.187400	0.142100	0.110800	0.159100	0.155900	0.107800	0.098200	0.107200
976064.6	0.172900	0.193400	0.179600	0.195400	0.185000	0.139200	0.109800	0.154800	0.152900	0.104600	0.096800	0.105400
981229.0	0.179800	0.187700	0.156300	0.187500	0.194600	0.152200	0.121400	0.175700	0.161000	0.113800	0.106300	0.114300
986393.3	0.177900	0.190000	0.165700	0.190500	0.190600	0.146200	0.113100	0.165700	0.157000	0.108300	0.099500	0.109200
991557.7	0.171700	0.192600	0.184600	0.195500	0.184200	0.138600	0.110900	0.153300	0.152800	0.105500	0.097300	0.106600
996722.1	0.173900	0.191200	0.175700	0.192400	0.186200	0.140700	0.109700	0.157700	0.154700	0.105700	0.096100	0.105600
1001886.4	0.185800	0.185100	0.144700	0.183600	0.205100	0.160800	0.125900	0.194700	0.165400	0.116600	0.107100	0.117400
1007050.8	0.177300	0.185300	0.161200	0.185800	0.191300	0.148700	0.117000	0.168000	0.157000	0.110200	0.101300	0.111100
1012215.2	0.180200	0.188600	0.159900	0.186600	0.195300	0.151200	0.117400	0.177200	0.159500	0.111100	0.102400	0.111200
1017379.5	0.182800	0.187000	0.152900	0.185300	0.199800	0.156200	0.121100	0.185700	0.162800	0.113800	0.104900	0.115400
1022543.9	0.170600	0.195000	0.192800	0.197200	0.182000	0.134600	0.105000	0.150000	0.150800	0.102900	0.093600	0.103100
1027708.2	0.174800	0.190000	0.166600	0.189400	0.191700	0.144200	0.110700	0.167800	0.155300	0.107600	0.098800	0.107300
1032872.6	0.183000	0.185700	0.149900	0.183600	0.201300	0.157500	0.122400	0.189900	0.162300	0.113800	0.104900	0.114500
1038037.0	0.181700	0.187800	0.156700	0.186700	0.197900	0.153900	0.119100	0.183100	0.160500	0.111900	0.103200	0.112100
1043201.3	0.178400	0.182600	0.150400	0.181200	0.194400	0.153600	0.122200	0.179500	0.160100	0.113300	0.104800	0.114900
1048365.7	0.169500	0.193700	0.191400	0.195100	0.180400	0.136200	0.109500	0.151700	0.148300	0.102400	0.094800	0.102900
1053530.1	0.172300	0.192500	0.183200	0.192500	0.183500	0.135800	0.103600	0.153200	0.149600	0.100800	0.092400	0.102300
1058694.4	0.178400	0.183000	0.151000	0.180800	0.193600	0.152000	0.119800	0.177200	0.158400	0.112000	0.102700	0.112200
1063858.8	0.174500	0.187000	0.165700	0.186500	0.187900	0.143300	0.112000	0.162600	0.153800	0.106400	0.097600	0.106600
1069023.1	0.183400	0.183400	0.146100	0.180800	0.202400	0.159800	0.123600	0.195700	0.162500	0.115500	0.105500	0.115500
1074187.5	0.175000	0.186100	0.163700	0.184300	0.189300	0.147000	0.115500	0.167700	0.154700	0.108900	0.100000	0.107800
1079351.9	0.177100	0.180300	0.149400	0.178000	0.192900	0.151700	0.121300	0.174400	0.158600	0.113900	0.103900	0.112900
1084516.2	0.173000	0.188300	0.172600	0.187600	0.186500	0.139900	0.110200	0.159200	0.152900	0.104900	0.095900	0.106300
1089680.6	0.177700	0.186900	0.160100	0.183800	0.191600	0.147300	0.115200	0.172200	0.156700	0.107900	0.098800	0.109400
1094845.0	0.174500	0.189800	0.174200	0.187900	0.187800	0.142500	0.112200	0.164400	0.152700	0.105400	0.095800	0.105700
1100009.3	0.188200	0.175800	0.129200	0.170900	0.213400	0.175400	0.141200	0.226000	0.168400	0.123400	0.114700	0.123000
1105173.7	0.176700	0.185400	0.158000	0.182300	0.192600	0.147200	0.113100	0.171500	0.155600	0.107500	0.097500	0.107800
1110338.0	0.168100	0.185900	0.172100	0.183900	0.184700	0.139200	0.113400	0.155700	0.150100	0.106000	0.098100	0.106600
1115502.4	0.170700	0.185500	0.171100	0.184300	0.186100	0.139800	0.111900	0.157000	0.151100	0.104600	0.096700	0.104400
1120666.8	0.178000	0.182700	0.152100	0.179200	0.196500	0.152100	0.121900	0.179300	0.159600	0.112500	0.103400	0.113400
1125831.1	0.184200	0.178700	0.137800	0.175500	0.206300	0.161200	0.127400	0.200000	0.162400	0.116400	0.106200	0.115200
1130995.5	0.176200	0.184600	0.159100	0.182000	0.194100	0.148100	0.118100	0.176600	0.155500	0.109000	0.100400	0.108800
1136159.9	0.181500	0.181900	0.148200	0.178600	0.201800	0.154600	0.120400	0.190200	0.159100	0.111000	0.101400	0.112500
1141324.2	0.181700	0.181400	0.143500	0.177200	0.202200	0.158000	0.124500	0.193400	0.159700	0.113400	0.103900	0.112700
1146488.6	0.175900	0.183200	0.153600	0.180400	0.194400	0.149500	0.120300	0.175400	0.155600	0.110500	0.101200	0.108800
1151652.9	0.175600	0.185500	0.165500	0.183300	0.194400	0.147000	0.117100	0.178800	0.153300	0.107500	0.099000	0.106600
1156817.3	0.180700	0.177300	0.139400	0.172000	0.200700	0.157600	0.126700	0.192900	0.161300	0.115900	0.107000	0.115200
1161981.7	0.175400	0.185000	0.161200	0.182400	0.194100	0.147500	0.118400	0.177800	0.154000	0.108400	0.100500	0.108000
1167146.0	0.177500	0.186000	0.157300	0.182100	0.193700	0.149600	0.118700	0.173300	0.155500	0.108100	0.099300	0.108200
1172310.4	0.185800	0.185800	0.144500	0.179900	0.208000	0.163000	0.127400	0.204100	0.166100	0.117400	0.106100	0.116400
1177474.8	0.183500	0.187300	0.154500	0.182200	0.201600	0.157500	0.123200	0.187800	0.163100	0.114300	0.104700	0.114100
1182639.1	0.179600	0.193800	0.173400	0.190400	0.194100	0.149700	0.117500	0.173800	0.157900	0.108200	0.099000	0.108300
1187803.5	0.176000	0.187600	0.168600	0.184900	0.189100	0.146100	0.117000	0.166500	0.158700	0.110000	0.100100	0.109300
1192967.8	0.181900	0.188700	0.157600	0.183800	0.200600	0.156000	0.123400	0.190100	0.162400	0.114200	0.105400	0.114600
1198132.2	0.181700	0.189700	0.164400	0.185500	0.197800	0.153600	0.118100	0.186500	0.160200	0.109000	0.099300	0.111300
1203296.6	0.178900	0.189000	0.161600	0.183600	0.193900	0.151100	0.117400	0.176500	0.159700	0.111000	0.101300	0.110700
1208460.9	0.182800	0.189500	0.161200	0.184100	0.198800	0.156100	0.122300	0.193100	0.161800	0.113200	0.104600	0.112900
1213625.3	0.168800	0.195100	0.196400	0.192700	0.180400	0.132800	0.101000	0.152400	0.147000	0.096900	0.087500	0.098800
1218789.7	0.183600	0.186900	0.149300	0.179700	0.204000	0.160700	0.122000	0.204100	0.161700	0.112300	0.102400	0.111800
1223954.0	0.176800	0.184800	0.160000	0.180100	0.191400	0.148400	0.114300	0.177200	0.154800	0.106100	0.096600	0.106500
1229118.4	0.174400	0.184900	0.161400	0.180000	0.188000	0.145100	0.113300	0.170000	0.154700	0.106200	0.097100	0.107300
1234282.7	0.175900	0.192500	0.178400	0.187200	0.187800	0.144600	0.114700	0.167400	0.154100	0.107300	0.098100	0.108500
1239447.1	0.194200	0.195200	0.157400	0.185900	0.206300	0.162700	0.125200	0.201500	0.166300	0.114300	0.103600	0.116300
1244611.5	0.192800	0.194500	0.161400	0.184400	0.200200	0.158900	0.127700	0.185400	0.166500	0.114400	0.104200	0.116800
1249775.8	0.194500	0.204300	0.178800	0.192600	0.199600	0.156200	0.126000	0.183700	0.162700	0.110500	0.100000	0.112800
1254940.2	0.200800	0.210500	0.185000	0.196300	0.201200	0.160600	0.131600	0.190200	0.165100	0.110400	0.099000	0.113400
1260104.6	0.201600	0.206800	0.169400	0.190500	0.204500	0.166100	0.140200	0.194000	0.171700	0.116900	0.105400	0.121200
1265268.9	0.215100	0.213700	0.165700	0.192700	0.223500	0.184600	0.154400	0.240700	0.181200	0.125300	0.114900	0.129200
1270433.3	0.200600	0.224600	0.204300	0.205200	0.198500	0.157800	0.137800	0.176000	0.167500	0.110400	0.099700	0.116200
1275597.6	0.218100	0.228700	0.182700	0.204500	0.220300	0.176900	0.150300	0.218300	0.181400	0.118600	0.106800	0.123700
1280762.0	0.217300	0.229900	0.189000	0.205800	0.216800	0.178300	0.156200	0.211500	0.180800	0.119500	0.107200	0.125600
1285926.4	0.218000	0.233100	0.195300	0.206300	0.214200	0.177300	0.157800	0.201700	0.182000	0.119400	0.106400	0.126600
1291090.7	0.222000	0.232800	0.186100	0.205200	0.216800	0.185500	0.169700	0.206400	0.187800	0.124700	0.113100	0.130800
1296255.1	0.230400	0.232900	0.178100	0.204300	0.220500	0.193700	0.180100	0.219200	0.192300	0.127900	0.115500	0.134200
1301419.5	0.235300	0.247900	0.203900	0.218300	0.219600	0.186600	0.170300	0.212700	0.188400	0.120200	0.107200	0.127700
1306583.8	0.243000	0.243900	0.185600	0.213000	0.226500	0.197900	0.184100	0.225900	0.197100	0.127200	0.114500	0.133700
1311748.2	0.245400	0.255800	0.204000	0.221700	0.222600	0.192700	0.180100	0.214200	0.193800	0.122100	0.108900	0.128800
1316912.5	0.246600	0.255100	0.197700	0.221700	0.225100	0.198500	0.190500	0.220600	0.197600	0.126200	0.114600	0.134800
1322076.9	0.256300	0.256700	0.186800	0.222700	0.235900	0.214300	0.207800	0.245300	0.208400	0.134600	0.122300	0.142300
1327241.3	0.245200	0.272000	0.226000	0.236100	0.216900	0.191400	0.186700	0.203300	0.194700	0.121800	0.108200	0.131700
1332405.6	0.252300	0.273000	0.218000	0.238500	0.227100	0.205400	0.194600	0.226200	0.202700	0.128200	0.113700	0.136100
1337570.0	0.253000	0.270200	0.215200	0.237400	0.227600	0.210200	0.202000	0.222900	0.204600	0.128900	0.118200	0.138900
1342734.4	0.248900	0.279600	0.246300	0.246100	0.218500	0.197200	0.189200	0.208800	0.197900	0.123700	0.109800	0.134500
1347898.7	0.263800	0.280300	0.220800	0.244100	0.232000	0.213600	0.202300	0.235800	0.208400	0.132500	0.115900	0.141900
1353063.1	0.263000	0.276700	0.218200	0.242300	0.226700	0.213400	0.203000	0.224800	0.208700	0.134600	0.120100	0.145500
1358227.4	0.255900	0.274600	0.221600	0.243000	0.220100	0.205800	0.195300	0.213000	0.202400	0.132900	0.118100	0.142400
1363391.8	0.261500	0.264600	0.196000	0.235400	0.233600	0.216500	0.198300	0.243000	0.208900	0.137000	0.122300	0.147500
1368556.2	0.252000	0.268800	0.219800	0.242100	0.222400	0.200400	0.178200	0.221700	0.198500	0.126900	0.111800	0.134200
1373720.5	0.246900	0.262000	0.214100	0.239200	0.220000	0.196400	0.172900	0.219500	0.196900	0.127800	0.112000	0.135300
1378884.9	0.241300	0.251700	0.198300	0.229600	0.218300	0.198000	0.174800	0.215800	0.197500	0.130300	0.115200	0.137300
1384049.3	0.243600	0.253500	0.206500	0.233500	0.224400	0.200000	0.169500	0.232400	0.197700	0.127700	0.114500	0.133800
1389213.6	0.236500	0.248500	0.202100	0.230600	0.218600	0.194500	0.164300	0.219400	0.193400	0.125900	0.111900	0.132400
1394378.0	0.229000	0.243100	0.198500	0.226100	0.211800	0.188200	0.161900	0.209500	0.190200	0.125600	0.112600	0.130800
1399542.3	0.220900	0.239100	0.209600	0.226400	0.203600	0.178300	0.152200	0.194200	0.181700	0.119800	0.108000	0.123900
1404706.7	0.214300	0.232500	0.199700	0.219300	0.199100	0.176400	0.153300	0.187700	0.183100	0.122800	0.110700	0.126700
1409871.1	0.217900	0.232000	0.194500	0.220500	0.206300	0.179700	0.151900	0.203400	0.184900	0.122200	0.109700	0.127500
1415035.4	0.219100	0.224300	0.179400	0.213400	0.208000	0.185500	0.157500	0.206900	0.187700	0.126800	0.113800	0.131000
1420199.8	0.209400	0.229400	0.200800	0.218700	0.198000	0.171000	0.144600	0.184300	0.179300	0.120300	0.107900	0.124300
1425364.2	0.210900	0.224600	0.191600	0.216100	0.202400	0.176600	0.146700	0.199100	0.180000	0.120500	0.109300	0.126500
1430528.5	0.213000	0.223900	0.188400	0.214900	0.206000	0.178400	0.146200	0.207300	0.182000	0.121300	0.108900	0.125700
1435692.9	0.204500	0.222600	0.194400	0.214100	0.198100	0.169300	0.137900	0.189800	0.174600	0.115700	0.104200	0.119200
1440857.2	0.200900	0.223100	0.205700	0.216500	0.192800	0.162200	0.131900	0.178800	0.170400	0.112100	0.101500	0.115700
1446021.6	0.203900	0.216500	0.187500	0.209900	0.199400	0.168500	0.135700	0.193200	0.174400	0.115600	0.103400	0.118900
1451186.0	0.205300	0.214600	0.180000	0.207100	0.203100	0.173200	0.140800	0.204700	0.175500	0.120400	0.108100	0.121500
1456350.3	0.196600	0.216600	0.196200	0.211700	0.193400	0.159200	0.128100	0.182100	0.169000	0.113000	0.101200	0.115400
1461514.7	0.195600	0.213000	0.184600	0.206400	0.194000	0.162400	0.131000	0.184900	0.169100	0.115300	0.102400	0.117200
1466679.1	0.203700	0.210400	0.173100	0.204400	0.204400	0.173600	0.137200	0.210500	0.176600	0.120400	0.107700	0.121800
1471843.4	0.191900	0.204800	0.180700	0.200500	0.189600	0.159100	0.129800	0.177500	0.167900	0.115100	0.103500	0.116000
1477007.8	0.188500	0.205100	0.182100	0.200000	0.187500	0.156400	0.127400	0.174600	0.165100	0.112400	0.101700	0.113000
1482172.1	0.193800	0.207800	0.182800	0.203300	0.196200	0.163800	0.128100	0.196000	0.167000	0.112400	0.102000	0.115400
1487336.5	0.201600	0.204700	0.167300	0.200300	0.206100	0.172700	0.131600	0.215600	0.173400	0.117300	0.104600	0.118600
1492500.9	0.184400	0.207100	0.199000	0.204400	0.184100	0.148800	0.117500	0.165400	0.158900	0.106200	0.095000	0.107900
1497665.2	0.196300	0.194400	0.154400	0.189400	0.202400	0.176200	0.144600	0.213300	0.174300	0.125700	0.114000	0.126200
1502829.6	0.189600	0.209400	0.199100	0.207100	0.189700	0.153200	0.118300	0.176700	0.162600	0.106400	0.094600	0.109400
1507994.0	0.184800	0.206500	0.192900	0.204500	0.188800	0.151900	0.118900	0.176600	0.161100	0.107400	0.096600	0.109600
1513158.3	0.193200	0.201800	0.168000	0.196800	0.200000	0.168800	0.135200	0.205700	0.170800	0.120000	0.108400	0.120400
1518322.7	0.188800	0.209600	0.196700	0.206600	0.192300	0.154600	0.121000	0.184900	0.163000	0.109700	0.098500	0.111900
1523487.0	0.182800	0.200900	0.183700	0.197800	0.186800	0.153300	0.120200	0.175600	0.161700	0.110000	0.099800	0.110600
1528651.4	0.182200	0.197200	0.177200	0.194700	0.188400	0.153300	0.120600	0.177600	0.161000	0.111200	0.100600	0.111600
