VERSION	1200
Time[MSec.]	Ratio	Ratio	Ratio	Ratio	Ratio	Ratio	Ratio	Ratio	Ratio	Ratio
%.1f	%.4f	%.4f	%.4f	%.4f	%.4f	%.4f	%.4f	%.4f	%.4f	%.4f
Time	ROI(1-1)	ROI(1-2)	ROI(1-3)	ROI(1-4)	ROI(1-5)	ROI(1-6)	ROI(1-7)	ROI(1-8)	ROI(1-9)	ROI(1-10)
GraphNo	1	2	3	4	5	6	7	8	9	10
0.0	0.174800	0.188800	0.186700	0.177000	0.066400	0.089800	0.228000	0.179200	0.112800	0.130500
5164.4	0.174700	0.188400	0.183800	0.176900	0.066700	0.090800	0.227000	0.179200	0.113400	0.131100
10328.7	0.176300	0.186500	0.182400	0.176100	0.072400	0.095800	0.225400	0.179600	0.117100	0.132900
15493.1	0.175600	0.185500	0.177800	0.175300	0.075500	0.098900	0.222700	0.177800	0.116300	0.132400
20657.5	0.174500	0.188600	0.183400	0.177800	0.069100	0.093400	0.226600	0.179100	0.115100	0.132400
25821.8	0.176900	0.186800	0.180300	0.175900	0.071200	0.095800	0.223000	0.177700	0.115600	0.132700
30986.2	0.174700	0.186300	0.181200	0.176200	0.066000	0.089700	0.223600	0.178400	0.112500	0.131100
36150.6	0.173400	0.189500	0.185600	0.175900	0.067700	0.091200	0.224900	0.178800	0.113400	0.130100
41314.9	0.175700	0.185800	0.173900	0.176900	0.075900	0.100100	0.221400	0.177600	0.118900	0.133700
46479.3	0.171900	0.190200	0.184800	0.175700	0.062700	0.086700	0.224800	0.179400	0.110500	0.128000
51643.7	0.175900	0.185500	0.176000	0.174300	0.070600	0.095700	0.221100	0.177300	0.116600	0.132300
56808.0	0.173500	0.187600	0.178000	0.175900	0.068600	0.092500	0.222900	0.178800	0.115000	0.131300
61972.4	0.177100	0.185600	0.172700	0.173900	0.078000	0.102100	0.219100	0.178100	0.119400	0.132900
67136.8	0.170900	0.185600	0.176300	0.175800	0.066600	0.091000	0.222200	0.177600	0.113600	0.131100
72301.1	0.168500	0.192000	0.188000	0.176500	0.064100	0.087400	0.225400	0.177500	0.110400	0.129900
77465.5	0.172500	0.185100	0.177700	0.173200	0.069800	0.093800	0.219800	0.176800	0.113700	0.131300
82629.9	0.195500	0.256500	0.181400	0.183100	0.075800	0.152000	0.226500	0.188900	0.120300	0.140500
87794.2	0.394200	0.318300	0.205300	0.279600	0.128000	0.220600	0.289200	0.277700	0.167200	0.150600
92958.6	0.395700	0.335900	0.225500	0.296100	0.141500	0.204900	0.302100	0.281000	0.165600	0.147700
98123.0	0.405900	0.355500	0.238300	0.302000	0.135000	0.192600	0.309800	0.281900	0.162200	0.147700
103287.3	0.408100	0.366800	0.237600	0.310800	0.138500	0.191200	0.313500	0.284800	0.165200	0.150800
108451.7	0.414000	0.379900	0.233800	0.320500	0.142800	0.196100	0.313700	0.286100	0.169500	0.155300
113616.1	0.414200	0.395700	0.240400	0.328800	0.160800	0.211400	0.317000	0.289600	0.176000	0.163700
118780.4	0.434200	0.398300	0.231900	0.330600	0.182300	0.234300	0.309900	0.293700	0.184000	0.172100
123944.8	0.425800	0.414100	0.239500	0.337500	0.156100	0.208000	0.319600	0.299300	0.179900	0.176600
129109.2	0.434200	0.418800	0.236700	0.340700	0.169700	0.217500	0.319400	0.300000	0.187400	0.185800
134273.5	0.429700	0.428800	0.241500	0.345200	0.159700	0.208800	0.322500	0.302400	0.183800	0.189200
139437.9	0.428400	0.423300	0.237400	0.341900	0.175200	0.223800	0.319000	0.302000	0.190500	0.195800
144602.2	0.425700	0.435300	0.247600	0.348300	0.151700	0.205200	0.327900	0.305800	0.186600	0.198000
149766.6	0.403800	0.436500	0.250900	0.347400	0.149500	0.205700	0.329200	0.306200	0.187200	0.204400
154931.0	0.380100	0.426400	0.240300	0.350200	0.165100	0.222900	0.324800	0.305500	0.200600	0.226100
160095.3	0.344400	0.427000	0.246700	0.352400	0.146200	0.207400	0.329700	0.309700	0.200700	0.237300
165259.7	0.327100	0.420800	0.238500	0.345600	0.154700	0.223800	0.323600	0.312100	0.206400	0.241500
170424.1	0.307500	0.433300	0.247100	0.350300	0.141800	0.216700	0.326500	0.315900	0.199600	0.226700
175588.4	0.299300	0.424100	0.242000	0.342000	0.138600	0.225100	0.319800	0.316500	0.202200	0.224300
180752.8	0.285800	0.430700	0.247500	0.337800	0.132300	0.224400	0.322100	0.318800	0.199800	0.217000
185917.2	0.274600	0.432400	0.247400	0.325400	0.128700	0.226200	0.323400	0.319700	0.199800	0.212300
191081.5	0.262000	0.438800	0.246800	0.314400	0.130100	0.238200	0.320600	0.322300	0.207100	0.222700
196245.9	0.251600	0.448300	0.249200	0.310500	0.117600	0.233500	0.327400	0.325000	0.214700	0.236500
201410.3	0.241400	0.445800	0.249100	0.289200	0.113700	0.238800	0.324000	0.324500	0.217300	0.247100
206574.6	0.228400	0.446800	0.249000	0.278100	0.102400	0.228600	0.326600	0.332000	0.216400	0.257500
211739.0	0.221700	0.436900	0.247100	0.267700	0.102300	0.237600	0.324900	0.342300	0.219100	0.251800
216903.3	0.214600	0.419200	0.240300	0.260800	0.110200	0.265800	0.323400	0.353800	0.226400	0.245600
222067.7	0.206800	0.407600	0.240300	0.254000	0.112500	0.279600	0.322200	0.356200	0.222200	0.228100
227232.1	0.197800	0.403600	0.252600	0.253200	0.090700	0.244300	0.329000	0.360400	0.204600	0.204300
232396.4	0.194900	0.395900	0.254000	0.247100	0.093300	0.257200	0.329000	0.356800	0.202900	0.191800
237560.8	0.188800	0.388100	0.258100	0.244200	0.082900	0.242000	0.333100	0.353400	0.192500	0.177100
242725.2	0.184200	0.381200	0.257000	0.239000	0.085400	0.254300	0.333300	0.343700	0.194600	0.167500
247889.5	0.181900	0.370500	0.256500	0.233400	0.080000	0.250000	0.329500	0.327200	0.189800	0.158300
253053.9	0.181700	0.363600	0.258100	0.227400	0.081600	0.257800	0.328900	0.312600	0.186800	0.151800
258218.3	0.178800	0.354000	0.255900	0.222100	0.077900	0.255500	0.326800	0.300900	0.190400	0.148600
263382.6	0.180700	0.336400	0.247500	0.213200	0.085000	0.274300	0.317700	0.286600	0.192800	0.146800
268547.0	0.176300	0.331800	0.255000	0.211000	0.075400	0.247900	0.314300	0.278100	0.185200	0.142700
273711.4	0.173800	0.326300	0.255700	0.204800	0.071400	0.231900	0.305100	0.264000	0.176500	0.137400
278875.7	0.177400	0.308300	0.235600	0.200300	0.077300	0.246200	0.291000	0.257200	0.183500	0.141600
284040.1	0.177100	0.298700	0.229000	0.197200	0.078800	0.250400	0.284100	0.249700	0.183700	0.140600
289204.4	0.177000	0.293700	0.222000	0.193100	0.086600	0.270400	0.276700	0.241500	0.186900	0.140900
294368.8	0.172000	0.288000	0.216900	0.192600	0.074000	0.229500	0.278300	0.237500	0.178200	0.138800
299533.2	0.171000	0.276700	0.210800	0.188000	0.081400	0.239500	0.270700	0.231100	0.179100	0.137700
304697.5	0.172300	0.272400	0.205100	0.188400	0.082600	0.237700	0.267600	0.228100	0.177900	0.139100
309861.9	0.171700	0.267600	0.201100	0.185900	0.075900	0.216200	0.266000	0.224800	0.172700	0.137500
315026.3	0.170000	0.262800	0.198900	0.185800	0.077200	0.209500	0.265100	0.220600	0.169400	0.138200
320190.6	0.168100	0.258400	0.200100	0.184500	0.074400	0.195400	0.261800	0.216400	0.164500	0.136000
325355.0	0.170100	0.254000	0.195900	0.184400	0.076400	0.194700	0.258500	0.211700	0.162800	0.136200
330519.4	0.167300	0.249400	0.194100	0.182700	0.075100	0.185500	0.257100	0.209100	0.158900	0.135200
335683.7	0.168400	0.245100	0.191200	0.182100	0.076400	0.181700	0.254000	0.204600	0.158400	0.135500
340848.1	0.168600	0.240300	0.188100	0.180500	0.074800	0.173700	0.250000	0.203900	0.155200	0.136400
346012.5	0.169000	0.235500	0.186700	0.179300	0.079000	0.175400	0.245400	0.200500	0.152600	0.135200
351176.8	0.168900	0.232700	0.185400	0.179200	0.076300	0.165000	0.245300	0.198500	0.150000	0.134000
356341.2	0.166500	0.230900	0.187200	0.179300	0.074400	0.157100	0.245300	0.197600	0.146300	0.133100
361505.5	0.167800	0.227000	0.183000	0.179800	0.077000	0.154600	0.241800	0.196000	0.143800	0.132600
366669.9	0.169600	0.221800	0.179000	0.177000	0.075300	0.149000	0.239300	0.193200	0.141800	0.132700
371834.3	0.169100	0.223400	0.182100	0.178400	0.072200	0.142300	0.239600	0.193400	0.139300	0.132200
376998.6	0.166200	0.223500	0.187000	0.179300	0.071300	0.136200	0.241000	0.192000	0.134800	0.130200
382163.0	0.167000	0.225500	0.190200	0.180600	0.067200	0.124900	0.241100	0.192400	0.129900	0.128000
387327.4	0.169800	0.211900	0.171600	0.176800	0.081900	0.143600	0.232400	0.188200	0.138600	0.133900
392491.7	0.167400	0.216200	0.177500	0.177800	0.072600	0.127600	0.234500	0.187800	0.130500	0.131600
397656.1	0.164600	0.218400	0.185400	0.179600	0.068600	0.119800	0.235900	0.188900	0.126300	0.129100
402820.5	0.169300	0.211300	0.176000	0.178700	0.077700	0.127200	0.230900	0.186700	0.131000	0.133100
407984.8	0.169900	0.206600	0.171000	0.176600	0.075800	0.124200	0.226800	0.184700	0.129800	0.132100
413149.2	0.165700	0.208400	0.174800	0.177000	0.074900	0.120200	0.228600	0.183900	0.128300	0.132100
418313.5	0.168200	0.203700	0.170700	0.175000	0.076700	0.119600	0.225000	0.182000	0.127900	0.132400
423477.9	0.169200	0.206900	0.175000	0.175700	0.075600	0.116800	0.225100	0.181700	0.124500	0.130600
428642.3	0.169500	0.204500	0.174500	0.175500	0.075800	0.115000	0.223500	0.181500	0.125800	0.131900
433806.6	0.168200	0.204500	0.176600	0.175200	0.072300	0.109500	0.222900	0.180700	0.120800	0.129100
438971.0	0.165500	0.202500	0.173800	0.174300	0.068200	0.105300	0.221200	0.180000	0.118800	0.129000
444135.4	0.167100	0.200200	0.172800	0.173700	0.071200	0.105700	0.219900	0.178900	0.118000	0.128800
449299.8	0.166300	0.197000	0.172500	0.173000	0.072100	0.106800	0.217600	0.178000	0.118000	0.128400
454464.1	0.168500	0.195800	0.169200	0.173500	0.071700	0.106100	0.216500	0.178800	0.118700	0.130100
459628.5	0.164300	0.195200	0.172600	0.172700	0.069200	0.101500	0.216100	0.177600	0.116000	0.128900
464792.8	0.164800	0.193100	0.167300	0.172100	0.070900	0.101300	0.214300	0.176600	0.117100	0.129800
469957.2	0.164800	0.193600	0.168600	0.172000	0.076400	0.106400	0.212800	0.175500	0.117100	0.129300
475121.6	0.163200	0.198200	0.176500	0.172000	0.070400	0.098800	0.214900	0.176900	0.112500	0.126700
480285.9	0.167600	0.189400	0.166100	0.170100	0.077700	0.105500	0.209600	0.175400	0.118800	0.130100
485450.3	0.167200	0.193400	0.172000	0.173900	0.075400	0.103400	0.213000	0.176900	0.117500	0.129800
490614.6	0.169000	0.187900	0.166200	0.170800	0.080100	0.107700	0.207900	0.175600	0.119200	0.131200
495779.0	0.166800	0.189800	0.169700	0.171600	0.071600	0.097100	0.210500	0.175200	0.115900	0.129200
500943.4	0.166700	0.191100	0.171300	0.172900	0.070000	0.095800	0.210900	0.175600	0.114300	0.128900
506107.7	0.169200	0.189800	0.168700	0.173000	0.072500	0.098400	0.208700	0.175000	0.116700	0.131700
511272.1	0.166400	0.188900	0.169700	0.171400	0.072300	0.097200	0.208200	0.174300	0.115800	0.131000
516436.5	0.164000	0.190800	0.175800	0.174500	0.068200	0.092700	0.211000	0.175200	0.111900	0.129100
521600.8	0.166900	0.191700	0.175800	0.174600	0.069500	0.094100	0.208800	0.174900	0.112300	0.129600
526765.2	0.167400	0.184500	0.168500	0.171600	0.077200	0.100600	0.204800	0.173100	0.117500	0.131700
531929.5	0.168700	0.184300	0.166000	0.172900	0.078700	0.101100	0.203700	0.173500	0.118600	0.135300
537093.9	0.167900	0.183300	0.166600	0.171700	0.073100	0.096100	0.203100	0.173600	0.115000	0.132200
542258.3	0.165900	0.191200	0.177700	0.176500	0.070900	0.093500	0.209300	0.174200	0.113900	0.131500
547422.6	0.170700	0.189700	0.173200	0.176800	0.071300	0.094300	0.207600	0.175600	0.115200	0.134100
552587.0	0.170300	0.192000	0.179300	0.179800	0.072900	0.094200	0.209400	0.175800	0.115800	0.133600
557751.4	0.169600	0.189400	0.175600	0.177500	0.070600	0.091800	0.208300	0.175200	0.115500	0.133900
562915.7	0.170100	0.186800	0.174600	0.176200	0.076500	0.096200	0.205400	0.174300	0.117900	0.134800
568080.1	0.173600	0.186500	0.172100	0.177900	0.081100	0.101200	0.204100	0.175700	0.121600	0.137400
573244.5	0.174300	0.184400	0.170100	0.175600	0.082400	0.103000	0.203900	0.174700	0.121200	0.136500
578408.8	0.172000	0.187300	0.177400	0.178300	0.072100	0.092600	0.206700	0.175400	0.115600	0.133600
583573.2	0.172500	0.190100	0.180500	0.179900	0.070500	0.091100	0.207900	0.176000	0.114900	0.133400
588737.5	0.173000	0.187000	0.176800	0.178000	0.073100	0.092800	0.207900	0.175500	0.116700	0.133600
593901.9	0.172100	0.190100	0.179100	0.180100	0.070900	0.090700	0.208100	0.175800	0.115300	0.133200
599066.3	0.172800	0.184200	0.173300	0.177200	0.076000	0.095500	0.204600	0.175200	0.118100	0.134700
604230.6	0.172500	0.189000	0.180000	0.180900	0.072300	0.092200	0.208700	0.176300	0.116300	0.134400
609395.0	0.174500	0.188100	0.179500	0.180200	0.073700	0.091200	0.206600	0.176600	0.116500	0.134800
614559.4	0.174400	0.188100	0.178400	0.179700	0.078100	0.096700	0.204700	0.175200	0.117300	0.134700
619723.7	0.172200	0.187600	0.179900	0.180300	0.071400	0.089400	0.206900	0.176300	0.114900	0.133600
624888.1	0.176400	0.184900	0.175600	0.178100	0.079200	0.096300	0.204300	0.175800	0.116200	0.134100
630052.5	0.175000	0.186600	0.180300	0.178800	0.073600	0.089700	0.205300	0.176300	0.113300	0.132600
635216.8	0.175500	0.185900	0.175400	0.178100	0.078800	0.093900	0.204500	0.176000	0.115400	0.133000
640381.2	0.179900	0.182200	0.170500	0.177100	0.082100	0.097400	0.202500	0.176300	0.118000	0.135200
645545.5	0.179200	0.185300	0.176200	0.180400	0.078000	0.092300	0.205400	0.177900	0.116000	0.134800
650709.9	0.178000	0.185600	0.175400	0.177600	0.079600	0.094500	0.204100	0.177400	0.117100	0.134300
655874.3	0.178900	0.186100	0.174200	0.177500	0.079600	0.094500	0.202900	0.179300	0.116200	0.134400
661038.6	0.176000	0.183900	0.174200	0.175700	0.079600	0.093600	0.202800	0.178400	0.115000	0.133400
666203.0	0.176500	0.182000	0.167900	0.175700	0.088700	0.100200	0.201000	0.178100	0.120300	0.137500
671367.4	0.177800	0.183200	0.170200	0.175200	0.087200	0.098300	0.202000	0.179600	0.117800	0.136500
676531.7	0.174500	0.187800	0.176600	0.177900	0.083000	0.093500	0.204600	0.180400	0.115600	0.137100
681696.1	0.171100	0.188500	0.180700	0.176700	0.072900	0.084800	0.205900	0.179100	0.110800	0.135800
686860.4	0.175300	0.185800	0.173000	0.176300	0.087900	0.098500	0.201900	0.178700	0.118800	0.142200
692024.8	0.172700	0.188500	0.177700	0.175400	0.079900	0.090900	0.203900	0.180600	0.115400	0.140000
697189.2	0.172900	0.184200	0.170900	0.174500	0.086500	0.095000	0.201500	0.179000	0.117500	0.140400
702353.5	0.174400	0.182600	0.168700	0.173700	0.096600	0.102700	0.199200	0.178900	0.121300	0.140900
707517.9	0.168900	0.184000	0.173600	0.173700	0.083600	0.091300	0.203800	0.180800	0.115600	0.136900
712682.3	0.167700	0.186800	0.176600	0.174800	0.082000	0.089900	0.205000	0.179900	0.112500	0.134600
717846.6	0.170100	0.183100	0.170500	0.174600	0.083600	0.091900	0.203100	0.180300	0.115600	0.137400
723011.0	0.173700	0.183600	0.169700	0.174100	0.096700	0.103200	0.201100	0.179800	0.119000	0.138800
728175.4	0.171000	0.184400	0.172500	0.174800	0.083700	0.091100	0.203800	0.180700	0.113000	0.136000
733339.7	0.170200	0.186300	0.175500	0.176500	0.083500	0.091000	0.204500	0.180800	0.114700	0.137700
738504.1	0.169100	0.182100	0.169700	0.173700	0.084400	0.092100	0.203500	0.179900	0.115800	0.137100
743668.4	0.168500	0.182300	0.169600	0.172500	0.089300	0.094900	0.202000	0.181300	0.115800	0.137900
748832.8	0.167800	0.182300	0.169700	0.173900	0.083200	0.090800	0.202700	0.180700	0.115800	0.136600
753997.2	0.166200	0.182700	0.168600	0.172500	0.090100	0.096100	0.200300	0.180700	0.117000	0.136800
759161.5	0.168500	0.184200	0.171600	0.174200	0.081000	0.088300	0.204100	0.180600	0.111900	0.134800
764325.9	0.168300	0.183400	0.168900	0.175100	0.085300	0.093400	0.202600	0.181000	0.115400	0.137400
769490.3	0.168600	0.184100	0.169400	0.174000	0.081900	0.092800	0.202700	0.180500	0.115400	0.138800
774654.6	0.168700	0.183900	0.168500	0.175200	0.090800	0.098000	0.203400	0.180900	0.118600	0.140400
779819.0	0.170700	0.188300	0.175200	0.177400	0.087700	0.096100	0.204200	0.182300	0.116400	0.139100
784983.4	0.167700	0.185300	0.170300	0.175600	0.084500	0.093500	0.202500	0.181600	0.116100	0.138900
790147.7	0.168000	0.186400	0.171800	0.177900	0.090900	0.097700	0.203900	0.182400	0.117500	0.140000
795312.1	0.167600	0.189500	0.178100	0.178400	0.088000	0.093000	0.205600	0.182400	0.114100	0.138100
800476.4	0.173300	0.187500	0.170100	0.177200	0.098100	0.102000	0.202100	0.181300	0.119400	0.142600
805640.8	0.170400	0.191400	0.173700	0.178100	0.084800	0.092000	0.203500	0.182800	0.115900	0.140800
810805.2	0.172900	0.191300	0.172200	0.176700	0.090800	0.096000	0.203600	0.182900	0.117400	0.142500
815969.5	0.168500	0.191300	0.173400	0.176000	0.086000	0.092000	0.204100	0.181800	0.114900	0.140000
821133.9	0.172300	0.186600	0.163400	0.173600	0.105800	0.107500	0.199100	0.181500	0.123500	0.145700
826298.3	0.167300	0.190100	0.169900	0.173700	0.094500	0.095100	0.201700	0.181200	0.116800	0.142100
831462.6	0.166100	0.188800	0.170100	0.175200	0.099200	0.095400	0.202500	0.181200	0.117200	0.142400
836627.0	0.166500	0.190200	0.167400	0.173000	0.104400	0.096500	0.201500	0.181700	0.117100	0.143000
841791.4	0.167800	0.188300	0.164800	0.171000	0.111300	0.099600	0.200200	0.181200	0.118900	0.144100
846955.7	0.166200	0.193200	0.168300	0.173700	0.111400	0.096200	0.201400	0.181600	0.115200	0.142800
852120.1	0.166700	0.194200	0.166500	0.172900	0.120900	0.098600	0.198900	0.181800	0.118400	0.144100
857284.4	0.165200	0.196700	0.171600	0.173000	0.116400	0.090500	0.201600	0.180900	0.114200	0.141900
862448.8	0.164200	0.200900	0.175500	0.172800	0.122900	0.091700	0.204600	0.180800	0.110800	0.139400
867613.2	0.166500	0.194800	0.166400	0.171800	0.136800	0.100100	0.199000	0.180600	0.119400	0.144700
872777.5	0.163100	0.200600	0.176000	0.172700	0.123400	0.090100	0.204000	0.180900	0.112500	0.140900
877941.9	0.167700	0.195900	0.164800	0.170100	0.146100	0.104300	0.199300	0.180000	0.121200	0.147300
883106.3	0.163700	0.199000	0.171800	0.170300	0.117900	0.090400	0.201700	0.180200	0.114200	0.139800
888270.6	0.164100	0.196100	0.167100	0.170400	0.120500	0.094400	0.199700	0.179700	0.117400	0.143700
893435.0	0.161500	0.206600	0.174800	0.171000	0.116400	0.094100	0.201900	0.181300	0.113300	0.141400
898599.3	0.163300	0.202700	0.169500	0.168700	0.118100	0.096600	0.199900	0.178500	0.115500	0.141900
903763.7	0.160400	0.209500	0.177100	0.172500	0.101500	0.089100	0.204600	0.180500	0.113000	0.139000
908928.1	0.160800	0.206500	0.173300	0.171600	0.099500	0.090900	0.203000	0.180000	0.112700	0.138500
914092.4	0.162300	0.202300	0.167300	0.169600	0.103700	0.096600	0.199800	0.179100	0.116100	0.141400
919256.8	0.161700	0.197900	0.168100	0.170700	0.107800	0.100200	0.199300	0.179400	0.117900	0.142700
924421.2	0.163100	0.197100	0.167500	0.171400	0.099200	0.097400	0.199900	0.179600	0.117300	0.142400
929585.5	0.157500	0.201500	0.174500	0.171000	0.087800	0.090500	0.203100	0.180100	0.112200	0.139700
934749.9	0.159900	0.196200	0.169000	0.168500	0.095900	0.098100	0.200900	0.178800	0.116500	0.140900
939914.3	0.160400	0.193800	0.168900	0.169600	0.088200	0.094500	0.202100	0.179100	0.116500	0.142200
945078.6	0.164600	0.191400	0.165400	0.170000	0.096200	0.101600	0.200300	0.179100	0.120100	0.143700
950243.0	0.161600	0.193800	0.171700	0.171300	0.082200	0.093200	0.202600	0.179700	0.114800	0.141000
955407.3	0.159900	0.194700	0.176800	0.172000	0.078600	0.090400	0.204600	0.179300	0.112300	0.138800
960571.7	0.158200	0.193300	0.172700	0.171000	0.079900	0.092200	0.203400	0.180000	0.114000	0.139600
965736.1	0.159800	0.194800	0.176000	0.171600	0.079700	0.093200	0.204800	0.179000	0.114200	0.139300
970900.4	0.161400	0.196800	0.179100	0.174100	0.074500	0.090900	0.206000	0.180000	0.114900	0.141000
976064.8	0.164000	0.192900	0.175700	0.175200	0.079000	0.095100	0.205800	0.180000	0.118100	0.145900
981229.2	0.164600	0.192000	0.175600	0.173600	0.086300	0.103000	0.203300	0.179300	0.120600	0.149700
986393.5	0.165800	0.192200	0.173200	0.173500	0.080300	0.097400	0.205300	0.179900	0.120500	0.150600
991557.9	0.162500	0.197400	0.181700	0.177400	0.069600	0.088600	0.207900	0.179900	0.114600	0.147200
996722.2	0.165000	0.197600	0.180700	0.178300	0.075800	0.094600	0.208400	0.180900	0.117800	0.149600
1001886.6	0.168500	0.191200	0.173600	0.175000	0.082600	0.103100	0.202800	0.178400	0.121600	0.151300
1007051.0	0.169100	0.194100	0.176000	0.177400	0.078600	0.099600	0.203900	0.180000	0.120400	0.150700
1012215.3	0.168100	0.193300	0.175700	0.176500	0.079700	0.099300	0.204100	0.180200	0.118600	0.149000
1017379.7	0.169300	0.192300	0.173200	0.177200	0.076600	0.097600	0.204400	0.180700	0.119800	0.149600
1022544.1	0.168300	0.195300	0.176700	0.178100	0.077800	0.097200	0.206300	0.181400	0.119000	0.148900
