VERSION	1200
Time[MSec.]	Ratio	Ratio	Ratio	Ratio	Ratio	Ratio	Ratio	Ratio	Ratio	Ratio	Ratio	Ratio	Ratio	Ratio	Ratio	Ratio	Ratio	Ratio	Ratio	Ratio	Ratio
%.1f	%.4f	%.4f	%.4f	%.4f	%.4f	%.4f	%.4f	%.4f	%.4f	%.4f	%.4f	%.4f	%.4f	%.4f	%.4f	%.4f	%.4f	%.4f	%.4f	%.4f	%.4f
Time	ROI(1-1)	ROI(1-2)	ROI(1-3)	ROI(1-4)	ROI(1-5)	ROI(1-6)	ROI(1-7)	ROI(1-8)	ROI(1-9)	ROI(1-10)	ROI(1-11)	ROI(1-12)	ROI(1-13)	ROI(1-14)	ROI(1-15)	ROI(1-16)	ROI(1-17)	ROI(1-18)	ROI(1-19)	ROI(1-20)	ROI(1-21)
GraphNo	1	2	3	4	5	6	7	8	9	10	11	12	13	14	15	16	17	18	19	20	21
0.0	0.168200	0.157500	0.167300	0.161700	0.179600	0.194600	0.200200	0.181900	0.093200	0.000000	0.240000	0.208600	0.178400	0.161000	0.169000	0.157800	0.154400	0.163700	0.076000	0.101400	0.159300
5095.5	0.172800	0.161800	0.174900	0.164800	0.181100	0.194200	0.204900	0.186300	0.087300	0.000000	0.240500	0.215900	0.184700	0.155700	0.161100	0.151200	0.151400	0.159700	0.071800	0.095300	0.157900
10191.0	0.168700	0.157500	0.169100	0.160700	0.179100	0.195100	0.199400	0.180900	0.089600	0.000000	0.240700	0.209300	0.179800	0.157600	0.164400	0.156000	0.154900	0.160400	0.079800	0.098300	0.159400
15286.5	0.172500	0.162100	0.177300	0.164900	0.185400	0.195700	0.205500	0.186300	0.085600	0.000000	0.243600	0.217100	0.185500	0.156300	0.160700	0.151100	0.152100	0.159800	0.075200	0.093900	0.159200
20382.0	0.171900	0.143500	0.180600	0.169600	0.176700	0.197000	0.209200	0.188900	0.087400	0.000000	0.246400	0.223600	0.188000	0.158300	0.163900	0.152100	0.149400	0.161700	0.000000	0.096100	0.161100
25477.5	0.179100	0.169400	0.187700	0.171100	0.189100	0.202500	0.215700	0.195400	0.085100	0.000000	0.243700	0.230000	0.195800	0.155400	0.160200	0.150900	0.151700	0.160100	0.000000	0.092400	0.158600
30573.0	0.175700	0.166100	0.181900	0.169900	0.189100	0.201300	0.210400	0.192100	0.089100	0.000000	0.242700	0.228200	0.191400	0.156900	0.162900	0.153700	0.153700	0.160500	0.079200	0.096500	0.159000
35668.5	0.178400	0.167700	0.176800	0.168300	0.186800	0.201300	0.208800	0.187700	0.091900	0.000000	0.243800	0.222300	0.186900	0.161400	0.168900	0.156200	0.153800	0.163600	0.075600	0.098700	0.160600
40764.0	0.171200	0.159400	0.171500	0.165500	0.185200	0.199100	0.202400	0.182100	0.097100	0.000000	0.243300	0.216800	0.180100	0.165800	0.173700	0.162500	0.161800	0.166200	0.081000	0.104200	0.162100
45859.5	0.174000	0.163000	0.174600	0.166300	0.186400	0.199600	0.205900	0.185100	0.096000	0.000000	0.243200	0.223400	0.183700	0.164300	0.173700	0.160000	0.158500	0.164600	0.081000	0.102200	0.160900
50955.0	0.173100	0.163000	0.176400	0.166400	0.185700	0.200300	0.206600	0.186900	0.089200	0.000000	0.245300	0.226600	0.184900	0.162900	0.172900	0.157200	0.154800	0.164300	0.081300	0.097400	0.160400
56050.5	0.174000	0.163200	0.179200	0.167900	0.189900	0.202300	0.206800	0.187500	0.089400	0.000000	0.244200	0.228600	0.187900	0.161800	0.170900	0.157600	0.156200	0.163800	0.083700	0.098500	0.161100
61146.1	0.173900	0.162300	0.174800	0.165800	0.186200	0.200400	0.209500	0.184900	0.092900	0.000000	0.245400	0.220600	0.183300	0.163000	0.171900	0.157100	0.157300	0.164000	0.089300	0.101500	0.161100
66241.6	0.168400	0.157700	0.168100	0.162400	0.182600	0.196600	0.204700	0.179400	0.098700	0.000000	0.243100	0.212000	0.177800	0.165900	0.176800	0.159000	0.157600	0.165900	0.092100	0.104800	0.161400
71337.1	0.176000	0.164300	0.179600	0.167300	0.185800	0.200800	0.209100	0.188200	0.086400	0.000000	0.245900	0.225600	0.187500	0.160200	0.168700	0.152000	0.148600	0.163400	0.084900	0.093800	0.159700
76432.6	0.174800	0.165400	0.177900	0.166200	0.186200	0.201200	0.205600	0.188100	0.091300	0.000000	0.244300	0.220600	0.186600	0.161100	0.171100	0.153200	0.153500	0.165100	0.082900	0.099100	0.160100
81528.1	0.171400	0.161200	0.174400	0.167200	0.186300	0.200100	0.201500	0.185600	0.091300	0.000000	0.245000	0.213900	0.183800	0.163600	0.175400	0.157000	0.157600	0.167400	0.080700	0.099100	0.160200
86623.6	0.170800	0.160800	0.171200	0.164800	0.186900	0.200400	0.199900	0.183800	0.095700	0.000000	0.245000	0.208900	0.181600	0.164500	0.174900	0.159000	0.157700	0.167400	0.083200	0.102600	0.160600
91719.1	0.177200	0.167900	0.182100	0.170000	0.189400	0.203300	0.207400	0.192400	0.088800	0.000000	0.248100	0.218700	0.190700	0.160700	0.168600	0.155400	0.154200	0.165900	0.080300	0.095500	0.160300
96814.6	0.178200	0.168000	0.181600	0.168800	0.190200	0.203200	0.207400	0.192400	0.084000	0.000000	0.247500	0.216400	0.191300	0.155800	0.162900	0.149800	0.151600	0.161600	0.000000	0.094100	0.158500
101910.1	0.169700	0.159500	0.171300	0.165000	0.185300	0.201100	0.199100	0.185400	0.094300	0.000000	0.245600	0.202700	0.182100	0.163900	0.173000	0.158000	0.156200	0.166500	0.082400	0.101400	0.160700
107005.6	0.173700	0.164200	0.174600	0.166500	0.186400	0.200200	0.200900	0.187600	0.092400	0.000000	0.248100	0.208300	0.184900	0.163300	0.171700	0.156400	0.155900	0.167200	0.082200	0.098900	0.160700
112101.1	0.168900	0.160600	0.171300	0.166100	0.183600	0.198900	0.195300	0.185100	0.093500	0.000000	0.245900	0.205100	0.181900	0.162600	0.171600	0.156100	0.156200	0.165700	0.079100	0.100800	0.160600
117196.6	0.172800	0.163900	0.176300	0.167300	0.186800	0.201300	0.202800	0.189300	0.092400	0.000000	0.246800	0.210700	0.186100	0.160300	0.169900	0.155500	0.155500	0.163500	0.075900	0.099100	0.160500
122292.1	0.176400	0.167100	0.180300	0.168600	0.188000	0.203100	0.212000	0.191800	0.089800	0.000000	0.247800	0.212000	0.189400	0.159900	0.168300	0.152300	0.152700	0.163200	0.071700	0.096300	0.160900
127387.6	0.169600	0.160300	0.170400	0.164400	0.184400	0.199700	0.206100	0.184200	0.095300	0.000000	0.245300	0.201300	0.180600	0.164200	0.173400	0.159600	0.156900	0.165800	0.079100	0.101700	0.160700
132483.1	0.174400	0.166400	0.178900	0.165900	0.188500	0.201900	0.207600	0.189900	0.090200	0.000000	0.246800	0.211100	0.186400	0.161600	0.169300	0.154600	0.154500	0.163500	0.070400	0.096600	0.160700
137578.6	0.173200	0.164400	0.178300	0.166100	0.188400	0.200600	0.202200	0.189900	0.092400	0.000000	0.246900	0.214400	0.186700	0.161000	0.169100	0.155300	0.154000	0.162700	0.073000	0.097100	0.159600
142674.1	0.170800	0.161800	0.174600	0.163800	0.185100	0.199600	0.198300	0.186000	0.090700	0.000000	0.245900	0.211800	0.182200	0.161900	0.170600	0.156600	0.156300	0.163400	0.000000	0.097300	0.160300
147769.6	0.175200	0.166300	0.182100	0.167200	0.189300	0.203200	0.200700	0.192100	0.087700	0.000000	0.249200	0.219900	0.189200	0.159400	0.167500	0.153700	0.151400	0.162000	0.000000	0.095400	0.159500
152865.1	0.169300	0.161700	0.174400	0.165000	0.186100	0.201400	0.196600	0.186400	0.091000	0.000000	0.248500	0.209200	0.182700	0.163600	0.171900	0.158200	0.156600	0.164900	0.000000	0.099000	0.161300
157960.7	0.175900	0.165700	0.182300	0.167300	0.189400	0.200900	0.199400	0.192900	0.091300	0.000000	0.249300	0.212300	0.189600	0.160800	0.168800	0.156400	0.154400	0.163000	0.000000	0.098800	0.159900
163056.2	0.175300	0.167100	0.180100	0.167300	0.187000	0.201300	0.198100	0.191600	0.089000	0.000000	0.250700	0.207800	0.188400	0.162700	0.169600	0.154000	0.153800	0.164000	0.000000	0.096400	0.160800
168151.7	0.176600	0.167900	0.181700	0.169100	0.190600	0.202700	0.195500	0.193000	0.088000	0.000000	0.249500	0.207600	0.189100	0.160400	0.166700	0.156100	0.153900	0.162700	0.000000	0.095300	0.160100
173247.2	0.178200	0.169400	0.187700	0.170100	0.193900	0.204800	0.196800	0.196500	0.086500	0.000000	0.250000	0.211200	0.194900	0.157900	0.165200	0.154900	0.154200	0.161000	0.000000	0.094200	0.158900
178342.7	0.172900	0.164000	0.176700	0.165700	0.187600	0.200700	0.190700	0.189400	0.092700	0.000000	0.250300	0.197200	0.185500	0.163700	0.170700	0.157200	0.154400	0.165000	0.068700	0.098300	0.161400
183438.2	0.175800	0.165600	0.177200	0.167700	0.190000	0.203800	0.191300	0.191500	0.094900	0.000000	0.249000	0.198900	0.187400	0.165200	0.171800	0.159600	0.157400	0.166400	0.073800	0.100500	0.161700
188533.7	0.180800	0.170700	0.187400	0.171100	0.194800	0.206600	0.195300	0.197800	0.086800	0.000000	0.251500	0.208400	0.195700	0.160200	0.166100	0.155600	0.153100	0.162800	0.000000	0.093700	0.160400
193629.2	0.177800	0.167900	0.183100	0.169200	0.191700	0.205400	0.192200	0.195200	0.089000	0.000000	0.249200	0.203100	0.191600	0.161700	0.168900	0.157400	0.154500	0.163100	0.000000	0.095400	0.160600
198724.7	0.178400	0.170500	0.180600	0.168300	0.193000	0.205500	0.198300	0.193900	0.090200	0.000000	0.251000	0.202100	0.189700	0.164400	0.170300	0.158900	0.157400	0.166600	0.000000	0.096600	0.161800
203820.2	0.175800	0.166500	0.177100	0.167900	0.192200	0.204000	0.205300	0.191400	0.093300	0.000000	0.250100	0.198000	0.187800	0.168800	0.176500	0.164500	0.160900	0.168900	0.000000	0.100100	0.163200
208915.7	0.181700	0.170400	0.181800	0.171600	0.194800	0.205400	0.220500	0.196300	0.098600	0.000000	0.253600	0.203400	0.192800	0.173100	0.181500	0.167500	0.163700	0.172200	0.069300	0.101000	0.167600
214011.2	0.182300	0.168300	0.181100	0.172400	0.198700	0.206600	0.223300	0.196200	0.099300	0.000000	0.255700	0.202500	0.193200	0.176700	0.186800	0.175000	0.168800	0.176600	0.074100	0.103100	0.169200
219106.7	0.188800	0.174700	0.189100	0.178300	0.203700	0.211200	0.228200	0.203900	0.099700	0.000000	0.259500	0.207600	0.199800	0.181200	0.190800	0.177800	0.171100	0.179700	0.086200	0.103400	0.172200
224202.2	0.183400	0.169200	0.187700	0.176400	0.203200	0.209600	0.220200	0.201100	0.103500	0.000000	0.259500	0.201600	0.199000	0.181900	0.193400	0.180600	0.174100	0.180100	0.075200	0.107400	0.173100
229297.7	0.189100	0.173400	0.192200	0.179400	0.210400	0.212500	0.225000	0.207000	0.107600	0.000000	0.264600	0.205000	0.203200	0.188500	0.201600	0.189800	0.179400	0.186500	0.078000	0.109000	0.177000
234393.2	0.197300	0.180200	0.203600	0.183800	0.213900	0.215200	0.230700	0.214900	0.098400	0.000000	0.269200	0.211200	0.214100	0.186200	0.198400	0.186400	0.176100	0.186400	0.000000	0.102300	0.177400
239488.7	0.191400	0.173700	0.190500	0.181900	0.210300	0.213200	0.221700	0.208500	0.109600	0.000000	0.269800	0.196400	0.204400	0.198200	0.213500	0.200500	0.185000	0.193800	0.074900	0.110900	0.182000
244584.2	0.198700	0.179100	0.206900	0.185800	0.220000	0.218200	0.226800	0.217900	0.104300	0.000000	0.271100	0.207300	0.216800	0.191400	0.205600	0.195700	0.184100	0.191400	0.069400	0.106300	0.180900
249679.7	0.194500	0.176000	0.197800	0.183900	0.215200	0.215900	0.222100	0.212500	0.112600	0.000000	0.272400	0.196200	0.211000	0.200100	0.217200	0.205400	0.188000	0.197000	0.078000	0.113700	0.184600
254775.2	0.203300	0.186000	0.216800	0.189600	0.226200	0.221900	0.228300	0.224100	0.100600	0.000000	0.277100	0.211300	0.225400	0.191400	0.206100	0.198700	0.184000	0.192700	0.089000	0.103700	0.182200
259870.7	0.198400	0.180600	0.206300	0.186500	0.222600	0.218500	0.219500	0.218800	0.113800	0.000000	0.275000	0.199300	0.217700	0.198200	0.215500	0.206100	0.188700	0.195600	0.080000	0.115400	0.184100
264966.3	0.200900	0.181100	0.208600	0.186600	0.225600	0.219200	0.221400	0.221600	0.112800	0.000000	0.278500	0.198300	0.220000	0.201500	0.216900	0.209300	0.193000	0.197600	0.084000	0.113300	0.185300
270061.8	0.198600	0.180100	0.207600	0.186200	0.226300	0.219700	0.218000	0.218800	0.117000	0.000000	0.277700	0.194500	0.218900	0.203900	0.222300	0.213000	0.194900	0.198700	0.078800	0.115900	0.186600
275157.3	0.201300	0.180600	0.206800	0.185400	0.227100	0.219400	0.217300	0.220300	0.119800	0.000000	0.278800	0.191600	0.220200	0.206600	0.227000	0.217300	0.197900	0.200200	0.082800	0.120100	0.188700
280252.8	0.200900	0.182300	0.213500	0.187600	0.233000	0.222800	0.216800	0.222200	0.115800	0.000000	0.278500	0.194800	0.223700	0.206200	0.222700	0.217800	0.198100	0.199300	0.080500	0.119800	0.189300
285348.3	0.206000	0.185400	0.219200	0.189500	0.233900	0.226700	0.220700	0.226500	0.115000	0.000000	0.281500	0.198100	0.227300	0.207900	0.225100	0.218500	0.201900	0.200200	0.083800	0.116200	0.189400
290443.8	0.213400	0.192700	0.227500	0.193300	0.237200	0.228600	0.224700	0.233900	0.111400	0.000000	0.283900	0.203100	0.234300	0.203500	0.219900	0.213000	0.194000	0.198900	0.078700	0.113100	0.189400
295539.3	0.211200	0.191300	0.225000	0.190700	0.238600	0.227200	0.221900	0.232700	0.115100	0.000000	0.283300	0.199300	0.233800	0.205800	0.222700	0.218300	0.198800	0.199400	0.081300	0.116600	0.190000
300634.8	0.213200	0.194900	0.233800	0.191800	0.245300	0.230400	0.221900	0.236100	0.113100	0.000000	0.281500	0.203100	0.236900	0.204900	0.219600	0.221100	0.200200	0.198800	0.071700	0.116400	0.189500
305730.3	0.214200	0.193700	0.230800	0.192700	0.241900	0.229200	0.219400	0.234300	0.112800	0.000000	0.282700	0.199700	0.234200	0.207200	0.222800	0.218900	0.199400	0.199500	0.000000	0.114500	0.190300
310825.8	0.219700	0.198900	0.241700	0.195800	0.243700	0.233100	0.223700	0.241300	0.107200	0.000000	0.285000	0.206800	0.242000	0.205000	0.219000	0.212500	0.196500	0.198500	0.085900	0.110100	0.190700
315921.3	0.213600	0.193900	0.229900	0.190500	0.241900	0.230200	0.216200	0.234100	0.115800	0.000000	0.281100	0.195500	0.232200	0.209400	0.223900	0.222400	0.203800	0.200500	0.082400	0.117200	0.190800
321016.8	0.210000	0.189700	0.224800	0.187800	0.239800	0.229500	0.211500	0.229500	0.115300	0.000000	0.282300	0.189400	0.226700	0.212000	0.226300	0.224400	0.204600	0.201100	0.082300	0.117400	0.191600
326112.3	0.216800	0.195700	0.235300	0.193100	0.246500	0.233500	0.217100	0.236200	0.116200	0.000000	0.285000	0.196100	0.234300	0.210700	0.226400	0.224000	0.205400	0.201600	0.083900	0.118800	0.192300
331207.8	0.212700	0.193000	0.228600	0.190700	0.244100	0.229400	0.210400	0.231100	0.123200	0.000000	0.284500	0.189100	0.227700	0.212000	0.229800	0.229600	0.208200	0.201500	0.087000	0.124000	0.193700
336303.3	0.222100	0.202000	0.246700	0.194800	0.250300	0.236900	0.218800	0.242100	0.110200	0.000000	0.288200	0.202800	0.239300	0.206900	0.221400	0.220300	0.203200	0.197200	0.000000	0.112900	0.191800
341398.8	0.212600	0.193100	0.235000	0.189900	0.247100	0.232000	0.208500	0.233900	0.114900	0.000000	0.283900	0.192400	0.229800	0.210900	0.225900	0.227900	0.207000	0.199400	0.092800	0.119000	0.192300
346494.3	0.213500	0.193000	0.231700	0.189200	0.247200	0.230900	0.207900	0.231700	0.121500	0.000000	0.284200	0.189400	0.227300	0.210200	0.226700	0.228300	0.208600	0.199100	0.097600	0.123200	0.192400
351589.8	0.210200	0.191300	0.227600	0.186600	0.243300	0.230800	0.205000	0.227700	0.121800	0.000000	0.284400	0.184500	0.223500	0.216100	0.232200	0.233500	0.213700	0.203000	0.103800	0.125000	0.194300
356685.3	0.217100	0.199400	0.246700	0.191900	0.251900	0.234800	0.210400	0.239200	0.115800	0.000000	0.283700	0.198300	0.235900	0.206700	0.220400	0.224200	0.206400	0.196400	0.093600	0.119100	0.190800
361780.8	0.218900	0.197900	0.245400	0.192200	0.249900	0.232500	0.210000	0.237300	0.112000	0.000000	0.286000	0.197100	0.234100	0.206300	0.220100	0.224900	0.205400	0.197200	0.000000	0.114800	0.190400
366876.3	0.220700	0.202400	0.248500	0.193900	0.251800	0.234100	0.212400	0.239900	0.115600	0.000000	0.287500	0.198100	0.235700	0.209200	0.223000	0.225500	0.208300	0.199400	0.069000	0.118200	0.192800
371971.8	0.211900	0.193600	0.236100	0.187400	0.248300	0.231500	0.203200	0.232100	0.120600	0.000000	0.284500	0.188200	0.224800	0.211400	0.224100	0.230500	0.208500	0.198700	0.091300	0.122900	0.191400
377067.4	0.215900	0.198300	0.243000	0.189300	0.252900	0.233200	0.205000	0.234600	0.113700	0.000000	0.284900	0.191800	0.229000	0.210300	0.222200	0.227500	0.209400	0.198300	0.000000	0.119100	0.192100
382162.9	0.211700	0.193100	0.236400	0.187900	0.250800	0.230400	0.201200	0.230300	0.120300	0.000000	0.284900	0.185700	0.224700	0.211200	0.223900	0.231200	0.211600	0.198200	0.083100	0.124600	0.192800
387258.4	0.215000	0.198000	0.240500	0.188700	0.254600	0.231500	0.203700	0.234000	0.117800	0.000000	0.284700	0.189500	0.228600	0.210000	0.221900	0.228600	0.211300	0.197400	0.108600	0.122000	0.191400
392353.9	0.221200	0.201300	0.253000	0.194100	0.255300	0.235600	0.207600	0.240100	0.110800	0.000000	0.288100	0.197600	0.234700	0.205900	0.216200	0.222300	0.205200	0.195100	0.000000	0.116300	0.191100
397449.4	0.212600	0.194500	0.243000	0.189600	0.251800	0.231300	0.200900	0.233700	0.114400	0.000000	0.285200	0.189400	0.227600	0.209200	0.220400	0.225300	0.208500	0.195900	0.000000	0.118300	0.191000
402544.9	0.220200	0.200900	0.252200	0.192800	0.257400	0.235800	0.208300	0.239700	0.111600	0.000000	0.288200	0.196200	0.234000	0.207500	0.216600	0.224100	0.207100	0.196100	0.094200	0.116500	0.191500
407640.4	0.218200	0.201200	0.251400	0.191200	0.255500	0.232400	0.204000	0.238100	0.111000	0.000000	0.285100	0.194900	0.232600	0.206800	0.216600	0.224200	0.207600	0.194300	0.102200	0.114200	0.189800
412735.9	0.214000	0.195300	0.241000	0.189400	0.252700	0.231800	0.200800	0.230600	0.118500	0.000000	0.286300	0.187100	0.224000	0.211400	0.221100	0.231000	0.211600	0.197200	0.101000	0.121800	0.191800
417831.4	0.213100	0.193600	0.241200	0.187900	0.248800	0.230200	0.198500	0.230700	0.116500	0.000000	0.285900	0.186300	0.223200	0.211300	0.221000	0.226400	0.209200	0.196200	0.094900	0.118500	0.190200
422926.9	0.215500	0.196700	0.248400	0.190000	0.254500	0.232600	0.199800	0.233800	0.109800	0.000000	0.286400	0.192200	0.227700	0.206000	0.214200	0.226300	0.209700	0.193700	0.000000	0.115100	0.189400
428022.4	0.215000	0.198300	0.249900	0.190600	0.254700	0.230500	0.199800	0.234800	0.111800	0.000000	0.285600	0.191800	0.226500	0.205200	0.214900	0.225200	0.208900	0.193000	0.000000	0.114600	0.188200
433117.9	0.211100	0.195600	0.245000	0.187400	0.253200	0.230600	0.195400	0.230200	0.112200	0.000000	0.284700	0.187800	0.222700	0.206800	0.218700	0.227600	0.210500	0.193500	0.000000	0.117600	0.189300
438213.4	0.219800	0.200900	0.256200	0.190700	0.257000	0.233400	0.201600	0.238000	0.109100	0.000000	0.285400	0.195800	0.231700	0.203100	0.211900	0.221400	0.206700	0.190100	0.000000	0.113500	0.187700
443308.9	0.210500	0.193700	0.239400	0.185300	0.250900	0.229100	0.194100	0.227600	0.114300	0.000000	0.284400	0.183100	0.219700	0.208400	0.221100	0.229900	0.214000	0.193900	0.000000	0.120000	0.189300
448404.4	0.206500	0.189200	0.231400	0.182100	0.247200	0.228700	0.190400	0.220400	0.128000	0.000000	0.281200	0.176300	0.212700	0.214600	0.227100	0.237700	0.219300	0.196200	0.090500	0.132600	0.191500
453499.9	0.211800	0.195500	0.242000	0.185900	0.250100	0.230000	0.194300	0.227700	0.112600	0.000000	0.283400	0.184300	0.219000	0.208600	0.218900	0.228600	0.212500	0.194400	0.000000	0.119900	0.189900
458595.4	0.217400	0.202500	0.257000	0.188900	0.257000	0.233400	0.198300	0.235300	0.112000	0.000000	0.284200	0.195100	0.227900	0.202500	0.212100	0.223800	0.207600	0.190000	0.000000	0.116600	0.187100
463690.9	0.215200	0.197900	0.251000	0.188100	0.251700	0.231500	0.196300	0.229900	0.109200	0.000000	0.283000	0.188800	0.223300	0.205200	0.213400	0.224600	0.210400	0.191300	0.000000	0.115400	0.188200
468786.4	0.209700	0.192600	0.240900	0.182900	0.248300	0.228200	0.190800	0.224400	0.117600	0.000000	0.280500	0.181400	0.215500	0.208600	0.219600	0.230100	0.216100	0.193000	0.105200	0.123800	0.188900
473881.9	0.209400	0.194600	0.244500	0.185000	0.250400	0.231300	0.192000	0.225900	0.121000	0.000000	0.278900	0.185000	0.217500	0.207300	0.215800	0.229400	0.214500	0.191500	0.098600	0.125900	0.187400
478977.4	0.210000	0.193700	0.245700	0.184900	0.247000	0.227500	0.191100	0.225500	0.115500	0.000000	0.280300	0.184900	0.216900	0.204900	0.212700	0.225800	0.210300	0.189700	0.000000	0.120600	0.186500
484073.0	0.212400	0.196600	0.250200	0.185200	0.249500	0.228800	0.193000	0.228400	0.110400	0.000000	0.279600	0.188000	0.219900	0.201700	0.209000	0.221600	0.207100	0.188200	0.000000	0.116000	0.185700
489168.5	0.219500	0.204400	0.263800	0.189000	0.257500	0.234200	0.198900	0.236400	0.107500	0.000000	0.281900	0.198000	0.227900	0.198000	0.203000	0.218000	0.206800	0.186600	0.000000	0.111700	0.184300
494264.0	0.208000	0.191100	0.239500	0.182900	0.245100	0.227100	0.188900	0.221800	0.118500	0.000000	0.277900	0.180300	0.212600	0.207200	0.215700	0.227600	0.214900	0.191500	0.098600	0.124700	0.187700
499359.5	0.206400	0.189300	0.235500	0.180000	0.245700	0.225700	0.186400	0.218300	0.126200	0.000000	0.276400	0.177500	0.207300	0.208900	0.217700	0.232600	0.217300	0.191300	0.101600	0.131600	0.187500
504455.0	0.212800	0.197600	0.251300	0.186700	0.249400	0.229800	0.193300	0.227500	0.109700	0.000000	0.279100	0.189900	0.218700	0.200900	0.207700	0.221700	0.209300	0.187900	0.097100	0.116300	0.185800
509550.5	0.218500	0.201700	0.258100	0.186700	0.251800	0.231300	0.195500	0.232100	0.102700	0.000000	0.280500	0.194600	0.223900	0.198400	0.203600	0.219200	0.204500	0.186800	0.000000	0.110600	0.183000
514646.0	0.211600	0.197300	0.253200	0.184100	0.250400	0.229200	0.190600	0.228700	0.111000	0.000000	0.277000	0.190100	0.218500	0.199700	0.203900	0.219900	0.210600	0.185200	0.000000	0.117600	0.183400
519741.5	0.211200	0.195400	0.249100	0.183500	0.246200	0.227200	0.190400	0.225700	0.108400	0.000000	0.278500	0.188100	0.216100	0.200100	0.204800	0.217200	0.208000	0.186400	0.103100	0.115700	0.183200
524837.0	0.211700	0.194000	0.249100	0.183700	0.247600	0.228100	0.189800	0.225000	0.111000	0.000000	0.277500	0.186700	0.214500	0.201000	0.206700	0.223300	0.209800	0.187500	0.000000	0.117500	0.184900
529932.5	0.211100	0.196500	0.253200	0.183800	0.247100	0.228200	0.190700	0.225400	0.106800	0.000000	0.276800	0.189000	0.215900	0.198200	0.202300	0.218400	0.206900	0.185700	0.000000	0.114900	0.182300
535028.0	0.211100	0.196900	0.251000	0.183200	0.246700	0.226700	0.190100	0.224900	0.108100	0.000000	0.277300	0.187400	0.214800	0.198500	0.203000	0.218100	0.207900	0.185700	0.000000	0.115800	0.182400
540123.5	0.214000	0.197800	0.255900	0.184800	0.247700	0.227900	0.192000	0.226600	0.102400	0.000000	0.277100	0.192000	0.217800	0.196100	0.199700	0.217400	0.206200	0.184800	0.000000	0.111300	0.182300
545219.0	0.206700	0.192900	0.244100	0.180400	0.241100	0.224000	0.186200	0.220100	0.111600	0.000000	0.275100	0.183900	0.208700	0.201700	0.205700	0.219700	0.207200	0.186100	0.096700	0.118700	0.183100
550314.5	0.212600	0.196400	0.251700	0.183600	0.244800	0.226300	0.190600	0.225700	0.110600	0.000000	0.275200	0.188800	0.214700	0.199300	0.203500	0.219000	0.207100	0.185900	0.000000	0.116100	0.183100
555410.0	0.213700	0.196400	0.254500	0.183200	0.243900	0.227000	0.190200	0.225900	0.103200	0.000000	0.276600	0.190400	0.214300	0.195500	0.197300	0.213000	0.203900	0.183700	0.000000	0.112100	0.181400
560505.5	0.208500	0.193900	0.247800	0.181600	0.240600	0.222400	0.186300	0.221500	0.103800	0.000000	0.273900	0.184700	0.210600	0.198200	0.201700	0.215700	0.203400	0.185200	0.000000	0.113100	0.181500
565601.0	0.206000	0.190700	0.242000	0.177600	0.240700	0.223700	0.184000	0.217600	0.113200	0.000000	0.272200	0.181300	0.206100	0.199100	0.204300	0.222500	0.208400	0.185400	0.000000	0.119300	0.181500
570696.5	0.207500	0.189600	0.237600	0.177900	0.237400	0.221800	0.184300	0.215000	0.117100	0.000000	0.273600	0.177300	0.202700	0.203200	0.208800	0.224000	0.211100	0.187900	0.094400	0.123700	0.183100
575792.0	0.201400	0.185800	0.231800	0.174600	0.237100	0.220200	0.179500	0.210600	0.120400	0.000000	0.269300	0.173200	0.198600	0.203600	0.209300	0.226400	0.212700	0.186900	0.098000	0.127100	0.183300
580887.5	0.206500	0.191800	0.245900	0.179200	0.241400	0.223600	0.186400	0.218800	0.107600	0.000000	0.272400	0.183400	0.207200	0.196400	0.199900	0.218700	0.206500	0.184100	0.000000	0.116700	0.180900
585983.0	0.213300	0.195800	0.254100	0.182000	0.241900	0.225300	0.187800	0.223500	0.104500	0.000000	0.273400	0.190800	0.211400	0.192100	0.195100	0.211300	0.199700	0.181500	0.000000	0.111100	0.179700
591078.5	0.208500	0.191500	0.245000	0.178700	0.239200	0.221800	0.184700	0.217600	0.109500	0.000000	0.271700	0.183300	0.205800	0.195800	0.198700	0.218600	0.206300	0.183100	0.000000	0.117000	0.179800
596174.0	0.209400	0.194200	0.244600	0.180300	0.237200	0.222400	0.185000	0.218300	0.107700	0.000000	0.272800	0.183300	0.206000	0.196600	0.200300	0.215100	0.204600	0.183900	0.000000	0.115900	0.180000
601269.6	0.203900	0.186600	0.235400	0.176500	0.233500	0.217600	0.180800	0.211500	0.115000	0.000000	0.270700	0.175900	0.198300	0.199300	0.204500	0.220100	0.209400	0.185500	0.096500	0.122100	0.180800
606365.1	0.206700	0.189800	0.242400	0.176700	0.236600	0.220800	0.183500	0.215100	0.110100	0.000000	0.269300	0.181800	0.202900	0.195600	0.198500	0.218500	0.205200	0.182100	0.000000	0.117400	0.179200
611460.6	0.207700	0.191500	0.246600	0.178100	0.235700	0.221100	0.183700	0.217500	0.102500	0.000000	0.271500	0.184700	0.205400	0.193500	0.197400	0.211800	0.202700	0.182200	0.000000	0.112100	0.179000
616556.1	0.209700	0.194800	0.250600	0.178900	0.238800	0.222700	0.185600	0.219300	0.107600	0.000000	0.269900	0.187500	0.208400	0.194300	0.196200	0.216100	0.203800	0.181900	0.088500	0.115800	0.179300
621651.6	0.207900	0.193000	0.246600	0.178000	0.237100	0.221300	0.184500	0.216700	0.103500	0.000000	0.270300	0.185700	0.204900	0.192600	0.194900	0.209000	0.199900	0.180200	0.000000	0.112900	0.178500
626747.1	0.206400	0.190100	0.239500	0.175300	0.233000	0.219600	0.181700	0.213200	0.103100	0.000000	0.269100	0.180600	0.199500	0.195000	0.196700	0.212400	0.203100	0.181700	0.000000	0.113400	0.179000
631842.6	0.205300	0.189700	0.243200	0.177100	0.234600	0.220500	0.182900	0.213400	0.104700	0.000000	0.268700	0.182700	0.201800	0.193400	0.194800	0.212900	0.203300	0.180900	0.000000	0.114900	0.178100
636938.1	0.206700	0.190900	0.245600	0.176100	0.234100	0.219000	0.182600	0.215500	0.100400	0.000000	0.268600	0.184300	0.202500	0.191700	0.193400	0.210300	0.198700	0.179400	0.000000	0.110500	0.177100
642033.6	0.210800	0.194600	0.252800	0.179500	0.236600	0.220900	0.186700	0.220300	0.097500	0.000000	0.270100	0.190700	0.208300	0.189000	0.187100	0.205800	0.197700	0.178700	0.000000	0.107600	0.175700
647129.1	0.207300	0.191200	0.241600	0.176300	0.232000	0.218400	0.182700	0.213700	0.102500	0.000000	0.268900	0.182200	0.201100	0.192300	0.193500	0.212500	0.201300	0.179900	0.096900	0.113300	0.177000
652224.6	0.203000	0.188400	0.238300	0.173200	0.232200	0.216700	0.179200	0.211200	0.109200	0.000000	0.264600	0.180200	0.197500	0.194100	0.195600	0.215500	0.203400	0.180700	0.094800	0.118300	0.176800
657320.1	0.209900	0.194500	0.252800	0.177900	0.234800	0.219900	0.185200	0.218800	0.100000	0.000000	0.267900	0.190000	0.207400	0.187300	0.187300	0.205300	0.195800	0.176700	0.000000	0.109000	0.174900
662415.6	0.203600	0.189900	0.241300	0.174700	0.229900	0.216200	0.180400	0.211400	0.100300	0.000000	0.266900	0.182200	0.198400	0.190400	0.189900	0.209000	0.198600	0.179100	0.000000	0.109800	0.176200
667511.1	0.211000	0.197000	0.256400	0.179100	0.237000	0.221800	0.185900	0.220300	0.097500	0.000000	0.266800	0.193600	0.209000	0.184500	0.183500	0.204900	0.195200	0.175300	0.000000	0.107300	0.174300
672606.6	0.198700	0.184500	0.232600	0.169600	0.227300	0.214100	0.176500	0.205800	0.111600	0.000000	0.263200	0.175300	0.192300	0.194800	0.197400	0.214700	0.202600	0.180100	0.000000	0.120600	0.177500
677702.1	0.210400	0.195100	0.251800	0.177900	0.234700	0.220000	0.184900	0.217600	0.100600	0.000000	0.266200	0.190800	0.205800	0.187100	0.187300	0.206700	0.195300	0.177300	0.000000	0.110900	0.175800
682797.6	0.207900	0.193200	0.248400	0.176100	0.233500	0.219400	0.183400	0.214600	0.098400	0.000000	0.265500	0.188200	0.202400	0.186200	0.185600	0.205400	0.197200	0.175600	0.000000	0.109200	0.174400
687893.1	0.211000	0.193700	0.251000	0.177800	0.232700	0.219700	0.186000	0.216100	0.098900	0.000000	0.267700	0.190200	0.203300	0.186300	0.184200	0.203300	0.194500	0.175600	0.000000	0.108200	0.174600
692988.6	0.199000	0.184000	0.233700	0.171900	0.225400	0.214600	0.176800	0.205300	0.106600	0.000000	0.263100	0.176700	0.191700	0.192100	0.192400	0.212800	0.199500	0.178900	0.088400	0.116900	0.175800
698084.1	0.206400	0.191600	0.248100	0.174900	0.230000	0.216500	0.182100	0.213400	0.097200	0.000000	0.265600	0.187900	0.200500	0.184400	0.183400	0.202400	0.193400	0.174200	0.000000	0.107200	0.174000
703179.6	0.207800	0.192900	0.248300	0.176000	0.231600	0.218300	0.185000	0.214300	0.099900	0.000000	0.263900	0.189300	0.203500	0.185300	0.183900	0.205000	0.195300	0.174900	0.000000	0.110300	0.173700
708275.1	0.204300	0.190400	0.246100	0.172800	0.230700	0.218300	0.181300	0.211600	0.097100	0.000000	0.263000	0.186900	0.199600	0.184200	0.182600	0.202200	0.193200	0.174000	0.000000	0.107000	0.172500
713370.6	0.207800	0.192000	0.249000	0.174800	0.229400	0.219200	0.183900	0.214400	0.096100	0.000000	0.265200	0.189700	0.201400	0.183700	0.180800	0.199900	0.189500	0.174000	0.000000	0.106500	0.173600
718466.1	0.198600	0.184700	0.236800	0.170900	0.226200	0.215300	0.177500	0.205900	0.098600	0.000000	0.261800	0.180000	0.193100	0.186000	0.184600	0.206800	0.195900	0.175100	0.000000	0.110300	0.173800
723561.7	0.199500	0.184400	0.235700	0.169500	0.225400	0.215900	0.177400	0.205500	0.106800	0.000000	0.261200	0.178800	0.192200	0.188500	0.187600	0.209500	0.198500	0.175500	0.091000	0.116800	0.174200
728657.2	0.207300	0.193400	0.250000	0.174300	0.227000	0.217100	0.183000	0.214400	0.094600	0.000000	0.262900	0.190400	0.202300	0.179800	0.177100	0.198400	0.188300	0.170700	0.000000	0.103000	0.171000
733752.7	0.205200	0.192400	0.247300	0.173000	0.228700	0.216700	0.182700	0.211000	0.097400	0.000000	0.261200	0.188000	0.198800	0.179500	0.176900	0.199600	0.189200	0.171200	0.000000	0.107500	0.170800
738848.2	0.197400	0.183400	0.231300	0.169000	0.222400	0.213900	0.175500	0.203800	0.105100	0.000000	0.258200	0.177400	0.189800	0.187500	0.186600	0.207500	0.198800	0.174700	0.090800	0.114600	0.173800
743943.7	0.202800	0.188400	0.241800	0.172100	0.225200	0.216200	0.180200	0.208300	0.098100	0.000000	0.261400	0.183100	0.194900	0.182400	0.180900	0.201700	0.190600	0.172400	0.000000	0.106900	0.171700
749039.2	0.201700	0.186800	0.236900	0.170400	0.224100	0.214600	0.179200	0.205300	0.099700	0.000000	0.260800	0.181800	0.193400	0.182300	0.181300	0.202200	0.192700	0.172500	0.000000	0.110000	0.171600
754134.7	0.196700	0.184400	0.237100	0.167000	0.224700	0.213700	0.175800	0.204600	0.102500	0.000000	0.257800	0.180500	0.191500	0.181200	0.179500	0.204000	0.194500	0.170700	0.088300	0.111800	0.171900
759230.2	0.210600	0.194700	0.253400	0.175100	0.228200	0.218700	0.186000	0.216500	0.087300	0.000000	0.262600	0.194400	0.204400	0.175900	0.172100	0.193300	0.184300	0.169000	0.000000	0.098000	0.169900
764325.7	0.204200	0.190400	0.244000	0.172300	0.225400	0.215100	0.181100	0.210600	0.094900	0.000000	0.260900	0.188200	0.198100	0.177400	0.173800	0.197600	0.187600	0.169300	0.000000	0.104200	0.170100
769421.2	0.203700	0.189500	0.242800	0.172500	0.226600	0.216300	0.181400	0.208900	0.091800	0.000000	0.260500	0.186700	0.196600	0.179100	0.176000	0.195000	0.185500	0.170400	0.000000	0.103300	0.170500
774516.7	0.202200	0.185100	0.236800	0.169600	0.220300	0.212300	0.178600	0.205000	0.096000	0.000000	0.260900	0.182000	0.192100	0.181200	0.177900	0.194900	0.186600	0.170700	0.000000	0.104700	0.170800
779612.2	0.202400	0.188300	0.239900	0.170100	0.223900	0.213400	0.179400	0.207200	0.098800	0.000000	0.259200	0.185200	0.195300	0.179100	0.175800	0.198300	0.188300	0.169600	0.000000	0.108900	0.170700
784707.7	0.203400	0.188500	0.238300	0.169700	0.221000	0.213400	0.180700	0.207000	0.094700	0.000000	0.259500	0.184000	0.193700	0.178600	0.175600	0.196100	0.186500	0.170500	0.000000	0.102700	0.170600
789803.2	0.194400	0.179900	0.225000	0.164400	0.214700	0.208900	0.173900	0.197800	0.102500	0.000000	0.257900	0.172300	0.184500	0.184500	0.182400	0.203600	0.190600	0.172400	0.095600	0.110400	0.171100
794898.7	0.198300	0.184700	0.234800	0.167000	0.218600	0.211700	0.176100	0.202200	0.100600	0.000000	0.257100	0.180100	0.189800	0.180500	0.178300	0.197800	0.185800	0.170700	0.087800	0.109100	0.170300
799994.2	0.197500	0.183200	0.229500	0.165900	0.216900	0.211100	0.175900	0.200600	0.098000	0.000000	0.257600	0.177200	0.186800	0.180500	0.178300	0.200100	0.188600	0.171500	0.000000	0.108000	0.170800
805089.7	0.199900	0.184200	0.232900	0.167500	0.218000	0.211900	0.177700	0.202100	0.096500	0.000000	0.257700	0.179300	0.189100	0.179300	0.176800	0.194900	0.184300	0.170100	0.000000	0.106300	0.170300
810185.2	0.201600	0.187400	0.239900	0.169400	0.219500	0.213500	0.178700	0.206200	0.092800	0.000000	0.257400	0.184400	0.193700	0.175900	0.171100	0.193300	0.183500	0.168300	0.000000	0.102400	0.168900
815280.7	0.195300	0.181000	0.225500	0.164100	0.215800	0.209200	0.173200	0.198100	0.101900	0.000000	0.255500	0.174400	0.184400	0.181200	0.178300	0.199500	0.187500	0.171200	0.000000	0.110200	0.170100
820376.2	0.199100	0.185200	0.237600	0.167000	0.218700	0.211900	0.177200	0.203300	0.094500	0.000000	0.256500	0.182600	0.190600	0.175500	0.170600	0.194500	0.183100	0.168300	0.000000	0.105100	0.168600
825471.7	0.197300	0.181800	0.230200	0.166200	0.215800	0.210900	0.176800	0.200400	0.091300	0.000000	0.257000	0.179100	0.187400	0.178300	0.173700	0.194100	0.183500	0.170400	0.000000	0.102500	0.169800
830567.2	0.201600	0.188300	0.239800	0.168500	0.218800	0.211400	0.179300	0.205600	0.093900	0.000000	0.256200	0.185200	0.192700	0.174200	0.170700	0.189500	0.181500	0.167500	0.000000	0.103000	0.168200
835662.7	0.201800	0.187200	0.239100	0.168200	0.217100	0.210200	0.179400	0.204200	0.091100	0.000000	0.256700	0.184500	0.192100	0.174000	0.168500	0.190500	0.178700	0.168200	0.000000	0.100900	0.167600
840758.3	0.201700	0.190100	0.243100	0.169200	0.218800	0.212100	0.180400	0.206000	0.091100	0.000000	0.255500	0.188200	0.194300	0.171900	0.168100	0.189700	0.178700	0.167100	0.000000	0.100600	0.166900
845853.8	0.203000	0.189200	0.239600	0.169400	0.216100	0.210400	0.180500	0.205000	0.090200	0.000000	0.257800	0.185700	0.193100	0.174000	0.170000	0.188400	0.177900	0.167600	0.000000	0.099700	0.167500
850949.3	0.197000	0.183500	0.231700	0.166400	0.211600	0.208000	0.176700	0.199400	0.092100	0.000000	0.255700	0.180400	0.187200	0.175700	0.172600	0.191400	0.179500	0.168000	0.000000	0.102300	0.168100
856044.8	0.202800	0.188800	0.241500	0.168500	0.219100	0.212900	0.181000	0.206300	0.089800	0.000000	0.257200	0.187800	0.194000	0.170900	0.166500	0.188800	0.179100	0.166900	0.000000	0.100100	0.167300
861140.3	0.197800	0.184900	0.233500	0.166000	0.213900	0.209200	0.176900	0.200200	0.092800	0.000000	0.255700	0.182000	0.187800	0.173200	0.170000	0.190600	0.180700	0.167600	0.000000	0.103500	0.167500
866235.8	0.193800	0.179700	0.229300	0.164600	0.212800	0.206900	0.173600	0.197300	0.093600	0.000000	0.255100	0.177700	0.184700	0.175300	0.172400	0.192900	0.180300	0.169300	0.000000	0.103700	0.167500
871331.3	0.196700	0.181700	0.231700	0.165600	0.212200	0.208200	0.176100	0.198400	0.093300	0.000000	0.254100	0.180100	0.185200	0.173100	0.169900	0.190300	0.179400	0.167400	0.000000	0.103600	0.167000
876426.8	0.194000	0.179700	0.227200	0.164400	0.210400	0.207100	0.174500	0.196300	0.095500	0.000000	0.253400	0.177200	0.183700	0.174800	0.171600	0.192400	0.181600	0.169000	0.000000	0.105200	0.167300
881522.3	0.197300	0.184600	0.235700	0.167300	0.213500	0.209900	0.177200	0.200800	0.092800	0.000000	0.254500	0.183300	0.188400	0.172700	0.167500	0.189200	0.178400	0.166600	0.000000	0.102600	0.167400
886617.8	0.197100	0.185400	0.232100	0.166500	0.209800	0.206600	0.176800	0.198900	0.091600	0.000000	0.254800	0.180500	0.187100	0.170500	0.166200	0.185800	0.173600	0.166700	0.000000	0.100300	0.166400
891713.3	0.192900	0.178600	0.224200	0.163300	0.209100	0.206000	0.173200	0.194500	0.094200	0.000000	0.253400	0.174500	0.182100	0.174900	0.171400	0.193700	0.181300	0.168100	0.000000	0.105100	0.167400
896808.8	0.193800	0.182100	0.227100	0.163700	0.211900	0.206900	0.175000	0.195500	0.091700	0.000000	0.253600	0.177700	0.184000	0.173300	0.168900	0.189800	0.178200	0.167500	0.000000	0.102600	0.167400
901904.3	0.192500	0.178300	0.224800	0.163200	0.209000	0.205400	0.172700	0.194900	0.097300	0.000000	0.251900	0.175800	0.183000	0.174800	0.169500	0.192400	0.179900	0.166600	0.000000	0.105800	0.167100
906999.8	0.198600	0.185400	0.234300	0.167600	0.211900	0.209300	0.178900	0.201300	0.089400	0.000000	0.253800	0.183300	0.188900	0.170700	0.165200	0.184100	0.174500	0.166100	0.000000	0.099100	0.166600
912095.3	0.193000	0.180700	0.230400	0.164000	0.210300	0.205900	0.173700	0.196200	0.093900	0.000000	0.250800	0.179400	0.184900	0.172100	0.167000	0.188500	0.175500	0.166400	0.000000	0.103600	0.166900
917190.8	0.194700	0.182900	0.234000	0.164700	0.212200	0.206700	0.175000	0.198200	0.091800	0.000000	0.250500	0.182800	0.186600	0.169200	0.164800	0.187800	0.176500	0.164000	0.000000	0.101800	0.164700
922286.3	0.198000	0.186100	0.235400	0.167000	0.211400	0.207200	0.178200	0.200500	0.089700	0.000000	0.252200	0.184100	0.187900	0.168000	0.163400	0.184000	0.172300	0.164700	0.000000	0.099100	0.164900
927381.8	0.193600	0.178200	0.222800	0.162800	0.206300	0.203400	0.173100	0.193600	0.094900	0.000000	0.252700	0.174600	0.180900	0.172900	0.169900	0.188900	0.176300	0.166900	0.000000	0.103900	0.167500
932477.3	0.189600	0.175800	0.219100	0.161600	0.206000	0.204200	0.170900	0.190900	0.098400	0.000000	0.250000	0.172100	0.178800	0.174100	0.169900	0.190700	0.178400	0.167500	0.000000	0.107500	0.167400
937572.8	0.197800	0.183900	0.232200	0.167200	0.208000	0.204900	0.178100	0.199000	0.090100	0.000000	0.253800	0.183200	0.187200	0.169000	0.163400	0.182800	0.172700	0.165300	0.000000	0.099000	0.166200
942668.3	0.192500	0.182100	0.228600	0.164800	0.208400	0.204900	0.175300	0.196500	0.086500	0.000000	0.250800	0.180600	0.185500	0.164900	0.159300	0.181300	0.170300	0.162400	0.000000	0.099000	0.164700
947763.8	0.197400	0.184300	0.232700	0.164600	0.210300	0.206700	0.177200	0.199500	0.089600	0.000000	0.251400	0.183100	0.188100	0.168100	0.162300	0.182900	0.172000	0.164300	0.000000	0.100100	0.165800
952859.3	0.196300	0.183200	0.232500	0.165800	0.208500	0.205200	0.177300	0.199200	0.085300	0.000000	0.252700	0.183400	0.187600	0.165900	0.160000	0.180400	0.170400	0.162900	0.000000	0.097400	0.164800
957954.8	0.190100	0.176600	0.217700	0.160600	0.202100	0.201800	0.171700	0.190500	0.093600	0.000000	0.251200	0.172000	0.179100	0.172100	0.169200	0.190000	0.177300	0.167400	0.000000	0.103900	0.167000
963050.4	0.199700	0.188700	0.241500	0.167600	0.210700	0.206400	0.180100	0.204200	0.083300	0.000000	0.251700	0.191300	0.194100	0.164000	0.157800	0.177800	0.167200	0.161400	0.000000	0.093300	0.163900
968145.9	0.194900	0.181700	0.227300	0.164700	0.205800	0.202600	0.175400	0.196300	0.090000	0.000000	0.250600	0.179300	0.183600	0.166400	0.162100	0.181300	0.169500	0.163200	0.000000	0.099300	0.164500
973241.4	0.189600	0.176300	0.217700	0.160700	0.203800	0.203100	0.171900	0.189900	0.093900	0.000000	0.250300	0.172500	0.177400	0.171800	0.165500	0.186600	0.173200	0.166200	0.000000	0.103900	0.166200
978336.9	0.194900	0.179400	0.223600	0.163000	0.202900	0.201100	0.174900	0.195100	0.090600	0.000000	0.251500	0.177700	0.182600	0.167300	0.163200	0.182300	0.170600	0.164300	0.000000	0.099700	0.164400
983432.4	0.193100	0.177800	0.222600	0.162300	0.200800	0.201300	0.174900	0.192800	0.087900	0.000000	0.252300	0.176200	0.180600	0.168100	0.163200	0.180700	0.170600	0.164800	0.000000	0.098200	0.165100
988527.9	0.193900	0.180900	0.227900	0.164200	0.202800	0.202800	0.175600	0.195300	0.086000	0.000000	0.251200	0.179900	0.183500	0.164900	0.159700	0.179500	0.168100	0.163000	0.000000	0.096200	0.164100
993623.4	0.193100	0.179800	0.226200	0.164200	0.205100	0.203200	0.174300	0.194200	0.087100	0.000000	0.250700	0.180000	0.183800	0.164800	0.160400	0.179000	0.167900	0.162400	0.000000	0.096600	0.164300
998718.9	0.194400	0.182200	0.228200	0.163100	0.206100	0.204400	0.175600	0.196900	0.086500	0.000000	0.249500	0.181300	0.184600	0.164300	0.160200	0.179300	0.168900	0.162700	0.000000	0.096900	0.164000
1003814.4	0.189500	0.175700	0.216400	0.158700	0.202100	0.200800	0.172500	0.188900	0.095900	0.000000	0.248100	0.172200	0.177900	0.170200	0.166200	0.186200	0.174400	0.165400	0.000000	0.104300	0.165500
1008909.9	0.190000	0.177700	0.217800	0.160800	0.200200	0.201900	0.172400	0.190500	0.088500	0.000000	0.249400	0.172700	0.178400	0.168300	0.164400	0.184000	0.172900	0.165600	0.000000	0.099500	0.164600
1014005.4	0.196000	0.183800	0.230000	0.163700	0.204200	0.202000	0.176800	0.196300	0.086500	0.000000	0.249200	0.183000	0.186000	0.160600	0.155800	0.176000	0.166900	0.160700	0.000000	0.095900	0.162900
1019100.9	0.186100	0.171800	0.212100	0.157800	0.199000	0.199000	0.169000	0.186400	0.091000	0.000000	0.247800	0.168500	0.174900	0.169300	0.164900	0.185600	0.172800	0.165400	0.000000	0.101800	0.165300
1024196.4	0.194300	0.183300	0.229600	0.163300	0.204600	0.202700	0.176200	0.197200	0.083800	0.000000	0.249000	0.183000	0.185800	0.159700	0.154000	0.175100	0.167200	0.160000	0.000000	0.092200	0.162200
1029291.9	0.185000	0.171600	0.210600	0.157900	0.196000	0.198200	0.169000	0.185400	0.093000	0.000000	0.246900	0.168400	0.173200	0.169300	0.166100	0.184100	0.172500	0.165000	0.000000	0.103000	0.164900
1034387.4	0.189600	0.177900	0.219100	0.161600	0.198200	0.199500	0.172800	0.192000	0.085900	0.000000	0.249500	0.175200	0.179100	0.164100	0.159400	0.178500	0.166700	0.162400	0.000000	0.096600	0.163900
1039482.9	0.190900	0.178600	0.220700	0.160000	0.201700	0.199900	0.172900	0.191700	0.086200	0.000000	0.247200	0.176000	0.180400	0.164400	0.158000	0.179200	0.168600	0.162100	0.000000	0.097100	0.163300
1044578.5	0.192200	0.180900	0.223100	0.161900	0.201200	0.200900	0.174500	0.193900	0.089100	0.000000	0.248500	0.178300	0.182300	0.162900	0.157900	0.179100	0.167800	0.161600	0.000000	0.098300	0.164100
1049673.9	0.192900	0.180800	0.227200	0.163400	0.201900	0.202400	0.175400	0.195300	0.085700	0.000000	0.249200	0.181500	0.184700	0.160700	0.155700	0.175000	0.165300	0.160000	0.000000	0.094900	0.162900
1054769.4	0.187400	0.175300	0.215800	0.159700	0.200900	0.200300	0.169800	0.188200	0.092900	0.000000	0.246100	0.173300	0.177100	0.165900	0.162100	0.183500	0.172600	0.162500	0.000000	0.103400	0.164500
1059864.9	0.190000	0.178000	0.217400	0.161200	0.198300	0.200300	0.172900	0.191300	0.088500	0.000000	0.248100	0.175300	0.180900	0.163000	0.158500	0.176300	0.166900	0.161700	0.000000	0.098800	0.163500
1064960.4	0.188300	0.176800	0.218400	0.159400	0.200400	0.201100	0.171800	0.190600	0.089300	0.000000	0.246400	0.175300	0.179600	0.164100	0.160000	0.180100	0.168700	0.161900	0.000000	0.098900	0.162900
1070055.9	0.185800	0.172500	0.211600	0.158400	0.196700	0.198300	0.170500	0.186700	0.088800	0.000000	0.247300	0.170500	0.175400	0.164600	0.160700	0.177500	0.166300	0.163100	0.000000	0.098800	0.164200
1075151.4	0.190200	0.177500	0.217600	0.159500	0.196400	0.197500	0.172700	0.189800	0.088000	0.000000	0.247100	0.174500	0.178500	0.162700	0.157200	0.175900	0.164500	0.162100	0.000000	0.097700	0.163000
1080247.0	0.191400	0.178500	0.220200	0.161700	0.199800	0.199400	0.173400	0.191700	0.087700	0.000000	0.248600	0.177500	0.181800	0.160700	0.155700	0.174700	0.164800	0.160600	0.000000	0.096700	0.162000
1085342.4	0.186000	0.175000	0.211300	0.157500	0.195900	0.199000	0.171200	0.186400	0.091000	0.000000	0.245800	0.170500	0.175900	0.163600	0.159900	0.178900	0.167800	0.162500	0.000000	0.101300	0.163000
1090438.0	0.188200	0.175000	0.213000	0.159200	0.194300	0.198300	0.171900	0.187700	0.086700	0.000000	0.246600	0.171900	0.177600	0.163300	0.158600	0.176400	0.164100	0.162400	0.000000	0.097200	0.163100
1095533.5	0.191200	0.181100	0.222900	0.160400	0.199800	0.201700	0.176100	0.193600	0.087400	0.000000	0.246600	0.179400	0.183000	0.160700	0.154900	0.173600	0.164500	0.160300	0.000000	0.095700	0.161800
1100629.0	0.188500	0.176100	0.211900	0.158800	0.196000	0.199200	0.171000	0.187800	0.088600	0.000000	0.246400	0.172100	0.177300	0.163000	0.158600	0.175500	0.164300	0.162300	0.000000	0.099100	0.162600
1105724.5	0.186900	0.176700	0.216700	0.159600	0.198400	0.200100	0.170700	0.189600	0.086600	0.000000	0.245700	0.174700	0.179500	0.160000	0.155100	0.174800	0.163300	0.160200	0.000000	0.096700	0.161800
1110820.0	0.187700	0.174800	0.209100	0.158200	0.194400	0.198200	0.171200	0.186800	0.091200	0.000000	0.246400	0.169800	0.175500	0.164000	0.160400	0.176800	0.166300	0.163000	0.082000	0.100900	0.162900
1115915.5	0.196600	0.186000	0.231800	0.165100	0.201600	0.203200	0.178700	0.199700	0.081000	0.000000	0.248000	0.188200	0.192000	0.155400	0.150200	0.168000	0.157300	0.157900	0.000000	0.089800	0.161100
1121011.0	0.187700	0.177400	0.212700	0.159000	0.195300	0.200300	0.171900	0.189300	0.089500	0.000000	0.246300	0.173900	0.178800	0.161600	0.156500	0.174600	0.163700	0.160800	0.000000	0.099200	0.162200
1126106.5	0.193200	0.183500	0.224700	0.163000	0.195600	0.199900	0.176800	0.195200	0.082200	0.000000	0.247700	0.181800	0.185100	0.159000	0.152400	0.167300	0.157600	0.159000	0.000000	0.091500	0.162100
1131202.0	0.182700	0.171100	0.204400	0.154900	0.193800	0.197000	0.167500	0.183200	0.098800	0.000000	0.242200	0.166100	0.171900	0.164400	0.161900	0.180900	0.168800	0.161800	0.078300	0.106400	0.162800
1136297.5	0.184300	0.173700	0.208300	0.158000	0.193500	0.197900	0.169800	0.184900	0.092200	0.000000	0.243600	0.168900	0.174200	0.162900	0.158900	0.177400	0.165800	0.160900	0.000000	0.101300	0.162000
1141393.0	0.189700	0.176700	0.212700	0.158000	0.196300	0.199300	0.172900	0.189200	0.086800	0.000000	0.245500	0.173600	0.178200	0.161400	0.154900	0.172400	0.163200	0.160400	0.000000	0.097600	0.161400
1146488.5	0.183300	0.173600	0.206600	0.155800	0.194100	0.198100	0.168200	0.185100	0.090800	0.000000	0.244400	0.169800	0.175300	0.161900	0.159000	0.177400	0.165300	0.161200	0.000000	0.100100	0.161800
1151584.0	0.191100	0.182400	0.225900	0.162000	0.204000	0.202500	0.175600	0.195300	0.083500	0.000000	0.244900	0.183400	0.185700	0.156900	0.151000	0.171900	0.161100	0.159300	0.000000	0.093500	0.161200
1156679.5	0.192100	0.181500	0.222800	0.161600	0.199600	0.201700	0.176100	0.194100	0.079200	0.000000	0.246200	0.182100	0.185100	0.156000	0.150000	0.167300	0.157600	0.158200	0.000000	0.089400	0.160200
1161775.0	0.186200	0.176400	0.212900	0.157600	0.194900	0.198500	0.170800	0.188600	0.085300	0.000000	0.244900	0.174800	0.177900	0.158500	0.153700	0.170800	0.161700	0.159200	0.000000	0.094900	0.161100
1166870.5	0.184600	0.170600	0.202800	0.155900	0.192100	0.196500	0.168100	0.183300	0.095300	0.000000	0.243900	0.165900	0.171800	0.164200	0.161600	0.178500	0.166600	0.162700	0.000000	0.103000	0.163500
1171966.0	0.188000	0.176200	0.212700	0.158700	0.195400	0.199500	0.171600	0.187400	0.082900	0.000000	0.245200	0.173800	0.179100	0.159300	0.155200	0.171400	0.160600	0.159900	0.000000	0.093100	0.160700
1177061.5	0.189500	0.178600	0.216600	0.159300	0.195600	0.199000	0.173000	0.191700	0.082000	0.000000	0.244400	0.178800	0.181700	0.156100	0.151500	0.167900	0.158500	0.157800	0.000000	0.091200	0.159800
1182157.0	0.194000	0.184200	0.222600	0.161500	0.198500	0.199500	0.176200	0.196100	0.084100	0.000000	0.245600	0.183500	0.185900	0.154600	0.149500	0.165500	0.157100	0.156800	0.000000	0.090300	0.159700
1187252.5	0.192800	0.179800	0.217900	0.160100	0.196200	0.199600	0.174900	0.192600	0.081100	0.000000	0.245400	0.179700	0.183100	0.155500	0.151000	0.166400	0.156900	0.157600	0.000000	0.090300	0.160200
1192348.0	0.188600	0.178100	0.215200	0.159000	0.192000	0.198900	0.173200	0.191000	0.081400	0.000000	0.246100	0.177100	0.181100	0.157100	0.152000	0.166100	0.156800	0.159000	0.000000	0.090500	0.160000
1197443.5	0.187300	0.176900	0.213300	0.157900	0.193200	0.198400	0.171900	0.188400	0.082500	0.000000	0.244900	0.174800	0.178000	0.157400	0.154000	0.170900	0.160800	0.158900	0.000000	0.091200	0.159900
1202539.0	0.184000	0.173500	0.206100	0.155200	0.193000	0.196500	0.168300	0.184300	0.090600	0.000000	0.241000	0.169500	0.175100	0.159700	0.157100	0.173400	0.163900	0.160100	0.000000	0.099100	0.160800
1207634.6	0.189700	0.179100	0.215400	0.159500	0.193500	0.197900	0.173100	0.191200	0.082800	0.000000	0.245000	0.178300	0.182400	0.155200	0.150600	0.164500	0.156200	0.157400	0.000000	0.091600	0.160000
1212730.1	0.186700	0.175600	0.208600	0.158200	0.192700	0.196900	0.171000	0.187300	0.083400	0.000000	0.244700	0.172400	0.176600	0.158200	0.154000	0.169400	0.160600	0.159400	0.000000	0.093400	0.161200
1217825.6	0.185900	0.175500	0.211800	0.158000	0.195600	0.198500	0.169500	0.188400	0.089200	0.000000	0.244500	0.175100	0.179200	0.159500	0.156600	0.172000	0.162600	0.159500	0.000000	0.097800	0.161000
1222921.1	0.188900	0.178500	0.215000	0.159700	0.196100	0.198800	0.173000	0.190800	0.087700	0.000000	0.246700	0.177200	0.180200	0.159200	0.155600	0.170000	0.161100	0.160300	0.081800	0.096300	0.161400
1228016.6	0.192700	0.180400	0.215800	0.161800	0.196200	0.198700	0.175400	0.191500	0.089600	0.000000	0.246200	0.176700	0.181200	0.160700	0.155700	0.171400	0.162800	0.161100	0.000000	0.098800	0.162400
1233112.1	0.191800	0.178600	0.216300	0.160800	0.199000	0.200500	0.174700	0.191800	0.085700	0.000000	0.247100	0.176600	0.181200	0.160800	0.156800	0.172100	0.163800	0.161300	0.000000	0.096000	0.162200
1238207.6	0.188400	0.175700	0.209300	0.159100	0.197500	0.199500	0.174700	0.187700	0.096900	0.000000	0.244700	0.172100	0.179400	0.163600	0.162100	0.178100	0.169100	0.164200	0.000000	0.105500	0.163200
1243303.1	0.192500	0.180400	0.216600	0.161300	0.201700	0.201500	0.184800	0.195200	0.087700	0.000000	0.246500	0.181100	0.187700	0.161100	0.159100	0.174500	0.165100	0.163500	0.000000	0.097700	0.163200
1248398.6	0.198400	0.187700	0.228600	0.164000	0.209000	0.207000	0.200000	0.203800	0.087200	0.000000	0.247100	0.193300	0.200000	0.158800	0.155600	0.170500	0.164600	0.167100	0.000000	0.096700	0.162500
1253494.1	0.195100	0.182500	0.220400	0.159900	0.204600	0.202700	0.205300	0.200000	0.092400	0.000000	0.247500	0.188300	0.196900	0.164300	0.163400	0.175100	0.167900	0.172900	0.000000	0.101600	0.163900
1258589.6	0.200600	0.186300	0.224100	0.161500	0.212000	0.207200	0.219300	0.203100	0.095300	0.000000	0.248400	0.192300	0.205000	0.166900	0.164600	0.179200	0.172500	0.180000	0.000000	0.105400	0.166800
1263685.1	0.202100	0.190500	0.233800	0.164800	0.214500	0.208700	0.232600	0.212000	0.088300	0.000000	0.249400	0.205100	0.216500	0.162100	0.161300	0.173500	0.166600	0.177200	0.000000	0.098500	0.163900
1268780.6	0.201700	0.185900	0.228400	0.161800	0.216700	0.209600	0.243100	0.209400	0.093100	0.000000	0.250200	0.203300	0.215300	0.165300	0.165700	0.178300	0.172700	0.181300	0.000000	0.103400	0.165800
1273876.1	0.204400	0.187200	0.229500	0.162100	0.219800	0.211900	0.253700	0.211800	0.093700	0.000000	0.251800	0.207100	0.221300	0.166600	0.168600	0.179600	0.173900	0.184800	0.100100	0.104700	0.167800
1278971.6	0.204100	0.186100	0.228800	0.161700	0.224000	0.211200	0.264000	0.212600	0.099700	0.000000	0.251300	0.209400	0.223000	0.167500	0.169400	0.182300	0.176600	0.187700	0.000000	0.109800	0.167700
1284067.1	0.207900	0.188400	0.231900	0.163200	0.224600	0.212200	0.275500	0.216600	0.096900	0.000000	0.254300	0.214700	0.229100	0.168500	0.170700	0.180200	0.172600	0.192100	0.000000	0.107800	0.168700
1289162.6	0.207800	0.187100	0.236800	0.161800	0.228100	0.212900	0.282300	0.218100	0.098400	0.000000	0.251500	0.221100	0.233600	0.167700	0.170300	0.180800	0.176300	0.193800	0.000000	0.110500	0.168100
1294258.1	0.217100	0.194200	0.246900	0.166800	0.233500	0.216900	0.294700	0.226900	0.092300	0.000000	0.258200	0.236500	0.245300	0.165100	0.166600	0.174900	0.172700	0.194300	0.000000	0.102800	0.168100
1299353.6	0.214200	0.190900	0.241900	0.163000	0.231900	0.213800	0.293300	0.222800	0.095300	0.000000	0.256700	0.235200	0.240700	0.166400	0.168000	0.178500	0.175200	0.194500	0.000000	0.106900	0.167700
1304449.1	0.207900	0.185100	0.231000	0.160000	0.230400	0.213400	0.291900	0.216100	0.104100	0.000000	0.256100	0.228400	0.233600	0.172600	0.176600	0.186000	0.182000	0.198100	0.099000	0.112800	0.171400
1309544.6	0.213300	0.187800	0.235300	0.162600	0.233800	0.214800	0.297500	0.218900	0.104900	0.000000	0.259800	0.235000	0.236700	0.172300	0.176200	0.185500	0.181100	0.198800	0.000000	0.112200	0.171300
1314640.1	0.214000	0.189900	0.242900	0.163500	0.239500	0.217700	0.301500	0.223500	0.097200	0.000000	0.260900	0.245600	0.242800	0.169000	0.171900	0.183800	0.181400	0.196400	0.000000	0.106300	0.171000
1319735.6	0.217400	0.191600	0.244800	0.164200	0.239600	0.216800	0.305100	0.225200	0.095700	0.000000	0.262900	0.250000	0.245400	0.168400	0.172400	0.181800	0.179500	0.194700	0.000000	0.105000	0.170900
1324831.1	0.220600	0.195900	0.252800	0.164700	0.242000	0.219300	0.310100	0.227800	0.099400	0.000000	0.264100	0.257300	0.248300	0.167700	0.173200	0.179200	0.179200	0.195700	0.000000	0.107100	0.171400
1329926.6	0.218200	0.192600	0.254900	0.164500	0.242800	0.219600	0.306800	0.227900	0.097700	0.000000	0.262300	0.259700	0.248000	0.167900	0.173400	0.180800	0.179700	0.193700	0.000000	0.107600	0.171500
1335022.1	0.216100	0.190400	0.247200	0.162700	0.239800	0.218300	0.305400	0.223100	0.103900	0.000000	0.263400	0.253500	0.242800	0.172000	0.177900	0.182300	0.182000	0.196600	0.090200	0.112700	0.173000
1340117.7	0.223400	0.198900	0.260600	0.164900	0.248800	0.223700	0.313400	0.230700	0.100900	0.000000	0.263300	0.269600	0.252600	0.166800	0.173000	0.179200	0.178900	0.195200	0.099100	0.109200	0.172300
1345213.2	0.224600	0.196800	0.261100	0.165400	0.248300	0.224400	0.312600	0.230200	0.096200	0.000000	0.267700	0.271700	0.251400	0.166900	0.173800	0.179700	0.181200	0.195600	0.000000	0.104800	0.172400
1350308.7	0.217200	0.192200	0.251500	0.161400	0.249500	0.223400	0.304800	0.224100	0.110100	0.000000	0.262700	0.263600	0.245200	0.171800	0.180700	0.186100	0.190400	0.197500	0.101600	0.118500	0.174400
1355404.2	0.224400	0.198700	0.262900	0.164800	0.251400	0.226500	0.314800	0.233000	0.097600	0.000000	0.267100	0.278800	0.253000	0.165700	0.173700	0.178400	0.183000	0.194000	0.096600	0.107700	0.172700
1360499.7	0.217800	0.192300	0.251400	0.161900	0.249100	0.224000	0.306100	0.224400	0.104500	0.000000	0.265400	0.267400	0.243800	0.170200	0.179600	0.183400	0.188800	0.196400	0.097900	0.115400	0.174000
1365595.2	0.218300	0.194700	0.251700	0.162600	0.247100	0.224100	0.307400	0.223800	0.106200	0.000000	0.268100	0.268700	0.243600	0.171500	0.180000	0.183600	0.187100	0.196700	0.115600	0.115000	0.175100
1370690.7	0.221800	0.195900	0.258900	0.162900	0.250600	0.226700	0.310700	0.227300	0.103000	0.000000	0.269600	0.277000	0.249300	0.169800	0.179600	0.181400	0.185400	0.195900	0.000000	0.112000	0.174400
1375786.2	0.220000	0.194500	0.255800	0.163100	0.249900	0.226200	0.309000	0.226200	0.104500	0.000000	0.269000	0.275900	0.246700	0.170900	0.179900	0.183000	0.187400	0.194800	0.112700	0.113700	0.176000
1380881.7	0.224500	0.199200	0.263500	0.165400	0.253900	0.229500	0.314200	0.230800	0.100200	0.000000	0.270100	0.286600	0.252000	0.167900	0.178100	0.179400	0.184400	0.195100	0.000000	0.108000	0.174800
1385977.2	0.220000	0.197000	0.260300	0.163500	0.252300	0.231200	0.311800	0.227800	0.100700	0.000000	0.270500	0.281000	0.247800	0.170500	0.180700	0.181800	0.186600	0.196000	0.000000	0.111300	0.176400
1391072.7	0.223000	0.197200	0.261200	0.163500	0.251500	0.229200	0.311800	0.229100	0.100100	0.000000	0.271000	0.283100	0.249800	0.169300	0.180000	0.178600	0.184500	0.194400	0.000000	0.112300	0.176200
1396168.2	0.231300	0.208800	0.280600	0.168500	0.256600	0.235400	0.326100	0.241000	0.094700	0.000000	0.274800	0.302000	0.263500	0.165400	0.172200	0.172600	0.179200	0.193100	0.000000	0.105400	0.174900
1401263.7	0.217500	0.194000	0.251900	0.160400	0.248000	0.230200	0.308200	0.223800	0.107200	0.000000	0.270000	0.271900	0.242600	0.173900	0.184600	0.183200	0.187900	0.198500	0.112600	0.118400	0.177100
1406359.2	0.217500	0.195200	0.252900	0.162300	0.247400	0.229400	0.305700	0.225500	0.107000	0.000000	0.270800	0.271800	0.244100	0.171700	0.182800	0.180400	0.185600	0.196000	0.102000	0.117300	0.177000
1411454.7	0.225900	0.203100	0.266900	0.165900	0.250800	0.232400	0.301500	0.231600	0.096800	0.000000	0.272700	0.280400	0.250100	0.166800	0.174600	0.174700	0.181700	0.192400	0.000000	0.107700	0.174000
1416550.2	0.216200	0.193900	0.250100	0.162600	0.242800	0.226200	0.280400	0.220700	0.097600	0.000000	0.271100	0.260300	0.234500	0.168100	0.178200	0.175800	0.181200	0.191400	0.000000	0.108400	0.174000
1421645.7	0.218900	0.198600	0.257100	0.162800	0.247800	0.229500	0.277800	0.225100	0.098600	0.000000	0.269000	0.264700	0.238900	0.166200	0.173500	0.178400	0.182400	0.187900	0.000000	0.107500	0.171900
1426741.2	0.221200	0.203400	0.262000	0.165100	0.246100	0.230200	0.275900	0.228000	0.090700	0.000000	0.271200	0.266300	0.240600	0.162600	0.168200	0.171200	0.178700	0.186700	0.000000	0.100500	0.171800
1431836.7	0.214400	0.196200	0.253100	0.161100	0.242100	0.225900	0.261100	0.220400	0.096500	0.000000	0.267100	0.253300	0.230400	0.162000	0.168600	0.173800	0.178600	0.184200	0.000000	0.106900	0.170400
1436932.2	0.214100	0.194300	0.248400	0.162400	0.239100	0.226800	0.256000	0.218600	0.096600	0.000000	0.269700	0.245200	0.226600	0.167500	0.172600	0.175800	0.180700	0.186500	0.000000	0.106900	0.172100
1442027.7	0.206500	0.187200	0.229400	0.156100	0.231600	0.220900	0.242600	0.208000	0.104100	0.000000	0.263600	0.227200	0.213900	0.171300	0.178700	0.182500	0.184300	0.189100	0.109800	0.114400	0.172700
1447123.2	0.212900	0.196000	0.243800	0.160800	0.236200	0.223400	0.246200	0.216700	0.100900	0.000000	0.266800	0.239600	0.223200	0.167600	0.173700	0.177300	0.182400	0.186400	0.098600	0.111300	0.171200
1452218.7	0.209100	0.191500	0.235600	0.159100	0.232000	0.221300	0.238000	0.212000	0.100600	0.000000	0.264500	0.230100	0.217100	0.167500	0.173700	0.176600	0.182600	0.185200	0.000000	0.108000	0.169600
1457314.2	0.208600	0.191700	0.233100	0.158500	0.229200	0.221100	0.234600	0.210600	0.101600	0.000000	0.265200	0.226500	0.214300	0.170400	0.174800	0.178000	0.179100	0.185200	0.000000	0.110600	0.170500
1462409.8	0.208100	0.190000	0.234600	0.158200	0.228600	0.221200	0.230200	0.209900	0.098200	0.000000	0.264200	0.225000	0.213100	0.167900	0.173700	0.178000	0.182100	0.183500	0.103700	0.109400	0.169000
1467505.3	0.206800	0.191900	0.235400	0.158300	0.225900	0.219800	0.227200	0.209800	0.099200	0.000000	0.264200	0.222800	0.212400	0.165500	0.169700	0.174700	0.178700	0.181300	0.000000	0.106900	0.168000
1472600.8	0.203600	0.187200	0.231400	0.158500	0.224700	0.218200	0.222100	0.207500	0.094500	0.000000	0.262700	0.220000	0.208900	0.163700	0.167300	0.174900	0.176900	0.179600	0.000000	0.103100	0.167200
1477696.3	0.206300	0.191300	0.232200	0.158000	0.223100	0.218800	0.221700	0.207000	0.095500	0.000000	0.262400	0.219000	0.209100	0.163900	0.166700	0.171700	0.176200	0.179700	0.000000	0.103000	0.166000
1482791.8	0.199800	0.185400	0.222900	0.156400	0.218100	0.214400	0.213800	0.202900	0.096900	0.000000	0.259600	0.213100	0.204100	0.162300	0.166100	0.172900	0.175500	0.177000	0.000000	0.104600	0.164300
1487887.3	0.206100	0.190200	0.227500	0.159600	0.217100	0.216000	0.218400	0.206900	0.087900	0.000000	0.260700	0.218600	0.207600	0.157400	0.156400	0.163900	0.167300	0.172200	0.000000	0.095800	0.161300
1492982.8	0.192000	0.179900	0.211400	0.153400	0.211300	0.211400	0.204800	0.194600	0.100000	0.000000	0.255700	0.201900	0.194900	0.163600	0.165400	0.173000	0.175900	0.174300	0.000000	0.106500	0.163200
1498078.3	0.188600	0.175900	0.198900	0.151900	0.199500	0.206500	0.201200	0.189700	0.099300	0.000000	0.254300	0.193400	0.189100	0.164300	0.165000	0.168400	0.169600	0.172800	0.000000	0.104700	0.163400
1503173.8	0.191400	0.180400	0.206100	0.155100	0.203300	0.208200	0.203900	0.194400	0.094700	0.000000	0.253900	0.202800	0.195900	0.157700	0.156100	0.162600	0.166000	0.168100	0.000000	0.099700	0.159900
1508269.3	0.186600	0.174700	0.194000	0.152400	0.193800	0.203300	0.198500	0.188900	0.094700	0.000000	0.253700	0.193100	0.188300	0.160300	0.157800	0.162100	0.165200	0.167700	0.000000	0.098000	0.160300
1513364.8	0.186100	0.176100	0.194300	0.153900	0.195800	0.203200	0.198100	0.189800	0.095000	0.000000	0.251600	0.197300	0.190700	0.157100	0.153400	0.160600	0.164000	0.164900	0.000000	0.097500	0.158500
1518460.3	0.181500	0.171300	0.184100	0.152200	0.184400	0.197100	0.193900	0.185500	0.090800	0.000000	0.253300	0.188800	0.185400	0.157700	0.155100	0.155100	0.159200	0.165000	0.000000	0.094200	0.159400
1523555.8	0.185200	0.175600	0.190900	0.153900	0.187700	0.197400	0.196900	0.190400	0.086600	0.000000	0.251900	0.197100	0.190800	0.150400	0.146300	0.151000	0.155500	0.159100	0.000000	0.088300	0.154800
1528651.3	0.179200	0.170800	0.183000	0.153100	0.183800	0.195000	0.191200	0.184800	0.088400	0.000000	0.251000	0.190300	0.185600	0.152900	0.147800	0.151000	0.155600	0.159400	0.000000	0.089000	0.155600
1533746.8	0.174900	0.166600	0.175200	0.150400	0.178600	0.191800	0.188400	0.180800	0.091300	0.000000	0.249200	0.185100	0.181200	0.154800	0.151200	0.154400	0.157700	0.161000	0.000000	0.092600	0.155900
1538842.3	0.175600	0.167000	0.176200	0.151600	0.180500	0.191300	0.188000	0.181800	0.089400	0.000000	0.248400	0.187500	0.182400	0.151400	0.147700	0.151300	0.156700	0.157700	0.000000	0.090500	0.155500
1543937.8	0.172600	0.164500	0.167800	0.149100	0.175600	0.188100	0.184900	0.176700	0.096300	0.000000	0.247200	0.178100	0.176900	0.153600	0.151600	0.154900	0.158000	0.159700	0.000000	0.095000	0.155900
1549033.3	0.174200	0.167000	0.176600	0.151200	0.178100	0.189300	0.186000	0.181900	0.083000	0.000000	0.248700	0.188300	0.182800	0.147400	0.144100	0.147300	0.150800	0.154000	0.000000	0.085100	0.152900
1554128.8	0.174800	0.167300	0.176300	0.152200	0.176600	0.188700	0.186700	0.180700	0.082000	0.000000	0.249900	0.187600	0.182900	0.146300	0.142200	0.145800	0.150200	0.154300	0.000000	0.083300	0.153000
1559224.3	0.177100	0.168600	0.175400	0.152000	0.175500	0.186800	0.187100	0.182000	0.085100	0.000000	0.250000	0.187300	0.182900	0.146000	0.142800	0.146000	0.149500	0.154000	0.000000	0.085600	0.154300
1564319.8	0.179100	0.171800	0.180500	0.154400	0.179000	0.190200	0.189600	0.187000	0.079400	0.000000	0.249700	0.193900	0.187900	0.144600	0.139000	0.142900	0.146800	0.152100	0.000000	0.081100	0.152500
1569415.3	0.173000	0.165000	0.172500	0.150900	0.175400	0.184900	0.183400	0.179800	0.085500	0.000000	0.247300	0.184600	0.181000	0.146200	0.141500	0.146800	0.151700	0.152800	0.000000	0.085900	0.152800
1574510.8	0.171600	0.162700	0.169000	0.150500	0.172500	0.183400	0.181600	0.178000	0.083000	0.000000	0.246900	0.181800	0.178700	0.147200	0.143200	0.146400	0.150300	0.152600	0.000000	0.085100	0.152800
1579606.4	0.171500	0.163000	0.169900	0.149400	0.174600	0.183500	0.180700	0.178600	0.086500	0.000000	0.246600	0.182300	0.178700	0.146100	0.142200	0.146300	0.151600	0.153600	0.000000	0.086400	0.153500
1584701.9	0.176400	0.167500	0.172500	0.152800	0.174500	0.185400	0.185600	0.181800	0.081400	0.000000	0.248600	0.186400	0.183600	0.144900	0.139600	0.143000	0.148400	0.152900	0.000000	0.082300	0.151600
1589797.4	0.167200	0.160100	0.161500	0.147500	0.169200	0.181000	0.176900	0.172700	0.089000	0.000000	0.244100	0.173900	0.172900	0.149500	0.146300	0.149100	0.153200	0.154900	0.000000	0.088600	0.153600
1594892.9	0.173000	0.167100	0.172200	0.151400	0.174500	0.183800	0.182900	0.181200	0.079900	0.000000	0.246500	0.185000	0.182400	0.143800	0.139500	0.143500	0.147700	0.151800	0.000000	0.081500	0.152000
1599988.4	0.178200	0.170100	0.177000	0.153400	0.173200	0.184500	0.187700	0.184800	0.079900	0.000000	0.246600	0.190300	0.187100	0.143000	0.137600	0.141100	0.145800	0.151100	0.000000	0.079700	0.151200
1605083.9	0.169800	0.162600	0.167800	0.150400	0.171000	0.182200	0.179100	0.177200	0.080500	0.000000	0.246300	0.181000	0.178700	0.145900	0.141300	0.145300	0.147700	0.152400	0.000000	0.082000	0.152000
1610179.4	0.172500	0.163500	0.167800	0.151500	0.171000	0.181500	0.180900	0.178300	0.084800	0.000000	0.245700	0.180400	0.178900	0.146900	0.142700	0.144800	0.149500	0.153100	0.000000	0.084100	0.151900
1615274.9	0.172900	0.164000	0.170000	0.152800	0.171000	0.181700	0.180500	0.179400	0.077900	0.000000	0.245800	0.183000	0.180200	0.144600	0.139400	0.143200	0.146500	0.152200	0.000000	0.080500	0.151000
1620370.4	0.169900	0.162400	0.166200	0.150500	0.169400	0.180800	0.179000	0.178000	0.085000	0.000000	0.244800	0.179300	0.177900	0.145900	0.142600	0.145400	0.147900	0.151800	0.000000	0.085500	0.151000
1625465.9	0.172300	0.162900	0.165700	0.150400	0.168300	0.179800	0.179900	0.177200	0.085000	0.000000	0.245500	0.178800	0.177300	0.146800	0.142500	0.145900	0.149300	0.152700	0.000000	0.083500	0.151200
1630561.4	0.171800	0.165100	0.168600	0.152800	0.171200	0.181900	0.180900	0.179400	0.082100	0.000000	0.245300	0.182000	0.181000	0.145300	0.140200	0.141900	0.146700	0.151700	0.000000	0.083000	0.151400
1635656.9	0.168000	0.158800	0.162200	0.148600	0.169200	0.179800	0.175800	0.174400	0.088500	0.000000	0.242700	0.174200	0.174700	0.147500	0.143800	0.147600	0.149200	0.152100	0.000000	0.088300	0.151600
1640752.4	0.167500	0.161200	0.162000	0.148900	0.165500	0.177900	0.175200	0.175100	0.084400	0.000000	0.243800	0.174900	0.174900	0.146500	0.144200	0.144900	0.148900	0.151700	0.000000	0.084600	0.151900
