VERSION	1200
Time[MSec.]	Ratio	Ratio	Ratio	Ratio	Ratio	Ratio	Ratio	Ratio	Ratio	Ratio	Ratio	Ratio	Ratio
%.1f	%.4f	%.4f	%.4f	%.4f	%.4f	%.4f	%.4f	%.4f	%.4f	%.4f	%.4f	%.4f	%.4f
Time	ROI(1-1)	ROI(1-2)	ROI(1-3)	ROI(1-4)	ROI(1-5)	ROI(1-6)	ROI(1-7)	ROI(1-8)	ROI(1-9)	ROI(1-10)	ROI(1-11)	ROI(1-12)	ROI(1-13)
GraphNo	1	2	3	4	5	6	7	8	9	10	11	12	13
0.0	0.195900	0.235500	0.295000	0.230000	0.165900	0.268900	0.197000	0.197600	0.204500	0.131300	0.332400	0.321800	0.174200
5164.4	0.182900	0.224100	0.259100	0.212400	0.157600	0.226200	0.183600	0.189200	0.198500	0.136900	0.223000	0.249800	0.171700
10328.7	0.181800	0.221800	0.250700	0.206200	0.157100	0.219900	0.182300	0.187500	0.196100	0.137800	0.221000	0.248400	0.172300
15493.1	0.204300	0.227500	0.250000	0.198500	0.153200	0.211700	0.178700	0.185500	0.194000	0.139700	0.250100	0.261300	0.168700
20657.5	0.187200	0.229200	0.255500	0.210100	0.156800	0.228000	0.192600	0.197900	0.208400	0.131800	0.278700	0.290800	0.168800
25821.8	0.193500	0.227800	0.241800	0.200800	0.157500	0.220700	0.186500	0.191600	0.200700	0.140200	0.258700	0.276000	0.171700
30986.2	0.197700	0.230600	0.236400	0.204800	0.159100	0.223100	0.188600	0.194000	0.203200	0.143800	0.264500	0.279000	0.173200
36150.6	0.180100	0.217300	0.221800	0.196100	0.155600	0.211600	0.181700	0.185500	0.195100	0.140000	0.227200	0.252700	0.172900
41314.9	0.180700	0.216900	0.218700	0.196600	0.157200	0.210700	0.181700	0.186800	0.196000	0.140700	0.227500	0.253900	0.173600
46479.3	0.181000	0.219800	0.214000	0.194800	0.158600	0.210000	0.182300	0.186500	0.195900	0.140900	0.226500	0.253100	0.172800
51643.7	0.179900	0.217200	0.210700	0.191700	0.157800	0.212100	0.180700	0.184600	0.194200	0.140600	0.224800	0.252100	0.173800
56808.0	0.196200	0.229300	0.210000	0.195700	0.158600	0.223700	0.187600	0.191300	0.200600	0.137700	0.275800	0.284300	0.170500
61972.4	0.197000	0.227800	0.201100	0.191500	0.155900	0.220900	0.183400	0.188900	0.200500	0.138000	0.260500	0.273700	0.168400
67136.8	0.194700	0.223300	0.205000	0.194300	0.158200	0.235700	0.186700	0.190300	0.199800	0.136900	0.275200	0.283400	0.169700
72301.2	0.197700	0.223100	0.211400	0.201700	0.161600	0.247600	0.189200	0.192800	0.202900	0.146500	0.223300	0.264300	0.178600
77465.5	0.189600	0.218500	0.201600	0.194800	0.156600	0.235500	0.184800	0.189000	0.200500	0.138100	0.267200	0.278900	0.169300
82629.9	0.182000	0.218300	0.205100	0.205200	0.155400	0.251300	0.196600	0.202600	0.213300	0.120300	0.327200	0.315600	0.162200
87794.3	0.194900	0.219800	0.391700	0.229900	0.362500	0.295900	0.378600	0.222100	0.220000	0.139700	0.287000	0.282700	0.174700
92958.6	0.277800	0.226300	0.363400	0.323000	0.322500	0.295700	0.348200	0.220400	0.218500	0.141300	0.480300	0.263600	0.178400
98123.0	0.255200	0.222700	0.339200	0.302500	0.293600	0.288200	0.320200	0.216800	0.214700	0.141000	0.490300	0.264800	0.179800
103287.4	0.263000	0.229900	0.335800	0.298700	0.280300	0.295100	0.324200	0.226800	0.221800	0.138300	0.615500	0.318900	0.177000
108451.7	0.274100	0.230700	0.311800	0.272200	0.259900	0.266700	0.305500	0.224500	0.219200	0.142300	0.546200	0.286400	0.173500
113616.1	0.246400	0.225200	0.308600	0.272200	0.251400	0.275100	0.311600	0.229800	0.222300	0.141000	0.589600	0.300300	0.174800
118780.5	0.237800	0.219500	0.303400	0.260300	0.246100	0.267600	0.303600	0.221600	0.216300	0.143500	0.529500	0.272300	0.179700
123944.8	0.235400	0.220900	0.299000	0.254800	0.235800	0.262000	0.302100	0.221700	0.218500	0.140700	0.513900	0.269300	0.178000
129109.2	0.232800	0.219800	0.300100	0.245400	0.232100	0.261800	0.298700	0.219000	0.217700	0.141900	0.514400	0.269600	0.179700
134273.6	0.259300	0.234400	0.306400	0.248300	0.227100	0.262000	0.312400	0.232200	0.232200	0.139700	0.598400	0.305500	0.176300
139437.9	0.241800	0.222500	0.305700	0.237000	0.225200	0.257100	0.302100	0.219100	0.219900	0.141400	0.561600	0.301900	0.180300
144602.3	0.245300	0.225600	0.306500	0.226500	0.222900	0.253800	0.298200	0.218200	0.220200	0.143800	0.531000	0.290600	0.179100
149766.7	0.245100	0.232200	0.333600	0.233400	0.231300	0.272100	0.309400	0.223800	0.223900	0.145100	0.626700	0.320700	0.184900
154931.0	0.244300	0.229400	0.325100	0.223500	0.223000	0.258200	0.304600	0.222200	0.223100	0.144400	0.571100	0.306900	0.179900
160095.4	0.227600	0.223800	0.325600	0.217200	0.221300	0.252200	0.302800	0.219900	0.222800	0.142000	0.542300	0.296800	0.179600
165259.7	0.224900	0.221500	0.327600	0.208000	0.218400	0.247700	0.297600	0.216000	0.220300	0.144900	0.482300	0.269300	0.181200
170424.1	0.222500	0.218300	0.326400	0.203500	0.216100	0.244600	0.297900	0.216400	0.221600	0.142500	0.479000	0.269800	0.180800
175588.5	0.220400	0.217700	0.328400	0.200900	0.217300	0.245500	0.297400	0.215700	0.219500	0.149400	0.470500	0.269600	0.187100
180752.8	0.225900	0.219500	0.292300	0.192900	0.198700	0.218800	0.297000	0.227200	0.236500	0.132200	0.386600	0.252500	0.168900
185917.2	0.246500	0.228600	0.316100	0.197200	0.211900	0.242400	0.303000	0.222300	0.228900	0.143700	0.513500	0.299000	0.177600
191081.6	0.232700	0.224600	0.316700	0.192700	0.212600	0.245100	0.299000	0.218900	0.223700	0.145700	0.516100	0.300800	0.180500
196245.9	0.228900	0.222700	0.317900	0.191900	0.211400	0.245100	0.298600	0.217400	0.223800	0.144100	0.504300	0.298500	0.180000
201410.3	0.231000	0.226000	0.331500	0.193400	0.211700	0.247700	0.303400	0.219000	0.225200	0.142000	0.515100	0.303200	0.181700
206574.7	0.220300	0.220400	0.335000	0.188600	0.212400	0.241500	0.291300	0.211800	0.217300	0.147200	0.449000	0.269400	0.185100
211739.0	0.217500	0.219100	0.332100	0.186700	0.205400	0.236600	0.290100	0.212000	0.219300	0.142500	0.429400	0.264800	0.181800
216903.4	0.216400	0.216500	0.335000	0.184300	0.205300	0.238000	0.284300	0.210500	0.215600	0.145400	0.435000	0.267200	0.186000
222067.8	0.220200	0.221300	0.336100	0.185900	0.201100	0.238800	0.282200	0.211800	0.217400	0.145000	0.436000	0.269400	0.183800
227232.1	0.215900	0.223000	0.332800	0.185300	0.195900	0.236800	0.273500	0.211500	0.217300	0.144400	0.400900	0.266300	0.181600
232396.5	0.209500	0.220800	0.325500	0.182700	0.189000	0.233100	0.260800	0.209400	0.214200	0.144600	0.358100	0.261700	0.179800
237560.9	0.205600	0.219100	0.331200	0.183000	0.188600	0.239600	0.250400	0.207600	0.211300	0.149600	0.346300	0.265700	0.184400
242725.2	0.211900	0.223800	0.326300	0.182900	0.182600	0.242600	0.246800	0.208300	0.212800	0.145100	0.400500	0.306000	0.179700
247889.6	0.218000	0.229100	0.320500	0.185000	0.178600	0.241300	0.245400	0.212100	0.215300	0.142600	0.396000	0.305700	0.176800
253054.0	0.206100	0.222700	0.308200	0.184500	0.176600	0.243700	0.238200	0.208400	0.212700	0.143000	0.384500	0.304000	0.178700
258218.3	0.204100	0.222400	0.300000	0.182000	0.175200	0.242400	0.232100	0.204800	0.208000	0.146200	0.367500	0.297100	0.178900
263382.7	0.200400	0.217900	0.290900	0.180500	0.173600	0.239900	0.226200	0.200200	0.205000	0.146500	0.363300	0.294100	0.179800
268547.1	0.194800	0.218400	0.292500	0.185100	0.173700	0.245500	0.227700	0.205100	0.209000	0.146700	0.362700	0.297300	0.177800
273711.4	0.194500	0.215700	0.288400	0.180600	0.175000	0.240500	0.220100	0.197500	0.201200	0.151400	0.345600	0.289400	0.182300
278875.8	0.204300	0.220300	0.284800	0.182600	0.168100	0.231700	0.220300	0.204000	0.208000	0.143700	0.353200	0.288900	0.176100
284040.1	0.188700	0.214400	0.283300	0.182200	0.169400	0.232400	0.215200	0.198600	0.203800	0.145200	0.318500	0.270500	0.180000
289204.5	0.184800	0.211000	0.276800	0.181200	0.168300	0.230500	0.211600	0.197600	0.202200	0.144300	0.303600	0.264400	0.180300
294368.9	0.187700	0.211400	0.254300	0.175200	0.156400	0.206900	0.205000	0.199300	0.205400	0.131400	0.253700	0.240300	0.168700
299533.2	0.197800	0.219000	0.277200	0.187600	0.168300	0.235600	0.215900	0.207200	0.209100	0.134500	0.382900	0.313500	0.174100
304697.6	0.194500	0.211100	0.265600	0.180400	0.166300	0.223200	0.205000	0.195900	0.199800	0.146900	0.335700	0.289500	0.176100
309862.0	0.192500	0.206500	0.261700	0.175500	0.166400	0.218100	0.197200	0.187800	0.193600	0.150900	0.306600	0.272800	0.178700
315026.3	0.192500	0.218300	0.275200	0.191300	0.169600	0.232400	0.212500	0.204600	0.210700	0.144700	0.360700	0.302500	0.176300
320190.7	0.187900	0.214100	0.259100	0.180800	0.166300	0.220400	0.201000	0.195700	0.201900	0.146500	0.287800	0.262700	0.175900
325355.1	0.186400	0.213200	0.255600	0.181400	0.167200	0.222700	0.200000	0.194900	0.200400	0.148000	0.293300	0.265000	0.180000
330519.4	0.186400	0.213300	0.253700	0.181300	0.165800	0.221500	0.198500	0.194500	0.201100	0.144700	0.290500	0.262500	0.179000
335683.8	0.193700	0.217300	0.253300	0.184300	0.167100	0.223600	0.200300	0.198200	0.202700	0.145200	0.343100	0.295400	0.178300
340848.2	0.201100	0.217000	0.252700	0.183600	0.166600	0.226100	0.199600	0.197100	0.200000	0.150500	0.338200	0.290600	0.178300
346012.5	0.200400	0.219000	0.250300	0.183300	0.165100	0.225800	0.200300	0.198200	0.203800	0.141400	0.357100	0.303500	0.174400
351176.9	0.198300	0.216600	0.245500	0.183800	0.165500	0.225700	0.199200	0.198700	0.203800	0.145000	0.342600	0.295500	0.174900
356341.2	0.199900	0.220900	0.244800	0.188300	0.165200	0.230900	0.204800	0.206400	0.211300	0.136900	0.357600	0.305900	0.173100
361505.6	0.196600	0.218000	0.236800	0.182900	0.162800	0.225000	0.197100	0.198900	0.205000	0.143000	0.322000	0.286000	0.173900
366670.0	0.188600	0.217000	0.239400	0.184200	0.167000	0.236000	0.196200	0.197700	0.204000	0.149000	0.288600	0.269300	0.179200
371834.3	0.188100	0.217500	0.234800	0.184400	0.168000	0.237400	0.196100	0.196700	0.203800	0.150800	0.282200	0.265800	0.181100
376998.7	0.185900	0.216700	0.232700	0.184200	0.169900	0.236900	0.194600	0.195000	0.202100	0.154100	0.282400	0.266700	0.182100
382163.1	0.187000	0.214400	0.228400	0.184400	0.171300	0.236300	0.193700	0.192200	0.198300	0.161700	0.317400	0.293100	0.183600
387327.4	0.194900	0.221300	0.221600	0.184000	0.165100	0.227200	0.196500	0.199200	0.207600	0.151300	0.312800	0.286500	0.176600
392491.8	0.189000	0.221100	0.228700	0.189800	0.174200	0.241700	0.200000	0.200400	0.206300	0.161600	0.318500	0.293300	0.183400
397656.2	0.194100	0.222000	0.218400	0.187200	0.166900	0.232000	0.198100	0.201900	0.208400	0.154000	0.319700	0.290400	0.174200
402820.5	0.197700	0.224400	0.216600	0.186100	0.167800	0.230700	0.197200	0.200400	0.207400	0.156200	0.301600	0.277100	0.175300
407984.9	0.182100	0.217200	0.213800	0.183400	0.169900	0.232500	0.192100	0.193200	0.200200	0.162200	0.272800	0.261100	0.181500
413149.3	0.184900	0.222000	0.214100	0.185400	0.173300	0.235700	0.194700	0.196100	0.202400	0.160000	0.275500	0.263600	0.181300
418313.6	0.185200	0.222700	0.211600	0.186600	0.172500	0.239000	0.196200	0.198200	0.204400	0.160300	0.275300	0.264900	0.180900
423478.0	0.185300	0.222500	0.209700	0.185800	0.172300	0.238900	0.195500	0.197800	0.203900	0.160200	0.275900	0.263700	0.179800
428642.3	0.185100	0.219700	0.208600	0.184800	0.171600	0.242000	0.194600	0.194300	0.200600	0.162500	0.274400	0.263500	0.180000
433806.7	0.185100	0.215800	0.204500	0.183000	0.170500	0.243400	0.192800	0.192700	0.199600	0.164500	0.271900	0.261100	0.179100
438971.1	0.202200	0.224400	0.207200	0.190200	0.168300	0.246400	0.200400	0.200900	0.207300	0.156700	0.352800	0.311600	0.173000
444135.4	0.206200	0.229500	0.206400	0.192700	0.167500	0.244300	0.203800	0.205200	0.214600	0.150400	0.368700	0.323000	0.171100
449299.8	0.202800	0.227000	0.203700	0.188200	0.167500	0.241700	0.199600	0.199200	0.209700	0.156400	0.349500	0.312700	0.175400
454464.2	0.203900	0.232200	0.216600	0.193600	0.167500	0.242300	0.203900	0.205600	0.217700	0.156000	0.356300	0.317000	0.176400
459628.5	0.197300	0.222900	0.326800	0.188600	0.163600	0.237500	0.198000	0.198900	0.210000	0.152900	0.350500	0.311400	0.173800
464792.9	0.204300	0.222700	0.351400	0.182100	0.161300	0.231100	0.190300	0.192900	0.203700	0.161000	0.320900	0.291300	0.176200
469957.3	0.204100	0.217900	0.305400	0.178400	0.159500	0.227100	0.186800	0.189700	0.199800	0.164300	0.299700	0.278000	0.175200
475121.6	0.195900	0.220100	0.283600	0.187200	0.165000	0.238600	0.193500	0.193300	0.203900	0.166300	0.323500	0.292900	0.178800
480286.0	0.196500	0.217000	0.253500	0.182600	0.162000	0.233900	0.189800	0.190000	0.200600	0.163100	0.312100	0.287000	0.176900
485450.4	0.187900	0.211600	0.230800	0.184500	0.164800	0.234800	0.189400	0.189700	0.200700	0.167300	0.276300	0.265700	0.181600
490614.7	0.191100	0.214500	0.207100	0.184600	0.156500	0.223300	0.192700	0.200500	0.212300	0.153800	0.271800	0.263800	0.171600
495779.1	0.196400	0.213400	0.208700	0.186800	0.163700	0.241100	0.195000	0.194800	0.205500	0.155000	0.344600	0.308900	0.173700
500943.4	0.201200	0.210900	0.199100	0.181400	0.161200	0.234500	0.186600	0.186100	0.197300	0.163300	0.315800	0.288300	0.177000
506107.8	0.198400	0.213200	0.195600	0.187800	0.160400	0.241900	0.194400	0.196700	0.208500	0.153500	0.334300	0.298200	0.171900
511272.2	0.197500	0.213300	0.189900	0.185600	0.157700	0.242600	0.194600	0.198400	0.210600	0.149600	0.331500	0.296800	0.170500
516436.5	0.193400	0.212000	0.190000	0.187000	0.162100	0.248200	0.193400	0.194700	0.206200	0.157300	0.317400	0.294700	0.176500
521600.9	0.185800	0.205600	0.185300	0.182700	0.160600	0.250000	0.187800	0.189100	0.200800	0.163200	0.274300	0.264500	0.177900
526765.3	0.188600	0.210100	0.184200	0.185000	0.161400	0.254600	0.190300	0.192500	0.205500	0.160900	0.274000	0.266100	0.178500
531929.6	0.183500	0.205500	0.180100	0.181200	0.159500	0.250800	0.186500	0.189300	0.199000	0.164400	0.269800	0.261200	0.177900
537094.0	0.194300	0.208200	0.182800	0.184600	0.161600	0.253000	0.190300	0.190300	0.201000	0.163300	0.322100	0.295700	0.177100
542258.4	0.195200	0.208200	0.179500	0.182600	0.161300	0.245700	0.189100	0.192000	0.203300	0.158500	0.314000	0.287300	0.175400
547422.7	0.197500	0.215100	0.184100	0.189400	0.162500	0.253100	0.197300	0.198600	0.209200	0.154200	0.347400	0.309400	0.174900
552587.1	0.216600	0.223700	0.187200	0.190200	0.163600	0.251000	0.198500	0.200700	0.214500	0.161200	0.345500	0.303400	0.175900
557751.4	0.185700	0.209700	0.176100	0.182500	0.163500	0.239400	0.188900	0.190200	0.205200	0.163000	0.267400	0.259400	0.176100
562915.8	0.184200	0.209500	0.176900	0.181900	0.163900	0.239600	0.188900	0.190200	0.204400	0.168300	0.272300	0.261500	0.179900
568080.2	0.188700	0.212800	0.176900	0.182000	0.161800	0.236400	0.189300	0.193000	0.207500	0.164300	0.268800	0.258000	0.175500
573244.5	0.185700	0.211100	0.179000	0.180400	0.164400	0.237000	0.187400	0.189200	0.203600	0.173700	0.269300	0.257400	0.180200
578408.9	0.184300	0.210500	0.182600	0.181500	0.164200	0.235500	0.187100	0.189800	0.202000	0.168100	0.268100	0.256500	0.179300
583573.3	0.187800	0.214800	0.185500	0.182200	0.165500	0.236000	0.189000	0.192000	0.203800	0.171500	0.270600	0.257100	0.179700
588737.6	0.204100	0.225300	0.195300	0.191500	0.167100	0.241200	0.201200	0.203600	0.217900	0.156800	0.366300	0.318000	0.172600
593902.0	0.202000	0.219300	0.194300	0.185900	0.170400	0.233800	0.193900	0.196800	0.207700	0.161200	0.341700	0.305100	0.174300
599066.4	0.204200	0.223300	0.197200	0.186100	0.171900	0.230800	0.193700	0.196400	0.208200	0.164800	0.341100	0.301900	0.175000
604230.7	0.201100	0.218500	0.196700	0.182600	0.174300	0.226500	0.190400	0.192200	0.203800	0.172000	0.314400	0.287900	0.177500
609395.1	0.194200	0.221600	0.206800	0.188200	0.176700	0.238600	0.195600	0.196400	0.207600	0.171000	0.337900	0.304000	0.177500
614559.4	0.198900	0.222700	0.206600	0.186000	0.172600	0.236800	0.194500	0.195300	0.205700	0.171100	0.330600	0.296900	0.177000
619723.8	0.189900	0.222100	0.204500	0.184500	0.175300	0.232000	0.192600	0.195300	0.206500	0.178000	0.278200	0.261500	0.180600
624888.2	0.188600	0.222600	0.205000	0.184300	0.175100	0.225300	0.193000	0.195900	0.207700	0.174400	0.267900	0.256400	0.177800
630052.5	0.185200	0.221200	0.206500	0.184700	0.181500	0.227800	0.190700	0.192900	0.202900	0.181500	0.274300	0.260200	0.181900
635216.9	0.201400	0.232600	0.213900	0.194800	0.185600	0.234300	0.201300	0.203100	0.215200	0.173400	0.339800	0.301700	0.176000
640381.3	0.202400	0.230100	0.210200	0.191400	0.188300	0.230100	0.196700	0.198000	0.209000	0.172100	0.332500	0.300300	0.175800
645545.6	0.202300	0.230000	0.210600	0.191000	0.189300	0.231400	0.195600	0.197800	0.208700	0.168500	0.340600	0.304500	0.173800
650710.0	0.199500	0.231400	0.209000	0.190300	0.185300	0.235300	0.194300	0.196100	0.208400	0.168200	0.336400	0.301100	0.173200
655874.3	0.197700	0.232800	0.207900	0.188600	0.180500	0.237400	0.193400	0.195200	0.207300	0.175400	0.321300	0.289100	0.176700
661038.7	0.190500	0.226000	0.205200	0.185600	0.177000	0.238200	0.191100	0.192200	0.202900	0.169700	0.311600	0.285400	0.176300
666203.1	0.184400	0.226300	0.207800	0.185500	0.178800	0.242600	0.191000	0.191100	0.201300	0.178600	0.283800	0.261800	0.182000
671367.4	0.185500	0.225600	0.209000	0.184900	0.181500	0.241500	0.191100	0.190500	0.201200	0.180000	0.287800	0.264300	0.181800
676531.8	0.203200	0.232000	0.209800	0.186500	0.173800	0.232200	0.192400	0.195300	0.204600	0.170300	0.324400	0.287200	0.174900
681696.2	0.200000	0.229700	0.215100	0.188400	0.174300	0.240500	0.193600	0.193100	0.203400	0.168400	0.335900	0.297800	0.176500
686860.5	0.186400	0.228300	0.211000	0.192000	0.169900	0.243300	0.197400	0.199800	0.212500	0.158500	0.337600	0.294800	0.168800
692024.9	0.189100	0.229100	0.213600	0.191200	0.175500	0.244300	0.193700	0.196900	0.205600	0.175300	0.285000	0.262300	0.177700
697189.3	0.187400	0.227500	0.209500	0.192500	0.173400	0.240600	0.193400	0.194900	0.203500	0.172400	0.285200	0.262200	0.176900
702353.6	0.186900	0.226100	0.211500	0.191600	0.177400	0.248200	0.191800	0.190400	0.199600	0.180700	0.302300	0.271200	0.181700
707518.0	0.200200	0.231000	0.207800	0.191300	0.171300	0.239500	0.194000	0.194000	0.203900	0.167500	0.340300	0.293700	0.173500
712682.3	0.205700	0.229200	0.201500	0.186900	0.171400	0.234500	0.188200	0.188400	0.197600	0.172800	0.322200	0.278900	0.174700
717846.7	0.198900	0.229900	0.203000	0.191300	0.175100	0.240000	0.192100	0.193500	0.203300	0.169900	0.329700	0.287800	0.175200
723011.1	0.204600	0.232400	0.203700	0.192300	0.174500	0.242500	0.193800	0.193900	0.203900	0.174600	0.330400	0.285200	0.176800
728175.4	0.186400	0.227100	0.201900	0.191900	0.173500	0.237300	0.191400	0.192400	0.202300	0.173300	0.286500	0.259200	0.177500
733339.8	0.182400	0.222800	0.200100	0.188900	0.169600	0.233300	0.189100	0.190800	0.200100	0.169700	0.277200	0.255800	0.175900
738504.2	0.187900	0.230800	0.203100	0.194300	0.167400	0.238800	0.191600	0.192900	0.204200	0.173400	0.286800	0.260300	0.176700
743668.5	0.181800	0.224600	0.197900	0.192900	0.165500	0.239300	0.189400	0.190200	0.199900	0.171500	0.277100	0.254100	0.177500
748832.9	0.182100	0.228200	0.200800	0.194200	0.168800	0.247900	0.191200	0.191000	0.201300	0.175500	0.285600	0.259200	0.181200
753997.3	0.201100	0.233200	0.205100	0.202100	0.169900	0.253100	0.198900	0.197600	0.207700	0.166400	0.359300	0.303400	0.172500
759161.6	0.210200	0.238200	0.208100	0.208100	0.168000	0.254000	0.203400	0.204900	0.215900	0.161500	0.372400	0.308400	0.169000
764326.0	0.202500	0.228200	0.206800	0.203100	0.166800	0.252400	0.199700	0.199000	0.208600	0.162200	0.368500	0.303900	0.170200
769490.3	0.207100	0.229600	0.208400	0.201000	0.166700	0.250800	0.197600	0.200600	0.208700	0.166000	0.351200	0.295600	0.171900
774654.7	0.190900	0.216600	0.205000	0.192600	0.168900	0.247100	0.189400	0.189400	0.196400	0.174000	0.326200	0.287500	0.179700
779819.1	0.187500	0.209600	0.202900	0.187900	0.168900	0.247500	0.186500	0.184600	0.192600	0.177300	0.316300	0.281500	0.180800
784983.4	0.200700	0.218900	0.205900	0.191700	0.165300	0.250300	0.191800	0.193800	0.200900	0.172200	0.336000	0.287000	0.176900
790147.8	0.206900	0.229200	0.209200	0.201800	0.162100	0.250900	0.201200	0.207400	0.215800	0.161800	0.363500	0.297500	0.168600
795312.2	0.200900	0.218100	0.204600	0.194000	0.167000	0.241300	0.190900	0.195400	0.202900	0.169900	0.329200	0.280100	0.174500
800476.5	0.187800	0.213400	0.205300	0.192400	0.177900	0.248100	0.189300	0.191500	0.198400	0.179800	0.310900	0.271100	0.182300
805640.9	0.186600	0.211900	0.204200	0.191000	0.177600	0.245800	0.189600	0.192100	0.199700	0.179100	0.303600	0.267900	0.180700
810805.3	0.189700	0.215900	0.207600	0.192200	0.175000	0.249900	0.193100	0.196900	0.204100	0.177500	0.310800	0.272700	0.178800
815969.6	0.205400	0.225100	0.205300	0.196900	0.166000	0.239500	0.200200	0.210000	0.220400	0.167200	0.330800	0.284600	0.169700
821134.0	0.197300	0.219600	0.210700	0.197200	0.168200	0.253700	0.198400	0.203000	0.211500	0.171300	0.364900	0.305000	0.171900
826298.3	0.182700	0.205500	0.205100	0.188100	0.169000	0.248800	0.188800	0.191000	0.197900	0.176800	0.334500	0.290700	0.177100
831462.7	0.197100	0.216300	0.211300	0.191800	0.168900	0.248600	0.192200	0.195700	0.200800	0.180700	0.347700	0.289500	0.177200
836627.1	0.183300	0.210900	0.208000	0.188900	0.169000	0.244700	0.189200	0.195100	0.200900	0.177100	0.298100	0.261800	0.177500
841791.4	0.187300	0.217600	0.208000	0.190300	0.171400	0.246000	0.189600	0.196400	0.202700	0.178000	0.293600	0.259800	0.178800
846955.8	0.187800	0.219600	0.205900	0.191300	0.172100	0.241400	0.192000	0.200700	0.206200	0.171800	0.292400	0.258700	0.175900
852120.2	0.185500	0.216500	0.203600	0.188600	0.173900	0.235400	0.189900	0.197600	0.203700	0.176700	0.285200	0.255800	0.175900
857284.5	0.176800	0.211600	0.205400	0.185900	0.175100	0.236900	0.187900	0.194200	0.199400	0.173000	0.281400	0.253300	0.178700
862448.9	0.181400	0.214900	0.207200	0.187800	0.174300	0.238700	0.189700	0.197800	0.202800	0.174600	0.284600	0.253600	0.178400
867613.3	0.178900	0.211900	0.203000	0.188600	0.175300	0.239400	0.189300	0.195100	0.201000	0.179800	0.287600	0.255300	0.182100
872777.6	0.179300	0.213400	0.200700	0.189100	0.172000	0.239400	0.190500	0.196300	0.204500	0.176000	0.288600	0.256200	0.180500
877942.0	0.178400	0.210900	0.198900	0.187900	0.169700	0.236300	0.190600	0.196400	0.201600	0.177900	0.289600	0.256000	0.180500
883106.3	0.182200	0.213800	0.178100	0.188100	0.150000	0.204700	0.193900	0.215200	0.222700	0.145600	0.293700	0.256900	0.161200
888270.7	0.202500	0.216000	0.203100	0.192300	0.164200	0.237000	0.196200	0.202700	0.205600	0.168300	0.385200	0.315600	0.173000
893435.1	0.205300	0.219300	0.205200	0.197700	0.163000	0.237900	0.199500	0.207700	0.213000	0.164800	0.393800	0.319200	0.171700
898599.4	0.202600	0.215800	0.203200	0.197700	0.163500	0.236800	0.196900	0.204600	0.209000	0.168700	0.383100	0.313700	0.174000
903763.8	0.202200	0.215100	0.203000	0.195100	0.162800	0.237200	0.196100	0.204800	0.208800	0.165700	0.382800	0.312800	0.174900
908928.2	0.199700	0.212400	0.201500	0.193800	0.163600	0.239100	0.194100	0.201200	0.205100	0.168200	0.382300	0.312400	0.176500
914092.5	0.205600	0.217400	0.205600	0.197200	0.163800	0.240800	0.199400	0.208600	0.212700	0.166100	0.389300	0.315000	0.173900
919256.9	0.200900	0.216700	0.204600	0.195500	0.164300	0.244600	0.198300	0.208500	0.211400	0.165700	0.390600	0.315000	0.173900
924421.3	0.202100	0.218500	0.207100	0.195800	0.165400	0.246800	0.198100	0.208800	0.211500	0.164100	0.390300	0.314300	0.175000
929585.6	0.198500	0.215500	0.209500	0.193500	0.167400	0.248200	0.195500	0.205600	0.208100	0.167900	0.383000	0.310800	0.177000
934750.0	0.199800	0.215800	0.214500	0.191100	0.169900	0.244200	0.193700	0.202900	0.205900	0.168000	0.378700	0.307500	0.175500
939914.3	0.199200	0.216700	0.234200	0.193000	0.172100	0.247700	0.195600	0.205600	0.210100	0.163700	0.387700	0.310500	0.174000
945078.7	0.200100	0.219100	0.277700	0.195800	0.173800	0.249900	0.195800	0.206500	0.209500	0.161800	0.393000	0.310800	0.173300
950243.1	0.197400	0.218700	0.291700	0.197700	0.176100	0.250800	0.197200	0.207100	0.211700	0.163500	0.388000	0.307700	0.173900
955407.4	0.196500	0.217600	0.278500	0.198100	0.180600	0.252900	0.194600	0.204400	0.206000	0.167800	0.383400	0.304600	0.176200
960571.8	0.199300	0.221700	0.276900	0.201800	0.181200	0.256300	0.199000	0.209500	0.211200	0.164100	0.391600	0.307900	0.174000
965736.2	0.193800	0.213900	0.264100	0.194500	0.184400	0.249400	0.190500	0.198800	0.201200	0.175800	0.349300	0.287200	0.179100
970900.5	0.189200	0.215200	0.264800	0.198500	0.190400	0.251900	0.193100	0.203000	0.205500	0.174000	0.332200	0.274900	0.180500
976064.9	0.188200	0.215800	0.259100	0.196500	0.189100	0.247100	0.192500	0.201800	0.205200	0.177000	0.326100	0.270400	0.181200
981229.2	0.185000	0.216500	0.260900	0.192800	0.180700	0.244900	0.191200	0.201900	0.206300	0.176600	0.307800	0.256800	0.178800
986393.6	0.175900	0.210600	0.264100	0.190700	0.183000	0.244600	0.188500	0.198400	0.199900	0.176900	0.300900	0.249700	0.181900
991558.0	0.180600	0.212400	0.262200	0.192100	0.189200	0.252100	0.191300	0.200400	0.202600	0.179400	0.303300	0.250400	0.181000
996722.3	0.179600	0.214000	0.258800	0.194300	0.198800	0.252800	0.190800	0.198100	0.202100	0.182400	0.304600	0.251800	0.184500
1001886.7	0.182500	0.213700	0.248500	0.194000	0.194800	0.249100	0.191200	0.199500	0.201500	0.181300	0.304600	0.252000	0.181700
1007051.1	0.182500	0.216600	0.240800	0.196400	0.190600	0.247700	0.191800	0.200400	0.204900	0.178300	0.304700	0.252000	0.180000
1012215.4	0.182200	0.215800	0.241200	0.197800	0.189800	0.251600	0.192700	0.198400	0.204100	0.184600	0.308400	0.253800	0.183700
1017379.8	0.183900	0.215900	0.241000	0.195200	0.188200	0.252200	0.190800	0.195300	0.200900	0.194300	0.306400	0.251400	0.185700
1022544.2	0.186100	0.222100	0.239100	0.200900	0.181900	0.252300	0.194100	0.201500	0.210000	0.179900	0.311700	0.254400	0.181700
