VERSION	1200
Time[MSec.]	Ratio	Ratio	Ratio	Ratio	Ratio	Ratio	Ratio	Ratio	Ratio	Ratio	Ratio
%.1f	%.4f	%.4f	%.4f	%.4f	%.4f	%.4f	%.4f	%.4f	%.4f	%.4f	%.4f
Time	ROI(1-1)	ROI(1-2)	ROI(1-3)	ROI(1-4)	ROI(1-5)	ROI(1-6)	ROI(1-7)	ROI(1-8)	ROI(1-9)	ROI(1-10)	ROI(1-11)
GraphNo	1	2	3	4	5	6	7	8	9	10	11
0.0	0.217200	0.205500	0.167600	0.325200	0.259500	0.380300	0.269500	0.217800	0.261900	0.236600	0.214100
5164.4	0.218700	0.207800	0.170600	0.342100	0.258400	0.384600	0.275300	0.216800	0.269400	0.241200	0.218900
10328.7	0.228000	0.200200	0.162000	0.329000	0.269900	0.393100	0.292700	0.221100	0.254800	0.231300	0.207300
15493.1	0.226800	0.211200	0.176000	0.366900	0.267500	0.397500	0.293700	0.220900	0.277200	0.244200	0.228600
20657.5	0.235100	0.204700	0.163900	0.348700	0.273500	0.406900	0.314400	0.225400	0.263400	0.235000	0.214600
25821.8	0.240300	0.211700	0.167600	0.356400	0.276200	0.416300	0.326100	0.228800	0.270300	0.239800	0.219800
30986.2	0.247300	0.211700	0.163700	0.338700	0.281900	0.428800	0.331200	0.231800	0.264200	0.238500	0.214800
36150.5	0.247700	0.213300	0.166800	0.336800	0.277300	0.431800	0.326200	0.230300	0.269000	0.240000	0.223500
41314.9	0.256400	0.218600	0.169600	0.332700	0.277900	0.442600	0.328700	0.233200	0.271100	0.244100	0.227000
46479.3	0.254400	0.224000	0.174600	0.335700	0.269800	0.445500	0.313100	0.231000	0.279500	0.250400	0.235500
51643.6	0.260000	0.221400	0.172300	0.320900	0.270700	0.449300	0.307400	0.231500	0.273000	0.241200	0.233200
56808.0	0.265600	0.225200	0.174700	0.317700	0.273100	0.464300	0.303600	0.234100	0.277000	0.248100	0.238200
61972.4	0.272900	0.228900	0.171700	0.308800	0.279100	0.477200	0.305700	0.237900	0.272300	0.244000	0.235400
67136.7	0.274600	0.226500	0.170000	0.296800	0.275800	0.476300	0.299100	0.236900	0.266200	0.239400	0.236000
72301.1	0.277800	0.232000	0.172800	0.301400	0.273600	0.482200	0.291400	0.236900	0.269600	0.241800	0.243400
77465.5	0.277700	0.239100	0.176700	0.305300	0.270100	0.488500	0.283000	0.236900	0.273500	0.246900	0.251400
82629.8	0.277300	0.242900	0.176900	0.303600	0.267700	0.494800	0.277600	0.236100	0.277400	0.252500	0.255200
87794.2	0.283900	0.243100	0.175300	0.297100	0.271900	0.504000	0.284100	0.242200	0.274600	0.247500	0.253400
92958.6	0.280000	0.250000	0.182000	0.306700	0.267500	0.502500	0.275700	0.240600	0.282500	0.253000	0.266300
98122.9	0.285700	0.240900	0.173800	0.283800	0.272700	0.496400	0.281100	0.243200	0.259900	0.233800	0.249300
103287.3	0.281100	0.248100	0.180100	0.292600	0.264500	0.482100	0.270300	0.240700	0.261100	0.232900	0.256700
108451.7	0.284600	0.233600	0.168300	0.265300	0.266000	0.473000	0.274700	0.242400	0.236300	0.213900	0.235000
113616.0	0.279500	0.242200	0.176400	0.277400	0.258700	0.466400	0.265900	0.240700	0.240700	0.216700	0.245700
118780.4	0.280300	0.236100	0.168600	0.265800	0.261200	0.455100	0.266700	0.240900	0.223900	0.206900	0.229700
123944.7	0.280800	0.235400	0.168700	0.262400	0.259500	0.449300	0.265000	0.240700	0.219100	0.201300	0.229900
129109.1	0.280900	0.233800	0.170200	0.257800	0.255200	0.436300	0.261200	0.238400	0.216400	0.198100	0.230200
134273.5	0.279700	0.232700	0.170200	0.255700	0.256300	0.430200	0.261200	0.240100	0.212000	0.194300	0.227800
139437.8	0.278400	0.225400	0.162400	0.244300	0.254000	0.419700	0.259500	0.237900	0.201900	0.186000	0.214000
144602.2	0.278500	0.231900	0.165600	0.250400	0.254100	0.419600	0.258100	0.238500	0.201300	0.186200	0.220100
149766.6	0.277000	0.222500	0.160200	0.238100	0.251400	0.407100	0.256400	0.235700	0.190800	0.177600	0.210400
154930.9	0.276100	0.233100	0.166400	0.248700	0.248800	0.406200	0.252600	0.237200	0.198400	0.183800	0.220000
160095.3	0.275200	0.230300	0.167000	0.246800	0.247100	0.398700	0.252200	0.235600	0.196600	0.181000	0.218000
165259.7	0.274800	0.228500	0.165300	0.243300	0.245400	0.390600	0.249400	0.234100	0.192500	0.180300	0.217400
170424.0	0.271300	0.227600	0.165600	0.237400	0.240600	0.381800	0.246100	0.232500	0.188300	0.176200	0.215000
175588.4	0.274300	0.228400	0.163900	0.239100	0.243500	0.381200	0.248700	0.234000	0.187300	0.176500	0.215000
180752.7	0.271800	0.229700	0.166600	0.241100	0.239500	0.374400	0.244600	0.232300	0.188500	0.176400	0.215100
185917.1	0.273600	0.231800	0.168800	0.243300	0.238500	0.372200	0.245000	0.233400	0.188500	0.177400	0.220300
191081.5	0.278100	0.228500	0.159800	0.231500	0.243400	0.372400	0.250100	0.236000	0.179300	0.170000	0.206100
196245.8	0.275300	0.223000	0.158900	0.227800	0.241800	0.364500	0.248900	0.234900	0.176600	0.167100	0.204800
201410.2	0.272400	0.226000	0.163000	0.230200	0.238800	0.359800	0.246900	0.233400	0.179200	0.166700	0.211900
206574.6	0.270100	0.226200	0.164100	0.230900	0.237200	0.351400	0.243200	0.230500	0.178900	0.167700	0.214400
211738.9	0.269200	0.226900	0.164500	0.231300	0.235200	0.348200	0.240700	0.230500	0.177500	0.165000	0.213700
216903.3	0.267000	0.226300	0.165800	0.231100	0.232400	0.342800	0.239900	0.229900	0.178800	0.167200	0.214300
222067.7	0.275900	0.221900	0.156800	0.218400	0.240300	0.348600	0.249800	0.235300	0.169300	0.159500	0.201300
227232.0	0.268400	0.224600	0.164500	0.229400	0.231800	0.338700	0.239200	0.230100	0.175800	0.165100	0.211400
232396.4	0.269300	0.222700	0.161100	0.227500	0.232900	0.337000	0.240700	0.232800	0.172300	0.163500	0.208700
237560.8	0.277200	0.221800	0.154300	0.217500	0.241800	0.344700	0.250800	0.237200	0.164600	0.158100	0.197100
242725.1	0.268600	0.216400	0.154200	0.215800	0.234700	0.330600	0.243100	0.231500	0.163400	0.155200	0.197900
247889.5	0.263900	0.226000	0.164900	0.230600	0.229100	0.328600	0.236300	0.230400	0.175000	0.163400	0.215100
253053.8	0.268800	0.225100	0.159800	0.222700	0.235800	0.331000	0.243000	0.235300	0.168600	0.159400	0.205100
258218.2	0.263900	0.213500	0.153600	0.211900	0.231000	0.319700	0.241000	0.229700	0.159100	0.152100	0.196800
263382.6	0.261200	0.214500	0.153900	0.212100	0.231200	0.317300	0.236900	0.228700	0.159800	0.152700	0.197000
268546.9	0.259700	0.222300	0.160200	0.223100	0.230600	0.316800	0.234000	0.229600	0.165700	0.156600	0.204100
273711.3	0.253600	0.220600	0.161200	0.224700	0.223800	0.308700	0.228100	0.224400	0.166200	0.157600	0.206700
278875.7	0.258700	0.219900	0.158800	0.220700	0.226100	0.311500	0.235700	0.230200	0.164600	0.157300	0.202000
284040.0	0.256500	0.219800	0.160300	0.224100	0.225600	0.308800	0.232700	0.228900	0.166300	0.158800	0.204900
289204.4	0.258000	0.215000	0.155100	0.215300	0.228100	0.305200	0.234600	0.230500	0.159400	0.153900	0.196800
294368.7	0.257500	0.210600	0.150600	0.204700	0.231800	0.305700	0.240600	0.233300	0.154500	0.147300	0.188900
299533.1	0.251900	0.209300	0.151900	0.208600	0.225800	0.300500	0.233800	0.228000	0.155800	0.147200	0.191600
304697.5	0.251800	0.212100	0.153700	0.210800	0.226400	0.298100	0.231100	0.227600	0.156300	0.149700	0.191700
309861.8	0.253900	0.212900	0.153300	0.209200	0.228600	0.301200	0.234600	0.231400	0.156100	0.147900	0.192800
315026.2	0.254200	0.210800	0.152000	0.207900	0.229100	0.299400	0.237200	0.231500	0.154200	0.146700	0.190000
320190.6	0.245000	0.212700	0.155800	0.214200	0.222200	0.290200	0.226800	0.224000	0.158000	0.148200	0.194300
325354.9	0.248300	0.209500	0.151900	0.207900	0.225500	0.292900	0.231700	0.227700	0.153100	0.146700	0.188000
330519.3	0.244800	0.205200	0.148300	0.203500	0.224400	0.287100	0.227700	0.225300	0.148400	0.142000	0.182100
335683.6	0.245300	0.207100	0.148900	0.204200	0.224100	0.288700	0.229200	0.225500	0.148000	0.140600	0.183000
340848.0	0.245300	0.206600	0.148200	0.203300	0.224400	0.287500	0.229000	0.227100	0.146900	0.142400	0.182800
346012.4	0.235200	0.208500	0.154800	0.213800	0.216000	0.276200	0.216000	0.217800	0.154000	0.146400	0.191100
351176.7	0.238900	0.201800	0.147800	0.200000	0.218700	0.277900	0.222700	0.220400	0.145500	0.138200	0.182200
356341.1	0.236100	0.200600	0.145900	0.199700	0.216600	0.273700	0.219900	0.217200	0.143100	0.136400	0.179300
361505.5	0.240500	0.196100	0.140300	0.190600	0.221500	0.276800	0.226200	0.221600	0.137400	0.133400	0.169300
366669.8	0.238000	0.195600	0.139300	0.191400	0.219700	0.274000	0.223400	0.219300	0.138000	0.132700	0.169100
371834.2	0.237400	0.199100	0.142300	0.196400	0.218400	0.273400	0.222700	0.219700	0.140600	0.135800	0.171800
376998.6	0.230900	0.199900	0.144600	0.199000	0.215500	0.271200	0.217400	0.216200	0.142200	0.137000	0.173500
382162.9	0.229100	0.203600	0.147900	0.206300	0.212400	0.266200	0.212700	0.213900	0.144700	0.140000	0.179900
387327.3	0.233000	0.203500	0.144900	0.203500	0.217300	0.271400	0.218400	0.218900	0.142900	0.140000	0.176800
392491.6	0.228300	0.202900	0.149000	0.206600	0.213700	0.265800	0.213800	0.214900	0.146200	0.139100	0.180500
397656.0	0.235700	0.198000	0.142800	0.194700	0.221100	0.270100	0.221900	0.221500	0.140600	0.133800	0.170100
402820.4	0.230800	0.199500	0.144300	0.201600	0.216900	0.264500	0.216600	0.217500	0.142600	0.137800	0.175000
407984.7	0.230700	0.197400	0.141100	0.197800	0.218900	0.266500	0.219000	0.219200	0.139900	0.134200	0.168900
413149.1	0.232700	0.202100	0.143400	0.202300	0.220700	0.268400	0.221300	0.221200	0.141300	0.136500	0.171700
418313.5	0.225900	0.197500	0.144000	0.199000	0.214500	0.263200	0.214100	0.217300	0.141200	0.135000	0.171000
423477.8	0.226500	0.196200	0.141500	0.195000	0.214500	0.260600	0.214600	0.215100	0.137100	0.131500	0.168200
428642.2	0.221200	0.195600	0.142100	0.198800	0.211300	0.256700	0.211600	0.213200	0.138700	0.134300	0.169800
433806.5	0.225100	0.191300	0.139800	0.193100	0.213400	0.256100	0.214500	0.213700	0.135500	0.131200	0.164600
438970.9	0.221900	0.197200	0.142800	0.200000	0.213100	0.255700	0.209300	0.214100	0.140100	0.136100	0.168400
444135.3	0.221100	0.199100	0.146400	0.202400	0.211400	0.257200	0.209400	0.214900	0.142200	0.137100	0.173400
449299.6	0.220000	0.194600	0.143600	0.198600	0.211100	0.254200	0.210500	0.212200	0.139800	0.132200	0.167900
454464.0	0.218800	0.191700	0.141300	0.195200	0.209200	0.250800	0.208700	0.210500	0.137200	0.131700	0.165300
459628.4	0.215400	0.190400	0.138300	0.194300	0.212300	0.251300	0.208000	0.209900	0.135400	0.130700	0.162000
464792.7	0.217500	0.192300	0.142000	0.195600	0.209800	0.250800	0.208200	0.210900	0.138100	0.132100	0.165700
469957.1	0.218800	0.192000	0.141500	0.194600	0.210400	0.251800	0.209000	0.211700	0.138300	0.130100	0.163900
475121.4	0.220700	0.195100	0.141200	0.197100	0.214100	0.255200	0.211400	0.213700	0.136800	0.132700	0.164400
480285.8	0.219600	0.194700	0.140700	0.197100	0.213200	0.252500	0.210500	0.212900	0.136200	0.133600	0.162700
485450.2	0.223100	0.188500	0.135900	0.188500	0.217600	0.254900	0.215600	0.216000	0.130300	0.127400	0.155100
490614.5	0.215300	0.191200	0.141100	0.193800	0.210100	0.247200	0.207000	0.209600	0.136500	0.130900	0.163900
495778.9	0.217700	0.194400	0.142300	0.198900	0.210400	0.249900	0.208100	0.211200	0.137700	0.133400	0.164500
500943.3	0.215400	0.193700	0.142700	0.197400	0.210100	0.247000	0.206000	0.210300	0.137300	0.132100	0.164600
506107.6	0.218500	0.192400	0.140800	0.195400	0.212200	0.250500	0.211100	0.212100	0.135300	0.131900	0.161200
511272.0	0.217600	0.185400	0.136700	0.186200	0.211300	0.247300	0.212400	0.211300	0.131500	0.126500	0.154400
516436.3	0.213800	0.195700	0.144400	0.199900	0.209100	0.247700	0.205400	0.209500	0.138200	0.134900	0.166300
521600.7	0.210500	0.190100	0.141300	0.195700	0.206200	0.242700	0.203300	0.206800	0.136200	0.130500	0.161500
526765.1	0.213700	0.187900	0.139600	0.191300	0.209300	0.243900	0.207600	0.209000	0.133200	0.127600	0.160200
531929.4	0.213200	0.190500	0.139700	0.194800	0.209100	0.244300	0.205700	0.209400	0.134500	0.130600	0.158600
537093.8	0.213900	0.191900	0.140300	0.197300	0.209600	0.247100	0.205400	0.210400	0.134500	0.131300	0.160700
542258.2	0.213100	0.189900	0.138500	0.194100	0.210300	0.246700	0.207900	0.210700	0.134700	0.129600	0.157300
547422.5	0.213000	0.189700	0.139800	0.194400	0.209600	0.245100	0.205700	0.209200	0.133400	0.128500	0.158500
552586.9	0.209400	0.184900	0.140400	0.190600	0.204700	0.239700	0.203500	0.206900	0.133900	0.126800	0.158200
557751.2	0.214400	0.186200	0.135600	0.189100	0.212100	0.245100	0.210500	0.210400	0.128900	0.127200	0.153600
562915.6	0.208000	0.191800	0.143800	0.202000	0.203400	0.238800	0.199500	0.205400	0.136700	0.131400	0.163800
568080.0	0.210200	0.185200	0.136500	0.189400	0.208300	0.240200	0.205400	0.208300	0.129700	0.127700	0.153100
573244.3	0.206500	0.185500	0.139000	0.192900	0.204700	0.237100	0.202900	0.205600	0.132700	0.128100	0.155900
578408.7	0.207100	0.185800	0.137900	0.191900	0.205400	0.238700	0.202500	0.205700	0.131200	0.127700	0.153300
583573.1	0.207700	0.181400	0.134000	0.185000	0.206300	0.237400	0.204000	0.206000	0.128600	0.122800	0.149000
588737.4	0.206600	0.190600	0.142300	0.201100	0.204900	0.238200	0.198900	0.205900	0.135700	0.131600	0.161100
593901.8	0.204400	0.192800	0.144100	0.201900	0.202600	0.237200	0.197000	0.205000	0.137300	0.132300	0.163000
599066.1	0.209100	0.184900	0.135200	0.190300	0.208300	0.238300	0.204300	0.208100	0.129900	0.124300	0.150200
604230.5	0.206100	0.182100	0.134100	0.188100	0.206900	0.237200	0.203300	0.205700	0.127800	0.124700	0.148500
609394.9	0.204400	0.188100	0.138600	0.195900	0.203500	0.236400	0.198800	0.205200	0.133500	0.128300	0.153900
614559.2	0.204000	0.182200	0.136900	0.190800	0.203000	0.233200	0.199100	0.203900	0.131100	0.125100	0.153000
619723.6	0.204300	0.187300	0.138700	0.197000	0.203400	0.234900	0.197900	0.205100	0.133600	0.129200	0.155400
624888.0	0.205100	0.188400	0.140200	0.197600	0.203700	0.236300	0.198200	0.205300	0.133700	0.129100	0.156100
630052.3	0.208600	0.184000	0.134300	0.190500	0.208100	0.238500	0.203700	0.208000	0.129100	0.125400	0.148400
635216.7	0.203500	0.189100	0.141400	0.200700	0.202200	0.233700	0.195600	0.203200	0.134700	0.129500	0.156700
640381.0	0.205500	0.188800	0.139300	0.197300	0.205200	0.236700	0.199500	0.205700	0.133400	0.128900	0.154100
645545.4	0.205700	0.180100	0.132300	0.186600	0.208800	0.235900	0.202700	0.206500	0.126300	0.123300	0.145800
650709.8	0.206000	0.185100	0.135000	0.190200	0.208800	0.236900	0.201000	0.207200	0.128700	0.127700	0.148500
655874.1	0.200400	0.188000	0.141200	0.198600	0.199400	0.230400	0.194000	0.201900	0.134500	0.128900	0.157500
661038.5	0.201100	0.181600	0.134900	0.191100	0.203500	0.229900	0.196700	0.201900	0.128400	0.124200	0.149300
666202.9	0.198900	0.188500	0.141100	0.200500	0.201300	0.231500	0.193300	0.201900	0.134800	0.130300	0.157200
671367.2	0.205200	0.181000	0.132400	0.186400	0.208200	0.234700	0.200900	0.206300	0.126200	0.122600	0.144600
676531.6	0.199800	0.180200	0.133900	0.189900	0.202100	0.227500	0.195500	0.200600	0.126800	0.123600	0.147400
681695.9	0.201100	0.188500	0.139800	0.197500	0.203700	0.232800	0.195700	0.204500	0.133600	0.128700	0.154800
686860.3	0.202900	0.183500	0.136800	0.192100	0.204200	0.232500	0.198100	0.205200	0.128800	0.125300	0.151100
692024.7	0.201600	0.179800	0.133000	0.187000	0.205700	0.230900	0.198600	0.204000	0.126900	0.122300	0.145100
697189.0	0.198200	0.180700	0.135100	0.191400	0.202300	0.227900	0.194800	0.201400	0.128200	0.123700	0.148700
702353.4	0.195700	0.186500	0.139800	0.202300	0.198300	0.227100	0.189700	0.199500	0.133200	0.129200	0.153400
707517.8	0.199500	0.180400	0.135000	0.191800	0.201600	0.227900	0.193400	0.201000	0.128400	0.124400	0.147900
712682.1	0.199400	0.180700	0.135200	0.192900	0.202800	0.226900	0.195200	0.202000	0.128400	0.122500	0.148000
717846.5	0.204100	0.179100	0.130500	0.185700	0.207600	0.231800	0.199000	0.204700	0.124200	0.122200	0.142100
723010.9	0.197300	0.178700	0.133900	0.189000	0.202000	0.227200	0.193700	0.201800	0.127000	0.123600	0.144500
728175.2	0.196400	0.178500	0.133500	0.191500	0.200900	0.225000	0.192500	0.199900	0.126400	0.122400	0.147400
733339.6	0.201000	0.178700	0.131300	0.187800	0.205200	0.228300	0.196500	0.203600	0.123900	0.121200	0.143300
738503.9	0.196200	0.177400	0.134400	0.188100	0.201400	0.223900	0.191900	0.200300	0.126600	0.121900	0.145800
743668.3	0.198700	0.179300	0.132900	0.189400	0.203500	0.226600	0.193600	0.201600	0.125900	0.122000	0.143800
748832.7	0.196100	0.177200	0.133200	0.187800	0.202500	0.225900	0.193000	0.200800	0.126000	0.120600	0.145500
753997.0	0.197800	0.179800	0.135200	0.191000	0.203400	0.225400	0.191500	0.201100	0.126900	0.121400	0.147200
759161.4	0.194600	0.178700	0.136600	0.190900	0.199000	0.221400	0.188900	0.198800	0.127500	0.122200	0.148700
764325.8	0.195300	0.181500	0.136100	0.194100	0.202200	0.225200	0.192200	0.201300	0.129000	0.124600	0.148200
769490.1	0.199800	0.173400	0.128800	0.181700	0.207100	0.226100	0.197400	0.202800	0.121200	0.117000	0.137900
774654.5	0.196500	0.172100	0.129200	0.181500	0.203800	0.224000	0.194400	0.201200	0.121700	0.119000	0.138100
779818.8	0.193900	0.179700	0.135600	0.192100	0.200600	0.222200	0.188500	0.198400	0.127400	0.124800	0.145800
784983.2	0.194500	0.182100	0.137400	0.195500	0.201300	0.222200	0.188600	0.199700	0.129800	0.125300	0.148600
790147.6	0.195800	0.177100	0.133100	0.188700	0.201900	0.222300	0.190800	0.199600	0.125100	0.123500	0.143500
795311.9	0.194900	0.177500	0.133400	0.188500	0.202900	0.223400	0.191600	0.200800	0.125800	0.122600	0.143500
800476.3	0.194000	0.178700	0.135500	0.189800	0.200400	0.222400	0.189500	0.200100	0.128000	0.123900	0.146500
805640.7	0.194800	0.176600	0.131500	0.187100	0.204300	0.223400	0.192300	0.201800	0.124400	0.120500	0.142200
810805.0	0.193200	0.177400	0.135200	0.189600	0.200300	0.220800	0.188700	0.198400	0.127300	0.122800	0.143500
815969.4	0.192500	0.175100	0.133700	0.188200	0.200900	0.220100	0.189200	0.198600	0.126000	0.120500	0.143500
821133.7	0.195200	0.171900	0.128700	0.180800	0.204600	0.222100	0.193000	0.200700	0.120500	0.117700	0.136300
826298.1	0.193300	0.171400	0.130500	0.185000	0.201400	0.219700	0.191000	0.198500	0.122900	0.117700	0.139300
831462.5	0.191300	0.179600	0.139200	0.195900	0.197900	0.218700	0.185400	0.196700	0.130500	0.125000	0.148500
836626.8	0.192800	0.174300	0.134000	0.187700	0.201500	0.217800	0.189000	0.197400	0.125400	0.120700	0.142100
841791.2	0.192500	0.173200	0.131800	0.184500	0.202700	0.220700	0.191300	0.200000	0.123300	0.121500	0.140000
846955.6	0.194000	0.173500	0.131100	0.183000	0.203500	0.219300	0.190800	0.199200	0.122300	0.119400	0.138500
852119.9	0.189600	0.171700	0.132800	0.187600	0.197700	0.214900	0.188100	0.195500	0.123700	0.119800	0.141200
857284.3	0.189300	0.179100	0.138600	0.196400	0.197800	0.217400	0.184800	0.196100	0.129200	0.122800	0.149000
862448.6	0.191700	0.172600	0.132200	0.185100	0.201600	0.217600	0.189200	0.197200	0.123600	0.119700	0.141600
867613.0	0.193900	0.169100	0.128400	0.177600	0.206400	0.221100	0.194900	0.200700	0.120500	0.117800	0.135500
872777.4	0.189400	0.168400	0.130000	0.180300	0.200800	0.215400	0.189200	0.196600	0.121800	0.117900	0.138000
877941.7	0.187400	0.175800	0.137200	0.193000	0.194400	0.212200	0.183300	0.193500	0.128100	0.123300	0.145700
883106.1	0.193100	0.167300	0.127000	0.176600	0.205700	0.219500	0.194500	0.200400	0.118500	0.115000	0.132900
888270.5	0.189200	0.180500	0.137500	0.198300	0.198500	0.217900	0.185300	0.197600	0.128900	0.125000	0.146700
893434.8	0.190600	0.170100	0.128700	0.181600	0.201700	0.216700	0.189800	0.198100	0.121600	0.118000	0.137000
898599.2	0.191800	0.168200	0.128500	0.179200	0.203600	0.218100	0.193300	0.198800	0.121800	0.116900	0.136000
903763.5	0.187400	0.174300	0.134700	0.188300	0.198500	0.216800	0.186700	0.196600	0.126700	0.121800	0.144100
908927.9	0.189300	0.172500	0.131500	0.184900	0.201500	0.215800	0.188700	0.197300	0.123000	0.119500	0.140200
914092.3	0.190600	0.175600	0.132700	0.189500	0.200200	0.216700	0.187500	0.197400	0.124400	0.121300	0.141800
919256.6	0.188500	0.174000	0.133800	0.187600	0.197800	0.213800	0.185500	0.195700	0.126200	0.123400	0.142800
924421.0	0.187200	0.172700	0.132900	0.187300	0.198500	0.214700	0.187000	0.195100	0.125000	0.122000	0.141100
929585.4	0.189600	0.166000	0.129300	0.176600	0.200100	0.214200	0.191400	0.198000	0.120900	0.114600	0.135900
934749.7	0.189400	0.171400	0.131000	0.184800	0.200400	0.214800	0.188300	0.196700	0.123100	0.119800	0.139200
939914.1	0.188900	0.167800	0.128300	0.178900	0.202500	0.213300	0.190600	0.197200	0.119800	0.118100	0.136400
945078.4	0.188000	0.171600	0.129900	0.185400	0.201000	0.214600	0.188200	0.196100	0.122100	0.120200	0.138000
950242.8	0.186800	0.169600	0.130900	0.184600	0.198500	0.211400	0.186800	0.194000	0.122800	0.116600	0.139500
955407.2	0.187000	0.169600	0.130300	0.182800	0.198800	0.212000	0.187500	0.194900	0.121600	0.118000	0.138500
960571.5	0.185500	0.171400	0.132400	0.186100	0.197700	0.213800	0.186900	0.195000	0.124600	0.120300	0.139800
965735.9	0.187900	0.167900	0.127300	0.180300	0.200400	0.212500	0.190100	0.196700	0.119900	0.115700	0.134100
970900.3	0.185800	0.173600	0.133200	0.190200	0.198000	0.213700	0.186600	0.195800	0.125500	0.120800	0.142500
976064.6	0.188200	0.172800	0.131600	0.186000	0.200400	0.215300	0.189700	0.197700	0.123900	0.122900	0.140500
981229.0	0.186200	0.171500	0.130900	0.188400	0.198300	0.210900	0.187600	0.195000	0.123500	0.119800	0.138600
986393.3	0.186200	0.169000	0.132000	0.184800	0.198000	0.211500	0.188400	0.195500	0.122900	0.119100	0.138900
991557.7	0.185600	0.173800	0.134200	0.191200	0.197800	0.212300	0.186700	0.195100	0.126300	0.122000	0.143900
996722.1	0.188200	0.173200	0.131200	0.185700	0.201500	0.215700	0.190500	0.198000	0.124400	0.121100	0.138600
1001886.4	0.186500	0.168600	0.130400	0.184800	0.198900	0.210900	0.189800	0.194400	0.122100	0.118000	0.138400
1007050.8	0.188700	0.166200	0.126700	0.177900	0.203600	0.213500	0.193300	0.197300	0.117900	0.116500	0.133500
1012215.2	0.186600	0.169000	0.130100	0.184400	0.199200	0.213100	0.190000	0.196300	0.122600	0.117800	0.137700
1017379.5	0.182400	0.171100	0.133500	0.188300	0.195700	0.208800	0.184800	0.191900	0.125100	0.120400	0.141400
1022543.9	0.187100	0.175600	0.133700	0.189800	0.200700	0.215700	0.190100	0.196700	0.126200	0.121700	0.141700
1027708.2	0.186100	0.170900	0.130900	0.184300	0.201500	0.213400	0.191800	0.197600	0.123200	0.119400	0.138800
1032872.6	0.185000	0.165600	0.128900	0.179500	0.199900	0.208200	0.190600	0.193900	0.121000	0.116000	0.134600
1038037.0	0.183900	0.167700	0.131800	0.182000	0.197700	0.209300	0.188200	0.193500	0.123300	0.119500	0.139500
1043201.3	0.184100	0.167800	0.129600	0.181100	0.199800	0.210600	0.190000	0.195200	0.122000	0.118100	0.136600
1048365.7	0.183700	0.170600	0.132600	0.184900	0.197800	0.209200	0.188000	0.194000	0.124300	0.119300	0.139500
1053530.1	0.186100	0.163300	0.126500	0.175100	0.202200	0.209900	0.193700	0.195900	0.118900	0.114100	0.131100
1058694.4	0.184100	0.168900	0.130700	0.183200	0.198200	0.208300	0.188300	0.193900	0.122900	0.118500	0.138600
1063858.8	0.181500	0.164800	0.130200	0.179700	0.196300	0.205400	0.186000	0.190900	0.120900	0.116000	0.136900
1069023.1	0.185300	0.165100	0.127000	0.175800	0.201100	0.210400	0.191100	0.194800	0.118300	0.115900	0.132500
1074187.5	0.184200	0.171800	0.133600	0.187100	0.198300	0.210400	0.186900	0.194000	0.124800	0.120300	0.141200
1079351.9	0.180700	0.166600	0.131300	0.182600	0.195200	0.204500	0.184200	0.189500	0.121600	0.116700	0.139100
1084516.2	0.182100	0.167100	0.130500	0.183400	0.197000	0.207400	0.186100	0.192800	0.122200	0.119400	0.137500
1089680.6	0.182600	0.169000	0.132300	0.186100	0.196900	0.206300	0.185900	0.191800	0.123100	0.117200	0.140900
1094845.0	0.180800	0.166100	0.129500	0.180700	0.196800	0.204100	0.184000	0.190300	0.121000	0.116900	0.137300
1100009.3	0.184500	0.168600	0.130100	0.181400	0.200300	0.209500	0.189800	0.194700	0.122000	0.117800	0.136400
1105173.7	0.183600	0.163200	0.126500	0.177000	0.199800	0.206700	0.188600	0.193100	0.118600	0.115200	0.132600
1110338.0	0.182600	0.167300	0.130400	0.183500	0.197900	0.206100	0.187000	0.191800	0.122100	0.116300	0.137100
1115502.4	0.184400	0.167000	0.129200	0.182400	0.199900	0.207900	0.188200	0.193700	0.120500	0.116300	0.136000
1120666.8	0.182300	0.171400	0.133400	0.188700	0.197200	0.207500	0.183800	0.193000	0.125300	0.121400	0.140700
1125831.1	0.182300	0.165000	0.129400	0.180100	0.199800	0.206000	0.186800	0.192600	0.119500	0.116600	0.134700
1130995.5	0.182600	0.168900	0.132300	0.185300	0.197700	0.206700	0.184900	0.192700	0.123300	0.119200	0.139400
1136159.9	0.182800	0.161400	0.127300	0.172800	0.200300	0.206500	0.188300	0.192900	0.118800	0.112800	0.132300
1141324.2	0.183300	0.166700	0.129400	0.182000	0.199600	0.206200	0.185900	0.193300	0.120500	0.116700	0.135600
1146488.6	0.184100	0.166200	0.127300	0.178500	0.202000	0.208300	0.188300	0.194200	0.119500	0.117000	0.133600
1151652.9	0.180100	0.166000	0.131900	0.181500	0.195600	0.203600	0.182900	0.190500	0.122600	0.117200	0.137400
1156817.3	0.182500	0.170400	0.132500	0.187000	0.198800	0.206500	0.185200	0.192400	0.123400	0.119200	0.139000
1161981.7	0.181600	0.166300	0.130800	0.181100	0.196300	0.205000	0.183700	0.192000	0.122700	0.117100	0.137800
1167146.0	0.183400	0.165800	0.129000	0.181900	0.201000	0.207100	0.185700	0.192100	0.119800	0.116600	0.136700
1172310.4	0.181000	0.163300	0.127900	0.179000	0.201700	0.204800	0.187000	0.192300	0.119100	0.114300	0.132100
1177474.8	0.184400	0.164400	0.127100	0.177200	0.202400	0.208100	0.189000	0.195000	0.118600	0.114900	0.132100
1182639.1	0.183500	0.165200	0.132200	0.180500	0.203100	0.208500	0.189800	0.197100	0.124400	0.116800	0.138100
1187803.5	0.186700	0.165300	0.134900	0.180300	0.205400	0.209100	0.191800	0.201000	0.127800	0.119800	0.137700
1192967.8	0.185400	0.169300	0.135600	0.187700	0.204500	0.210100	0.190500	0.200200	0.127100	0.121900	0.141000
1198132.2	0.184300	0.162700	0.131700	0.178200	0.205100	0.209300	0.191000	0.199400	0.123500	0.117700	0.136600
1203296.6	0.186400	0.164500	0.130100	0.180100	0.207500	0.210600	0.192900	0.201300	0.122700	0.117100	0.135400
1208460.9	0.185900	0.162900	0.129400	0.179200	0.203900	0.209100	0.192700	0.200500	0.121500	0.117000	0.135100
1213625.3	0.185000	0.163600	0.129300	0.178500	0.203800	0.210200	0.191700	0.199300	0.120100	0.115700	0.136400
1218789.7	0.183200	0.169400	0.133200	0.190800	0.201500	0.209800	0.188000	0.200200	0.124600	0.121300	0.141200
1223954.0	0.184400	0.168300	0.133800	0.184800	0.203500	0.210400	0.189400	0.201200	0.126000	0.121100	0.140000
1229118.4	0.190500	0.162100	0.129900	0.179100	0.206300	0.210700	0.193100	0.202200	0.122500	0.118200	0.135400
1234282.7	0.200800	0.165000	0.131300	0.182100	0.207400	0.214500	0.194500	0.205300	0.125500	0.119500	0.137400
1239447.1	0.210900	0.170000	0.134400	0.191400	0.209700	0.219700	0.194100	0.208000	0.128000	0.122800	0.144100
1244611.5	0.223700	0.169800	0.134400	0.190300	0.210000	0.223500	0.200600	0.213100	0.129800	0.125700	0.145000
1249775.8	0.238100	0.175800	0.137900	0.199300	0.212700	0.230800	0.206200	0.219200	0.134900	0.130300	0.151800
1254940.2	0.249600	0.174100	0.138500	0.199900	0.213700	0.231500	0.212200	0.220000	0.135300	0.129100	0.154300
1260104.6	0.265100	0.175100	0.138700	0.199300	0.217200	0.238200	0.222000	0.230200	0.137100	0.130300	0.154900
1265268.9	0.283800	0.174700	0.138400	0.203800	0.221100	0.242700	0.228200	0.237400	0.137800	0.133200	0.155500
1270433.3	0.298400	0.173600	0.137900	0.201900	0.223300	0.246600	0.232700	0.242000	0.137300	0.132100	0.155600
1275597.6	0.315000	0.176700	0.139400	0.209100	0.225900	0.254000	0.240400	0.249500	0.141600	0.135000	0.159700
1280762.0	0.323800	0.179100	0.142300	0.212200	0.226400	0.259200	0.245100	0.253300	0.145300	0.137500	0.163800
1285926.4	0.334200	0.175700	0.138200	0.209100	0.230500	0.261700	0.255200	0.259000	0.141000	0.136500	0.161100
1291090.7	0.340500	0.181600	0.145000	0.220300	0.231400	0.271000	0.259300	0.265700	0.149600	0.142700	0.170400
1296255.1	0.358600	0.181500	0.141300	0.217800	0.241900	0.281800	0.278200	0.278600	0.147600	0.141400	0.166400
1301419.4	0.362600	0.177000	0.138000	0.214000	0.243500	0.287100	0.285300	0.282500	0.144800	0.138500	0.165000
1306583.8	0.363800	0.181500	0.139700	0.221300	0.246800	0.295200	0.289700	0.286700	0.147900	0.142500	0.165900
1311748.2	0.360400	0.179400	0.139200	0.222800	0.244200	0.296000	0.291800	0.283800	0.147500	0.144100	0.168900
1316912.5	0.363100	0.181300	0.140000	0.227600	0.245400	0.304100	0.296200	0.288700	0.150900	0.145900	0.171200
1322076.9	0.371200	0.180200	0.138800	0.221200	0.249100	0.313000	0.308400	0.297300	0.150200	0.144400	0.169500
1327241.3	0.361500	0.183400	0.144600	0.230900	0.244200	0.313500	0.302100	0.294800	0.156400	0.149600	0.179400
1332405.6	0.371500	0.187700	0.144300	0.233100	0.250700	0.326000	0.311500	0.303400	0.158000	0.151200	0.181300
1337570.0	0.365500	0.184700	0.143700	0.229700	0.250200	0.328900	0.310000	0.300700	0.159800	0.153700	0.179100
1342734.3	0.365700	0.183700	0.140900	0.226900	0.251300	0.335600	0.306200	0.302300	0.158700	0.152700	0.180100
1347898.7	0.368800	0.184600	0.141100	0.229100	0.256200	0.345000	0.310400	0.309700	0.159900	0.153100	0.178800
1353063.1	0.367700	0.194300	0.145400	0.241400	0.257200	0.352300	0.303000	0.313500	0.167000	0.157500	0.185700
1358227.4	0.349200	0.195000	0.147700	0.242600	0.251800	0.344000	0.292400	0.308600	0.169600	0.158900	0.190900
1363391.8	0.336000	0.192700	0.145300	0.235900	0.250300	0.341400	0.284300	0.302200	0.165100	0.155500	0.185600
1368556.2	0.325200	0.195300	0.147600	0.241000	0.249500	0.337500	0.275700	0.297500	0.166100	0.156400	0.189000
1373720.5	0.317200	0.192300	0.144400	0.234400	0.250600	0.337900	0.272300	0.293600	0.162700	0.153100	0.182500
1378884.9	0.312700	0.190300	0.142200	0.228300	0.251000	0.338000	0.270900	0.291300	0.158800	0.150800	0.177200
1384049.3	0.297300	0.186400	0.143800	0.227400	0.243100	0.322800	0.255800	0.277800	0.157100	0.147900	0.176700
1389213.6	0.299100	0.189100	0.141500	0.227200	0.242600	0.329600	0.255100	0.276800	0.154800	0.149600	0.173700
1394378.0	0.288100	0.188500	0.140800	0.228800	0.239500	0.324900	0.248900	0.271400	0.154300	0.149700	0.171900
1399542.3	0.286400	0.191700	0.145900	0.234400	0.235700	0.321300	0.244500	0.269000	0.161200	0.150100	0.178900
1404706.7	0.285100	0.184600	0.138600	0.219400	0.243300	0.319500	0.246900	0.268200	0.150400	0.142100	0.166500
1409871.1	0.284300	0.182600	0.138500	0.213200	0.243400	0.321200	0.246900	0.267600	0.149800	0.141000	0.163300
1415035.4	0.273500	0.186900	0.141800	0.221600	0.237400	0.315800	0.236500	0.260500	0.154100	0.145500	0.169400
1420199.8	0.273000	0.184500	0.140100	0.220000	0.237000	0.315500	0.234400	0.258500	0.151700	0.141700	0.166200
1425364.1	0.271100	0.188100	0.142200	0.222800	0.236900	0.315200	0.232900	0.257400	0.152700	0.143100	0.168500
1430528.5	0.267400	0.188300	0.142800	0.222600	0.235700	0.311700	0.227000	0.252700	0.152200	0.142300	0.167800
1435692.9	0.263500	0.182100	0.138200	0.214700	0.234800	0.308600	0.226900	0.251000	0.147200	0.138600	0.162200
1440857.2	0.264200	0.186300	0.142200	0.220200	0.234400	0.308500	0.223800	0.249400	0.149500	0.141300	0.165600
1446021.6	0.261600	0.179000	0.136800	0.208800	0.234000	0.303500	0.226000	0.246700	0.143500	0.135500	0.157300
1451186.0	0.256900	0.179800	0.138200	0.210200	0.231300	0.300300	0.219600	0.242800	0.144900	0.135300	0.160100
1456350.3	0.254600	0.180700	0.137200	0.208600	0.234200	0.303600	0.221400	0.243800	0.143600	0.135300	0.156700
1461514.7	0.250000	0.182600	0.141400	0.214600	0.227200	0.295300	0.212800	0.238500	0.147700	0.136800	0.161000
1466679.0	0.250000	0.183900	0.139200	0.214700	0.228400	0.296400	0.214500	0.237700	0.144500	0.135300	0.158800
1471843.4	0.250300	0.181700	0.136200	0.206300	0.232800	0.297400	0.215900	0.239000	0.140600	0.132700	0.154500
1477007.8	0.248900	0.180300	0.135000	0.204600	0.231800	0.296300	0.215100	0.236100	0.139500	0.133300	0.153200
1482172.1	0.249300	0.181000	0.135200	0.206400	0.230600	0.295700	0.214200	0.235900	0.140400	0.133200	0.152700
1487336.5	0.243700	0.181500	0.137400	0.208600	0.228700	0.292200	0.209100	0.232800	0.142400	0.131500	0.155200
1492500.9	0.243000	0.180400	0.136500	0.206300	0.229400	0.291700	0.210000	0.233200	0.140900	0.132400	0.154000
1497665.2	0.242600	0.179800	0.138300	0.205000	0.228300	0.288200	0.207700	0.231000	0.140800	0.131800	0.153600
1502829.6	0.244200	0.177700	0.134700	0.196800	0.231700	0.292200	0.213300	0.233100	0.137500	0.129400	0.148100
1507993.9	0.240400	0.180500	0.137600	0.206900	0.227900	0.288600	0.207900	0.230400	0.140900	0.129200	0.151500
1513158.3	0.231100	0.183700	0.143000	0.214500	0.220700	0.281600	0.199400	0.224400	0.146200	0.134400	0.158800
1518322.7	0.241900	0.179800	0.134900	0.201200	0.230700	0.289500	0.210300	0.230900	0.137000	0.127800	0.148100
1523487.0	0.240500	0.177200	0.133400	0.196900	0.230900	0.288000	0.209700	0.230100	0.135500	0.126900	0.144200
1528651.4	0.234300	0.184200	0.139700	0.210800	0.224900	0.282900	0.202400	0.224600	0.141000	0.132700	0.153600
1533815.8	0.232900	0.183200	0.138900	0.208300	0.224200	0.280100	0.201500	0.222400	0.139800	0.128900	0.152600
1538980.1	0.231900	0.181700	0.139900	0.210000	0.222700	0.278600	0.200800	0.222100	0.139000	0.130500	0.151700
1544144.5	0.228400	0.181100	0.139600	0.208000	0.221400	0.276500	0.200700	0.221000	0.139500	0.130300	0.150500
1549308.8	0.229800	0.179000	0.139300	0.203800	0.221400	0.276200	0.200800	0.221200	0.138900	0.128800	0.152000
1554473.2	0.231600	0.180700	0.135700	0.202700	0.227300	0.280000	0.204500	0.223200	0.135700	0.127000	0.147000
1559637.6	0.225100	0.182000	0.141000	0.210300	0.220300	0.274600	0.198300	0.217900	0.139800	0.129600	0.153700
1564801.9	0.227300	0.177900	0.137000	0.199100	0.223700	0.274500	0.201200	0.219800	0.136200	0.127200	0.145200
1569966.3	0.226700	0.175300	0.133500	0.196800	0.222800	0.272800	0.201900	0.219400	0.133200	0.125000	0.142000
1575130.7	0.223500	0.178400	0.137900	0.201600	0.218600	0.270500	0.198000	0.216300	0.136900	0.128000	0.148300
1580295.0	0.223600	0.178100	0.138000	0.201300	0.221400	0.269500	0.200300	0.216900	0.135900	0.125900	0.147000
1585459.4	0.219300	0.178800	0.139000	0.203000	0.219200	0.266500	0.195900	0.213900	0.137300	0.127200	0.149200
1590623.7	0.220400	0.179600	0.137100	0.203600	0.220100	0.267700	0.197800	0.214600	0.137200	0.128300	0.147500
1595788.1	0.219600	0.181200	0.138200	0.204800	0.218600	0.268000	0.196100	0.215200	0.137700	0.128300	0.148000
