VERSION	1200
Time[MSec.]	Ratio	Ratio	Ratio	Ratio	Ratio	Ratio	Ratio	Ratio	Ratio	Ratio	Ratio	Ratio	Ratio	Ratio	Ratio	Ratio	Ratio	Ratio	Ratio	Ratio	Ratio	Ratio	Ratio
%.1f	%.4f	%.4f	%.4f	%.4f	%.4f	%.4f	%.4f	%.4f	%.4f	%.4f	%.4f	%.4f	%.4f	%.4f	%.4f	%.4f	%.4f	%.4f	%.4f	%.4f	%.4f	%.4f	%.4f
Time	ROI(1-1)	ROI(1-2)	ROI(1-3)	ROI(1-4)	ROI(1-5)	ROI(1-6)	ROI(1-7)	ROI(1-8)	ROI(1-9)	ROI(1-10)	ROI(1-11)	ROI(1-12)	ROI(1-13)	ROI(1-14)	ROI(1-15)	ROI(1-16)	ROI(1-17)	ROI(1-18)	ROI(1-19)	ROI(1-20)	ROI(1-21)	ROI(1-22)	ROI(1-23)
GraphNo	1	2	3	4	5	6	7	8	9	10	11	12	13	14	15	16	17	18	19	20	21	22	23
0.0	0.143700	0.171300	0.156900	0.155700	0.134800	0.148800	0.133000	0.123100	0.135200	0.107400	0.155200	0.151700	0.103800	0.086600	0.079900	0.135800	0.132500	0.183600	0.161000	0.174400	0.065100	0.088600	0.215300
4957.8	0.148200	0.173700	0.157800	0.163600	0.149300	0.144400	0.138800	0.131300	0.135400	0.105100	0.162500	0.156300	0.101300	0.077700	0.076600	0.133200	0.127600	0.189900	0.164600	0.174900	0.059400	0.083400	0.211900
9915.6	0.149700	0.163700	0.161200	0.163000	0.150700	0.141700	0.138500	0.128500	0.141700	0.104600	0.162500	0.159000	0.101600	0.074700	0.075300	0.132200	0.127300	0.188900	0.167200	0.200900	0.058500	0.082300	0.215000
14873.4	0.143300	0.158900	0.165100	0.157000	0.151600	0.132300	0.135700	0.129100	0.135000	0.101900	0.165000	0.159200	0.100700	0.070900	0.071100	0.132700	0.123200	0.189700	0.165500	0.205800	0.054500	0.077600	0.198600
19831.2	0.143000	0.162400	0.158700	0.150200	0.155400	0.131300	0.134000	0.131700	0.132600	0.102400	0.164400	0.159800	0.101400	0.072400	0.073700	0.132800	0.125100	0.188900	0.167400	0.196500	0.057800	0.080700	0.204800
24788.9	0.142600	0.167100	0.156600	0.144900	0.158200	0.137500	0.137700	0.126400	0.136600	0.105500	0.162300	0.158200	0.103900	0.075000	0.077400	0.130700	0.129900	0.185100	0.165000	0.181300	0.062200	0.085600	0.199100
29746.7	0.143100	0.176400	0.161600	0.145800	0.189100	0.138200	0.136900	0.124800	0.134700	0.103900	0.166800	0.160600	0.104100	0.074000	0.074000	0.132600	0.126400	0.187000	0.167700	0.174600	0.059300	0.081800	0.199800
34704.5	0.142700	0.176300	0.162100	0.148600	0.200100	0.139600	0.138600	0.129200	0.136600	0.104500	0.168900	0.163800	0.102400	0.073400	0.074300	0.134500	0.125400	0.189400	0.171700	0.171400	0.058000	0.080700	0.202200
39662.3	0.146800	0.169900	0.162100	0.145500	0.167600	0.137700	0.146300	0.134800	0.136300	0.104600	0.166600	0.163000	0.102200	0.072000	0.073700	0.132400	0.125100	0.186600	0.174300	0.173700	0.056500	0.079100	0.206000
44620.1	0.145300	0.173000	0.159300	0.145900	0.157700	0.135500	0.150700	0.133200	0.140300	0.105300	0.169100	0.164900	0.102500	0.072600	0.074000	0.133200	0.125600	0.189900	0.176700	0.170100	0.057800	0.079800	0.198700
49577.9	0.144800	0.174100	0.164200	0.146600	0.158200	0.130700	0.144200	0.128700	0.143100	0.103800	0.173900	0.167100	0.101900	0.071600	0.072700	0.134700	0.124000	0.191700	0.182500	0.169500	0.056700	0.078100	0.202400
54535.7	0.143800	0.163900	0.157000	0.144800	0.148100	0.131200	0.144300	0.131100	0.140700	0.106400	0.169800	0.164700	0.102400	0.076100	0.076100	0.131200	0.128200	0.188500	0.177800	0.173200	0.061100	0.083700	0.195100
59493.5	0.144500	0.169600	0.158200	0.142600	0.149000	0.129500	0.141900	0.131600	0.138800	0.105600	0.173500	0.167500	0.103100	0.075400	0.075400	0.133400	0.128200	0.188700	0.177300	0.176600	0.059500	0.083100	0.187100
64451.3	0.144300	0.165900	0.161900	0.143400	0.148500	0.126300	0.140400	0.120900	0.134900	0.106500	0.175400	0.167200	0.102700	0.072400	0.074100	0.131800	0.126200	0.189300	0.178200	0.180800	0.057500	0.080800	0.189400
69409.1	0.145000	0.163000	0.156200	0.142900	0.147200	0.130800	0.144700	0.124700	0.140000	0.107000	0.180200	0.165400	0.103500	0.075000	0.076600	0.131300	0.127800	0.187200	0.175900	0.175300	0.060000	0.083400	0.193600
74366.8	0.144400	0.157600	0.153400	0.142900	0.148600	0.130000	0.146100	0.120100	0.134900	0.105800	0.172500	0.165600	0.101400	0.074300	0.073400	0.133700	0.124300	0.189600	0.173100	0.168200	0.056600	0.079800	0.190700
79324.6	0.144400	0.171000	0.155800	0.143700	0.146600	0.130600	0.151200	0.122400	0.139400	0.106900	0.174200	0.166600	0.103200	0.075300	0.077000	0.130300	0.127100	0.188000	0.169000	0.167400	0.059400	0.083200	0.193000
84282.4	0.146700	0.171600	0.154900	0.143000	0.149900	0.129500	0.154600	0.117900	0.141700	0.106200	0.173800	0.166300	0.103100	0.073500	0.074600	0.132900	0.125800	0.189000	0.168600	0.167400	0.057800	0.081900	0.194800
89240.2	0.145000	0.177400	0.158100	0.143200	0.147900	0.128500	0.145200	0.115500	0.147000	0.107000	0.172100	0.167300	0.103100	0.075500	0.077800	0.131600	0.126600	0.188600	0.165700	0.166600	0.059600	0.084100	0.185200
94198.0	0.145300	0.175200	0.164200	0.146900	0.157200	0.128400	0.142600	0.117700	0.150700	0.106000	0.170900	0.171600	0.103400	0.072700	0.075500	0.134200	0.124600	0.191100	0.166100	0.176000	0.057200	0.080000	0.187400
99155.8	0.145700	0.157700	0.169500	0.152600	0.169200	0.144700	0.155200	0.137400	0.141400	0.105400	0.158000	0.169200	0.102600	0.074500	0.076600	0.131600	0.124300	0.189600	0.165400	0.173300	0.058900	0.082600	0.191700
104113.6	0.151300	0.145200	0.196000	0.247500	0.198400	0.171400	0.176200	0.145900	0.134700	0.108300	0.140300	0.172800	0.104800	0.100400	0.086200	0.132100	0.124800	0.187100	0.182400	0.187700	0.061600	0.086900	0.198700
109071.4	0.164100	0.137000	0.195000	0.235600	0.229000	0.176100	0.164800	0.141200	0.136900	0.107900	0.131700	0.180300	0.110700	0.097100	0.097600	0.138300	0.122600	0.191200	0.254100	0.225100	0.060800	0.085400	0.201900
114029.2	0.225000	0.131600	0.187600	0.210600	0.204900	0.177600	0.152200	0.130300	0.135600	0.108800	0.127700	0.271100	0.124700	0.093500	0.084400	0.147700	0.122700	0.187500	0.220200	0.208200	0.060500	0.088300	0.181000
118986.9	0.188900	0.130800	0.187500	0.196000	0.209700	0.157300	0.143200	0.121700	0.136300	0.107100	0.128100	0.268900	0.131600	0.091800	0.095300	0.146900	0.118200	0.190300	0.204300	0.206700	0.059100	0.094000	0.166800
123944.7	0.172500	0.127700	0.181600	0.191500	0.177100	0.157500	0.130700	0.115000	0.125900	0.112500	0.124300	0.262800	0.132400	0.087500	0.085000	0.142100	0.123100	0.184500	0.165100	0.192900	0.064700	0.118800	0.147900
128902.5	0.170600	0.128200	0.166000	0.170000	0.179600	0.146100	0.122600	0.108900	0.121400	0.114900	0.127600	0.250700	0.126400	0.081500	0.075400	0.154300	0.118300	0.187400	0.153000	0.175600	0.059600	0.108300	0.140600
133860.3	0.163700	0.126300	0.163800	0.154300	0.165500	0.138200	0.116800	0.104400	0.119100	0.114300	0.125400	0.238000	0.112500	0.073700	0.070000	0.151300	0.116100	0.182500	0.146200	0.167400	0.057400	0.100400	0.133300
138818.1	0.158900	0.128100	0.163100	0.143500	0.148000	0.132700	0.115100	0.103800	0.118700	0.115100	0.123000	0.218000	0.106900	0.075200	0.072100	0.149900	0.120100	0.179000	0.143600	0.162000	0.060500	0.104200	0.129400
143775.9	0.163600	0.127400	0.162300	0.139200	0.146200	0.124100	0.113600	0.102500	0.118800	0.111200	0.125800	0.257600	0.104700	0.072100	0.070200	0.150900	0.117400	0.182400	0.144300	0.159900	0.058500	0.099900	0.127700
148733.7	0.169400	0.129500	0.184200	0.138900	0.146600	0.118100	0.114000	0.103500	0.119400	0.111400	0.126100	0.233100	0.104200	0.070600	0.068900	0.155100	0.117000	0.183600	0.144800	0.160000	0.057500	0.098400	0.127800
153691.5	0.174500	0.128500	0.183800	0.135600	0.131900	0.117000	0.114600	0.103900	0.121500	0.112700	0.124200	0.207700	0.106600	0.073200	0.072500	0.147900	0.119900	0.178300	0.143800	0.158400	0.059700	0.097200	0.125000
158649.3	0.182600	0.127300	0.168900	0.136500	0.135800	0.114400	0.115100	0.104000	0.124800	0.112800	0.125200	0.199800	0.107700	0.070400	0.069600	0.141600	0.119100	0.180800	0.144600	0.160300	0.056500	0.093000	0.124800
163607.0	0.188000	0.132000	0.167200	0.138200	0.136100	0.115500	0.116000	0.105400	0.126100	0.115500	0.126300	0.197800	0.112400	0.079000	0.075400	0.142000	0.124200	0.184300	0.145300	0.164100	0.062600	0.104500	0.124500
168564.8	0.203200	0.137000	0.173000	0.145000	0.133400	0.119400	0.117400	0.107800	0.130400	0.119800	0.127100	0.226000	0.123500	0.081000	0.077500	0.145100	0.129800	0.189200	0.149000	0.169600	0.063800	0.107500	0.125000
173522.6	0.205900	0.142600	0.183800	0.156900	0.140900	0.121800	0.120700	0.112200	0.142300	0.124600	0.132400	0.305200	0.129900	0.084300	0.079600	0.158600	0.135000	0.202200	0.155400	0.177500	0.064800	0.106300	0.126700
178480.4	0.206700	0.156600	0.189700	0.181800	0.149300	0.124200	0.123900	0.121500	0.146400	0.131800	0.136600	0.288000	0.136400	0.085100	0.079100	0.177800	0.138300	0.215800	0.162400	0.195200	0.062900	0.100600	0.128900
183438.2	0.216700	0.173700	0.195600	0.214800	0.157600	0.127300	0.127200	0.131500	0.141600	0.138100	0.139900	0.282800	0.141000	0.092400	0.085800	0.177200	0.144900	0.233400	0.175400	0.209700	0.066200	0.103000	0.131400
188396.0	0.222200	0.182900	0.194800	0.214000	0.156600	0.136500	0.130300	0.129700	0.137000	0.141700	0.140600	0.274900	0.144500	0.097500	0.091300	0.170900	0.152500	0.249600	0.184200	0.222400	0.068200	0.100900	0.132400
193353.8	0.220800	0.173600	0.193600	0.204200	0.149100	0.145100	0.132000	0.126200	0.131900	0.145800	0.138900	0.270000	0.145700	0.106500	0.103400	0.162700	0.164600	0.260400	0.184600	0.213300	0.077500	0.109900	0.131100
198311.6	0.217900	0.170000	0.194800	0.201300	0.169400	0.144600	0.133700	0.121900	0.129700	0.140700	0.141600	0.282400	0.142400	0.094200	0.093600	0.172400	0.159300	0.282700	0.187700	0.211800	0.071000	0.100900	0.132200
203269.4	0.212500	0.166800	0.186100	0.192500	0.162900	0.148200	0.136400	0.119000	0.128700	0.138400	0.139300	0.281700	0.141700	0.097700	0.099100	0.168900	0.166900	0.289700	0.185700	0.204600	0.077900	0.105800	0.130700
208227.1	0.217100	0.165500	0.194500	0.190300	0.166500	0.146200	0.137200	0.117100	0.126800	0.135800	0.139600	0.278100	0.139300	0.087800	0.090900	0.168300	0.162700	0.298600	0.181300	0.198000	0.072400	0.097500	0.130000
213184.9	0.218100	0.166300	0.193200	0.185900	0.166600	0.145400	0.135700	0.115400	0.126000	0.135700	0.138400	0.271700	0.140400	0.089300	0.093700	0.164400	0.165700	0.304600	0.174900	0.192100	0.076300	0.101100	0.127000
218142.7	0.210600	0.162300	0.192300	0.182100	0.160400	0.143500	0.134500	0.114400	0.125200	0.135000	0.136100	0.264500	0.139000	0.087300	0.093100	0.162400	0.165800	0.304400	0.169900	0.187700	0.075600	0.099000	0.126200
223100.5	0.209500	0.160900	0.192500	0.176300	0.159900	0.142200	0.133400	0.112600	0.124700	0.132900	0.134000	0.256000	0.135300	0.085400	0.092700	0.158600	0.165000	0.303300	0.165600	0.181800	0.077400	0.098700	0.125400
228058.3	0.208700	0.160500	0.191300	0.172800	0.160100	0.140300	0.132700	0.112600	0.124400	0.130600	0.133300	0.254900	0.135300	0.086700	0.093200	0.157400	0.165600	0.304900	0.162300	0.178300	0.079600	0.100200	0.124900
233016.1	0.205400	0.158900	0.194000	0.169100	0.159200	0.137900	0.131900	0.112300	0.123900	0.128000	0.134600	0.257800	0.133800	0.085600	0.091600	0.157400	0.164600	0.307300	0.161500	0.176700	0.078700	0.099100	0.123800
237973.9	0.199500	0.154700	0.188800	0.163500	0.149600	0.138800	0.130000	0.111100	0.123300	0.126700	0.131600	0.254800	0.134500	0.088600	0.095600	0.152600	0.167000	0.298000	0.156500	0.173000	0.084500	0.103300	0.121300
242931.7	0.198100	0.152300	0.189300	0.164200	0.155300	0.133700	0.129700	0.111700	0.123000	0.125200	0.133000	0.257600	0.132000	0.082800	0.089400	0.156300	0.160100	0.302900	0.157100	0.171800	0.078500	0.097100	0.123200
247889.5	0.196200	0.151000	0.186000	0.160700	0.149400	0.134200	0.128700	0.109900	0.122200	0.123700	0.130200	0.251800	0.132800	0.080000	0.084800	0.152300	0.157900	0.296600	0.155300	0.169400	0.075400	0.093400	0.121400
252847.2	0.190500	0.147300	0.181900	0.155900	0.144000	0.131700	0.126200	0.108000	0.120900	0.123300	0.129500	0.245900	0.131700	0.080800	0.087800	0.148700	0.157800	0.290900	0.151600	0.168400	0.078200	0.095800	0.120500
257805.0	0.180200	0.143100	0.172400	0.149600	0.137400	0.121800	0.121800	0.104000	0.114600	0.113900	0.123000	0.234300	0.124900	0.076800	0.082300	0.141500	0.150000	0.275300	0.147000	0.163500	0.073100	0.090100	0.116100
262762.8	0.175900	0.143200	0.172700	0.146700	0.132400	0.120700	0.120100	0.102100	0.113700	0.113500	0.120300	0.230100	0.125200	0.075400	0.081100	0.138600	0.149700	0.266500	0.145400	0.163100	0.073100	0.088500	0.116100
267720.6	0.173700	0.140400	0.170500	0.145900	0.131200	0.119500	0.119000	0.102200	0.114200	0.113200	0.119800	0.229100	0.123800	0.073400	0.078600	0.138200	0.148400	0.266500	0.145200	0.162100	0.070900	0.087100	0.116000
272678.4	0.169900	0.138400	0.167900	0.144300	0.129100	0.120900	0.119400	0.101100	0.113300	0.113100	0.119300	0.224900	0.122700	0.076300	0.081900	0.136900	0.150700	0.266800	0.143900	0.161800	0.074400	0.090000	0.115000
277636.2	0.168700	0.138500	0.170300	0.145300	0.135100	0.118000	0.118300	0.101700	0.113500	0.110800	0.119900	0.223600	0.121200	0.071200	0.076400	0.139200	0.146300	0.270300	0.143900	0.162100	0.068200	0.083300	0.115000
282594.0	0.169000	0.136800	0.167400	0.143900	0.130900	0.118000	0.117200	0.100900	0.112300	0.109500	0.119500	0.215600	0.120600	0.071400	0.076400	0.135900	0.146600	0.269400	0.142600	0.161200	0.069000	0.083900	0.114800
287551.8	0.167200	0.134900	0.165900	0.141700	0.128500	0.119400	0.117000	0.100700	0.112300	0.109700	0.118500	0.206500	0.120900	0.077400	0.083100	0.133800	0.151700	0.270800	0.141200	0.159900	0.076100	0.090800	0.114700
292509.6	0.166100	0.133600	0.165500	0.141600	0.128000	0.118500	0.116800	0.100700	0.112900	0.110300	0.119000	0.202700	0.118500	0.073900	0.078900	0.133600	0.149000	0.267700	0.140900	0.159200	0.072600	0.086500	0.114200
297467.3	0.165600	0.133100	0.162500	0.140600	0.131200	0.116700	0.115400	0.100200	0.111900	0.107200	0.119100	0.199700	0.117200	0.072900	0.077600	0.134000	0.147700	0.271100	0.140800	0.158200	0.070600	0.085900	0.114500
302425.1	0.164700	0.131200	0.162300	0.140500	0.129700	0.116500	0.114900	0.100600	0.112100	0.108700	0.118100	0.195000	0.116000	0.071600	0.075800	0.132600	0.145900	0.268800	0.141100	0.158400	0.069400	0.083900	0.114300
307382.9	0.164800	0.130100	0.162200	0.141400	0.133400	0.114900	0.114700	0.100200	0.111400	0.107300	0.119700	0.194200	0.115300	0.071700	0.075800	0.134200	0.145000	0.270100	0.141700	0.157200	0.069200	0.083500	0.113500
312340.7	0.163900	0.128500	0.158200	0.139200	0.131800	0.115000	0.113600	0.099800	0.110300	0.108100	0.118200	0.188900	0.113600	0.071600	0.075900	0.131200	0.145000	0.268000	0.139700	0.156600	0.069900	0.084300	0.114000
317298.5	0.163400	0.128000	0.158600	0.138800	0.132900	0.113800	0.113200	0.099500	0.111000	0.105600	0.118600	0.188000	0.113500	0.069700	0.073000	0.131600	0.142500	0.269100	0.139000	0.155700	0.067500	0.081500	0.113000
322256.3	0.164500	0.128300	0.157800	0.138000	0.133800	0.114200	0.112900	0.100000	0.110800	0.105700	0.118600	0.185200	0.113000	0.070400	0.074700	0.131400	0.143700	0.269300	0.140400	0.155800	0.068500	0.082300	0.113500
327214.1	0.160500	0.126700	0.155800	0.138000	0.130800	0.113000	0.113000	0.099500	0.111400	0.105400	0.118000	0.183700	0.112600	0.071100	0.075800	0.130300	0.143900	0.266400	0.138800	0.156500	0.068900	0.082700	0.113600
332171.9	0.159700	0.124600	0.153600	0.136200	0.129200	0.112500	0.110600	0.097600	0.109500	0.105300	0.116700	0.179200	0.110700	0.069000	0.072700	0.128300	0.140400	0.263600	0.138900	0.153700	0.066900	0.079700	0.112600
337129.7	0.156900	0.123800	0.152000	0.135200	0.126800	0.113500	0.111300	0.097200	0.109800	0.105800	0.116000	0.177800	0.111800	0.072600	0.077800	0.126300	0.143800	0.261000	0.138600	0.154000	0.071200	0.083500	0.112800
342087.5	0.154800	0.122300	0.150200	0.133100	0.121700	0.113700	0.110700	0.097200	0.109500	0.105100	0.114800	0.173000	0.111500	0.072900	0.077600	0.124600	0.144400	0.257600	0.135000	0.153800	0.072200	0.084800	0.112700
347045.2	0.167900	0.132400	0.165300	0.143900	0.140200	0.121900	0.117500	0.104800	0.117500	0.113000	0.127100	0.186800	0.117500	0.071300	0.077300	0.139000	0.147800	0.286500	0.143900	0.158000	0.070400	0.085300	0.116800
352003.0	0.165600	0.132500	0.165100	0.142300	0.135600	0.122700	0.116100	0.104300	0.116200	0.111300	0.124800	0.183300	0.118100	0.073300	0.077900	0.136500	0.147000	0.280600	0.141400	0.156600	0.072500	0.087400	0.115200
356960.8	0.165700	0.130800	0.163700	0.143100	0.137400	0.120200	0.116000	0.104400	0.116800	0.110600	0.125300	0.183400	0.115800	0.071200	0.074000	0.137200	0.143500	0.278700	0.141400	0.156000	0.068600	0.083100	0.116800
361918.6	0.163300	0.131200	0.163200	0.141900	0.133800	0.121800	0.115800	0.104500	0.116400	0.111700	0.123600	0.178900	0.116700	0.074200	0.078900	0.135000	0.146100	0.275000	0.141400	0.155400	0.073000	0.087200	0.115100
366876.4	0.163200	0.130200	0.160300	0.140400	0.132400	0.120400	0.115700	0.104100	0.116500	0.110900	0.124500	0.177300	0.116000	0.072600	0.076400	0.134800	0.142900	0.273000	0.140900	0.153800	0.070700	0.083800	0.115600
371834.2	0.161900	0.128800	0.159400	0.141300	0.134200	0.119500	0.114500	0.104600	0.116200	0.110600	0.124100	0.177200	0.115200	0.071600	0.075100	0.134300	0.141100	0.272500	0.141200	0.153400	0.071300	0.084500	0.116300
376792.0	0.160600	0.128500	0.158100	0.140400	0.132300	0.119900	0.114000	0.104000	0.115300	0.111600	0.123600	0.176700	0.114600	0.074500	0.078900	0.133200	0.142200	0.270600	0.140400	0.153400	0.073300	0.087200	0.116000
381749.8	0.159100	0.127400	0.158900	0.139300	0.132500	0.119200	0.114300	0.103900	0.115800	0.111100	0.122900	0.175900	0.115000	0.072600	0.076300	0.133000	0.141500	0.267800	0.139600	0.153300	0.070900	0.084300	0.115200
386707.5	0.158000	0.128800	0.157600	0.141200	0.137900	0.117900	0.112600	0.103700	0.115500	0.109500	0.125000	0.176300	0.114200	0.072900	0.077300	0.133500	0.140300	0.270000	0.140500	0.153400	0.072700	0.084300	0.114600
391665.3	0.157200	0.127100	0.157600	0.138400	0.127900	0.120400	0.113500	0.103100	0.115400	0.112400	0.122600	0.172100	0.115700	0.078700	0.084300	0.128700	0.145500	0.266000	0.138900	0.152100	0.079600	0.091400	0.114500
396623.1	0.157900	0.125900	0.157200	0.138900	0.131500	0.117200	0.113300	0.103700	0.115200	0.109400	0.123600	0.173400	0.113700	0.074000	0.078900	0.131100	0.141200	0.266100	0.139600	0.152800	0.073700	0.086700	0.114700
401580.9	0.156200	0.124100	0.157600	0.139500	0.138800	0.116100	0.111600	0.102500	0.114900	0.108000	0.123800	0.174100	0.112200	0.070300	0.073200	0.132800	0.136300	0.266800	0.139400	0.152400	0.068900	0.080700	0.113000
406538.7	0.156300	0.126900	0.158300	0.138800	0.134200	0.118400	0.112200	0.103200	0.115200	0.110200	0.123700	0.173000	0.112600	0.072400	0.077100	0.130700	0.139900	0.266500	0.139300	0.152800	0.072200	0.084800	0.114100
411496.5	0.156000	0.124200	0.156300	0.137900	0.133000	0.117600	0.111800	0.102000	0.114300	0.108100	0.122300	0.169700	0.111200	0.069200	0.072800	0.130100	0.137500	0.262500	0.139000	0.150800	0.068100	0.081300	0.113800
416454.3	0.153200	0.124500	0.154600	0.137500	0.130300	0.117800	0.111700	0.101700	0.115000	0.109400	0.121700	0.168900	0.111800	0.072100	0.076200	0.128600	0.139200	0.259500	0.138500	0.150500	0.071200	0.083600	0.113400
421412.1	0.151200	0.124300	0.154500	0.136600	0.131400	0.116300	0.110700	0.102000	0.114800	0.107700	0.121500	0.169500	0.111800	0.071600	0.075500	0.127500	0.138300	0.259700	0.136900	0.150200	0.071500	0.083700	0.113300
426369.9	0.152000	0.124400	0.154400	0.138100	0.137100	0.114300	0.111100	0.102400	0.113500	0.106200	0.123300	0.170800	0.109900	0.068700	0.072700	0.130200	0.134400	0.263700	0.138500	0.149500	0.068200	0.080100	0.112600
431327.6	0.149700	0.123300	0.154500	0.136200	0.129600	0.116100	0.110500	0.101900	0.114600	0.108700	0.121500	0.167500	0.110900	0.072400	0.076600	0.126900	0.138700	0.256400	0.138000	0.150000	0.072300	0.083500	0.113000
436285.4	0.151000	0.122700	0.154600	0.136500	0.129500	0.115900	0.110900	0.101400	0.115500	0.108200	0.122200	0.167400	0.109700	0.069800	0.073400	0.127000	0.136200	0.256700	0.137300	0.149600	0.068800	0.080700	0.113100
441243.2	0.150500	0.122600	0.152800	0.136300	0.129800	0.114100	0.110800	0.101300	0.113900	0.105900	0.122400	0.168000	0.109500	0.068600	0.072600	0.127800	0.135200	0.255500	0.137000	0.150000	0.067700	0.079600	0.112400
446201.0	0.148800	0.123700	0.151600	0.135600	0.128700	0.114300	0.111000	0.101300	0.113900	0.106800	0.121400	0.165300	0.109200	0.069800	0.074300	0.127200	0.136100	0.254100	0.136600	0.150200	0.069500	0.081300	0.111800
451158.8	0.150100	0.124500	0.152400	0.134700	0.129900	0.115300	0.110700	0.101000	0.114600	0.106600	0.120800	0.165000	0.109300	0.071900	0.074400	0.125600	0.135700	0.256000	0.136900	0.149800	0.069900	0.082200	0.112300
456116.7	0.149000	0.122400	0.151900	0.134100	0.127600	0.115600	0.110800	0.101200	0.113400	0.106400	0.120000	0.164500	0.109200	0.070300	0.074300	0.125100	0.135600	0.251800	0.136600	0.148100	0.069900	0.081500	0.111400
461074.4	0.147500	0.120500	0.151400	0.134500	0.129300	0.113500	0.109700	0.100900	0.113500	0.106700	0.121000	0.164900	0.108500	0.071800	0.075000	0.125900	0.135800	0.251100	0.136600	0.148200	0.070600	0.082300	0.111300
466032.2	0.146900	0.120700	0.150800	0.134600	0.128800	0.114000	0.109600	0.100300	0.113100	0.104400	0.120600	0.163800	0.106900	0.067300	0.070800	0.125500	0.131700	0.251200	0.136000	0.147900	0.065800	0.077800	0.110000
470990.0	0.146400	0.120300	0.151500	0.133800	0.128300	0.114000	0.110100	0.100500	0.113300	0.104900	0.119800	0.163100	0.106700	0.069500	0.072800	0.125800	0.132900	0.248800	0.136600	0.148000	0.067900	0.080200	0.110800
475947.7	0.147000	0.122600	0.151100	0.134600	0.130000	0.113200	0.110100	0.101100	0.113200	0.105000	0.120300	0.163100	0.107000	0.070200	0.074600	0.124700	0.133100	0.251100	0.136100	0.147700	0.069000	0.080500	0.111100
480905.5	0.145400	0.120900	0.150200	0.134100	0.129000	0.112600	0.109400	0.100500	0.112900	0.103600	0.121000	0.163900	0.106100	0.069600	0.072800	0.124600	0.131400	0.249200	0.136100	0.147500	0.067300	0.079300	0.111000
485863.3	0.145700	0.119900	0.149300	0.132400	0.124300	0.114800	0.109500	0.099800	0.113000	0.105000	0.118800	0.160000	0.106600	0.071400	0.075400	0.122800	0.133900	0.243700	0.135300	0.147800	0.070900	0.081700	0.109500
490821.1	0.146300	0.121500	0.150500	0.134600	0.131600	0.111700	0.109700	0.100000	0.113600	0.103300	0.120700	0.162800	0.105600	0.067100	0.071600	0.124900	0.130500	0.248500	0.137200	0.146800	0.066600	0.077000	0.110900
495778.9	0.145100	0.120400	0.149200	0.133300	0.126200	0.113200	0.109100	0.100200	0.113100	0.103900	0.120000	0.161100	0.105800	0.071700	0.074800	0.122700	0.133300	0.243800	0.135700	0.147700	0.070300	0.081000	0.109800
500736.7	0.145500	0.119500	0.147500	0.133200	0.122400	0.115400	0.109900	0.100000	0.113200	0.104100	0.119200	0.159300	0.107800	0.072500	0.076200	0.122200	0.134900	0.241800	0.136000	0.147700	0.071700	0.083100	0.109500
505694.5	0.144000	0.119300	0.149300	0.132500	0.124600	0.113100	0.109100	0.100100	0.113600	0.102000	0.120200	0.160600	0.105900	0.068000	0.071700	0.123500	0.131000	0.241200	0.136700	0.147000	0.067300	0.077900	0.109400
510652.3	0.143400	0.118800	0.148700	0.132300	0.126400	0.114100	0.108700	0.099800	0.112700	0.102700	0.119600	0.159300	0.105500	0.071800	0.075300	0.121900	0.132100	0.242300	0.135200	0.145700	0.069800	0.080800	0.109300
515610.1	0.144100	0.117700	0.147100	0.130600	0.123200	0.114600	0.108200	0.099200	0.112200	0.102300	0.118000	0.158600	0.105400	0.072100	0.076200	0.120700	0.132400	0.238800	0.135000	0.146400	0.070300	0.081500	0.109700
520567.8	0.145000	0.119900	0.149500	0.133600	0.133000	0.109700	0.108700	0.099700	0.113000	0.100200	0.121400	0.162000	0.103900	0.066000	0.070200	0.124600	0.128000	0.244200	0.136900	0.146900	0.063700	0.075100	0.108600
525525.6	0.144700	0.121200	0.152600	0.134200	0.130900	0.113700	0.109700	0.101700	0.114100	0.102300	0.122600	0.161400	0.105400	0.067400	0.070800	0.125100	0.130000	0.245100	0.137100	0.148200	0.064400	0.076800	0.110300
530483.4	0.145900	0.123300	0.152300	0.134800	0.131900	0.113500	0.110000	0.101100	0.114000	0.101200	0.122500	0.162500	0.105300	0.067500	0.070800	0.125500	0.128800	0.249100	0.136900	0.145700	0.066000	0.077200	0.110000
535441.2	0.145800	0.121400	0.150400	0.133200	0.126800	0.113700	0.109900	0.101400	0.114000	0.101700	0.121400	0.160000	0.105600	0.068600	0.071900	0.124000	0.130300	0.244500	0.136700	0.146500	0.066300	0.077700	0.110400
540399.0	0.144700	0.120000	0.149600	0.132200	0.124800	0.116400	0.110200	0.101000	0.114000	0.102100	0.120600	0.158700	0.105500	0.070700	0.074700	0.122600	0.131100	0.239900	0.136300	0.146200	0.068900	0.080200	0.109800
545356.8	0.143900	0.120500	0.150100	0.133600	0.128100	0.114700	0.110900	0.101500	0.114500	0.101100	0.121600	0.159800	0.105300	0.068600	0.071800	0.124000	0.128900	0.240700	0.136700	0.146200	0.066700	0.077800	0.108900
550314.6	0.143700	0.120100	0.151600	0.133400	0.126500	0.113600	0.109900	0.101000	0.114500	0.101500	0.120800	0.158600	0.104400	0.068200	0.071500	0.122900	0.127600	0.237800	0.136100	0.146000	0.065100	0.076900	0.109000
555272.4	0.142900	0.120100	0.149300	0.133400	0.126800	0.114000	0.110400	0.100900	0.114400	0.101700	0.121000	0.159300	0.105200	0.069600	0.073400	0.123500	0.128300	0.238000	0.136300	0.146400	0.067600	0.078500	0.109300
560230.2	0.142000	0.120800	0.148100	0.132300	0.124200	0.115300	0.109900	0.101200	0.113400	0.102000	0.119900	0.157700	0.104900	0.071300	0.075600	0.122800	0.129300	0.234100	0.134900	0.145900	0.069600	0.079900	0.107800
565187.9	0.142000	0.121300	0.150700	0.134400	0.129700	0.113200	0.109900	0.101100	0.113700	0.101100	0.122300	0.160200	0.104000	0.068300	0.071900	0.124000	0.126500	0.237700	0.136500	0.146000	0.065600	0.076400	0.109200
570145.7	0.141400	0.119800	0.148600	0.132900	0.125600	0.114600	0.109400	0.100600	0.114600	0.103000	0.120200	0.156300	0.105000	0.070900	0.075000	0.122400	0.129000	0.232900	0.134900	0.145900	0.069000	0.079300	0.108500
575103.5	0.141500	0.119700	0.148700	0.132200	0.125400	0.114700	0.109900	0.101200	0.114200	0.102100	0.120100	0.156800	0.104000	0.069700	0.073800	0.121200	0.128500	0.231800	0.134500	0.144500	0.068100	0.079100	0.108600
580061.3	0.140600	0.119200	0.146200	0.132100	0.120600	0.116300	0.109700	0.100700	0.113900	0.102900	0.119300	0.154000	0.105400	0.074100	0.078900	0.120600	0.131200	0.228600	0.132400	0.145400	0.073500	0.083400	0.107500
585019.1	0.140500	0.119600	0.148100	0.133500	0.130900	0.112000	0.109000	0.100700	0.114200	0.100800	0.121500	0.158400	0.102500	0.066400	0.070500	0.123800	0.124200	0.234500	0.134700	0.145100	0.062500	0.074300	0.108300
589976.9	0.140900	0.119600	0.147700	0.132500	0.125000	0.114100	0.109100	0.100400	0.114200	0.101300	0.120400	0.156600	0.102900	0.068800	0.071200	0.122900	0.126200	0.229900	0.134700	0.145800	0.065300	0.077200	0.108500
594934.7	0.140700	0.118700	0.148100	0.131900	0.124500	0.114200	0.109500	0.100200	0.114000	0.100600	0.120200	0.155100	0.103700	0.069600	0.073500	0.121400	0.127300	0.228100	0.133800	0.145700	0.067600	0.078500	0.108400
599892.5	0.141300	0.119200	0.148100	0.132700	0.128300	0.112300	0.109600	0.100800	0.114400	0.101300	0.121200	0.157500	0.102100	0.067000	0.069700	0.122900	0.124900	0.230900	0.134300	0.145700	0.063300	0.075200	0.107500
604850.3	0.142100	0.120500	0.146900	0.131000	0.122400	0.116200	0.109500	0.100200	0.113300	0.103000	0.119500	0.154400	0.104300	0.074100	0.077700	0.120500	0.130100	0.227500	0.132200	0.145300	0.071300	0.082900	0.107200
609808.0	0.140500	0.119900	0.147800	0.132800	0.124100	0.114500	0.109700	0.100700	0.114300	0.101000	0.119800	0.156200	0.103300	0.070000	0.073400	0.121600	0.126600	0.227000	0.133400	0.145900	0.067100	0.077600	0.107700
614765.8	0.141400	0.120800	0.147200	0.132700	0.128100	0.114100	0.110100	0.101200	0.114500	0.101300	0.121600	0.156400	0.102800	0.069800	0.072800	0.122100	0.126600	0.227600	0.134100	0.145200	0.066200	0.077700	0.108500
619723.6	0.140300	0.119400	0.147200	0.132400	0.131500	0.111700	0.108000	0.099900	0.112700	0.099800	0.122200	0.156600	0.100500	0.065500	0.069500	0.122400	0.122300	0.229600	0.134300	0.144100	0.061800	0.074000	0.107500
624681.4	0.139800	0.118500	0.147900	0.132100	0.127200	0.113000	0.108100	0.099400	0.113500	0.100900	0.121100	0.154400	0.101900	0.068500	0.072500	0.121500	0.124700	0.227500	0.134400	0.144300	0.065200	0.076700	0.108500
629639.2	0.140300	0.118400	0.147000	0.131600	0.127600	0.113100	0.108400	0.099800	0.113900	0.101000	0.120700	0.154700	0.101500	0.067600	0.071800	0.121400	0.124200	0.226800	0.133600	0.144200	0.064500	0.076600	0.108000
634597.0	0.138900	0.118700	0.147100	0.131700	0.126400	0.113400	0.108500	0.099600	0.114000	0.101100	0.121300	0.155900	0.101400	0.070500	0.074600	0.121900	0.125000	0.226300	0.133600	0.143800	0.066700	0.078100	0.107200
639554.8	0.139600	0.118200	0.146100	0.130700	0.127400	0.113000	0.107900	0.099200	0.113200	0.100900	0.120200	0.154000	0.101400	0.068700	0.072800	0.121200	0.124400	0.225200	0.132800	0.143600	0.065600	0.075900	0.107500
644512.6	0.138900	0.118700	0.146800	0.131300	0.127500	0.112400	0.108200	0.099300	0.113800	0.100300	0.120000	0.155200	0.100900	0.067600	0.071900	0.120800	0.123800	0.223700	0.133600	0.143800	0.064200	0.075900	0.108000
649470.3	0.140900	0.119500	0.145700	0.131600	0.127300	0.113700	0.108800	0.099200	0.113800	0.100700	0.120700	0.154700	0.102000	0.068800	0.073400	0.120800	0.124400	0.225600	0.132300	0.143600	0.064900	0.076600	0.106400
654428.1	0.138900	0.120100	0.146300	0.132300	0.133000	0.112700	0.109100	0.099700	0.113500	0.099500	0.122600	0.157600	0.101400	0.070200	0.073700	0.123200	0.123900	0.228800	0.133700	0.142800	0.065900	0.076900	0.108200
659385.9	0.139300	0.120100	0.147200	0.132800	0.131900	0.111100	0.108600	0.099500	0.113400	0.099400	0.121300	0.156800	0.101200	0.066400	0.070700	0.122100	0.121800	0.226200	0.133700	0.143700	0.061700	0.073400	0.107500
664343.7	0.138600	0.119000	0.144900	0.132600	0.130700	0.112400	0.108200	0.099300	0.113700	0.100100	0.121500	0.156100	0.100700	0.067900	0.071400	0.121800	0.122400	0.225400	0.133000	0.142900	0.063400	0.075200	0.107500
669301.5	0.137900	0.117900	0.145200	0.132200	0.126800	0.114500	0.109200	0.100100	0.114700	0.101500	0.121500	0.156200	0.102000	0.069400	0.073900	0.121900	0.124100	0.221300	0.134500	0.143900	0.065000	0.076200	0.108500
674259.3	0.138300	0.118400	0.144800	0.130800	0.123600	0.114100	0.108800	0.099300	0.113900	0.101100	0.120400	0.153300	0.101700	0.069600	0.073700	0.119700	0.124600	0.219000	0.132200	0.143000	0.066100	0.077600	0.107200
679217.1	0.137800	0.117400	0.143100	0.129800	0.120200	0.116100	0.109600	0.100200	0.113700	0.100800	0.119600	0.152300	0.102600	0.071700	0.077000	0.118600	0.126700	0.216400	0.131800	0.143400	0.067600	0.079100	0.107300
684174.9	0.135500	0.117500	0.141700	0.130600	0.123000	0.112100	0.107700	0.098600	0.112700	0.099500	0.119800	0.153300	0.100300	0.068400	0.072400	0.119400	0.122600	0.217200	0.132000	0.142700	0.064100	0.075300	0.107400
689132.7	0.131100	0.112900	0.135000	0.125100	0.120400	0.107000	0.104200	0.094000	0.109000	0.095300	0.114900	0.147500	0.096300	0.066000	0.070100	0.114000	0.119900	0.209200	0.128500	0.139300	0.061100	0.072300	0.104000
694090.5	0.128100	0.110400	0.130900	0.123200	0.118800	0.104800	0.103400	0.092500	0.107700	0.093100	0.112900	0.145100	0.095500	0.066600	0.070000	0.111300	0.120700	0.205300	0.127200	0.139300	0.062000	0.073100	0.102900
699048.2	0.127800	0.111700	0.132600	0.123100	0.115400	0.106800	0.102900	0.092200	0.108300	0.094300	0.111300	0.143200	0.096300	0.067100	0.071600	0.110400	0.121500	0.203200	0.127300	0.139600	0.063700	0.074300	0.101600
704006.0	0.128300	0.110200	0.130300	0.123400	0.117200	0.105500	0.103700	0.092300	0.108100	0.094000	0.112500	0.144300	0.095300	0.065100	0.069400	0.110800	0.119000	0.204500	0.126700	0.139100	0.060400	0.071200	0.102300
708963.8	0.127700	0.110000	0.131500	0.123800	0.117100	0.105700	0.103200	0.092400	0.108300	0.092900	0.111900	0.143700	0.095100	0.066100	0.069600	0.110700	0.120200	0.202800	0.126300	0.138800	0.061900	0.073500	0.102600
713921.6	0.127200	0.110400	0.131600	0.122900	0.113000	0.107700	0.103400	0.092400	0.109100	0.095000	0.111800	0.142500	0.096600	0.070600	0.073400	0.108200	0.123300	0.201900	0.126300	0.139200	0.065800	0.076100	0.102900
718879.4	0.128300	0.109500	0.131600	0.124000	0.116000	0.105700	0.104100	0.093100	0.109100	0.093100	0.113400	0.146500	0.096200	0.066600	0.070100	0.110700	0.120700	0.202700	0.127600	0.139400	0.062300	0.073000	0.102800
723837.2	0.128100	0.111300	0.130000	0.122100	0.111400	0.108400	0.103400	0.091800	0.108000	0.094600	0.111300	0.141600	0.096500	0.072000	0.075700	0.108400	0.124100	0.200100	0.124800	0.138700	0.067800	0.078700	0.101800
728795.0	0.127900	0.110100	0.130100	0.122400	0.113900	0.107000	0.103000	0.091800	0.108100	0.094600	0.112900	0.143100	0.095200	0.068700	0.072200	0.109200	0.121400	0.201300	0.126700	0.139100	0.063600	0.075400	0.103200
733752.8	0.128600	0.110000	0.130700	0.123800	0.116100	0.106400	0.103300	0.092600	0.108000	0.093300	0.113100	0.145000	0.095200	0.067400	0.070600	0.110600	0.121000	0.200900	0.126500	0.139900	0.061900	0.073700	0.103100
738710.5	0.128200	0.110200	0.128900	0.123800	0.119800	0.106500	0.103000	0.092900	0.108300	0.093300	0.113700	0.145800	0.095000	0.066800	0.071100	0.111000	0.119300	0.203100	0.126200	0.138600	0.061600	0.073400	0.103300
743668.3	0.127600	0.109600	0.129500	0.123000	0.114900	0.106900	0.102700	0.092800	0.107800	0.094000	0.112900	0.144100	0.095200	0.068100	0.071600	0.109700	0.121000	0.198900	0.126200	0.139100	0.062700	0.073700	0.102900
748626.1	0.135600	0.116600	0.142600	0.128400	0.118900	0.114500	0.108000	0.098700	0.114400	0.100400	0.120200	0.152900	0.101800	0.070100	0.074800	0.117700	0.123500	0.212600	0.131400	0.141600	0.065500	0.077500	0.105800
753583.9	0.137300	0.119300	0.143500	0.130800	0.129100	0.113300	0.107900	0.099500	0.114600	0.099800	0.121500	0.156300	0.100900	0.069500	0.073800	0.120400	0.121100	0.218700	0.132000	0.140400	0.064700	0.076000	0.107200
758541.7	0.137100	0.117900	0.143100	0.130900	0.124100	0.114600	0.108600	0.099500	0.115100	0.099800	0.122100	0.155600	0.101000	0.069300	0.073500	0.119600	0.121200	0.214700	0.132400	0.140900	0.064500	0.076100	0.107200
763499.5	0.136300	0.117600	0.140100	0.128500	0.119500	0.115900	0.108500	0.098900	0.114600	0.100700	0.120300	0.153000	0.101500	0.070700	0.076000	0.116800	0.123100	0.209200	0.131100	0.140100	0.066900	0.078900	0.106700
768457.3	0.136100	0.118500	0.137400	0.130600	0.124900	0.112200	0.107400	0.099300	0.114600	0.099100	0.121500	0.155100	0.100800	0.068900	0.073400	0.119300	0.118900	0.211000	0.131300	0.139800	0.064100	0.076000	0.106200
773415.1	0.133700	0.116600	0.139200	0.129800	0.127100	0.108700	0.107000	0.097600	0.113700	0.096700	0.121700	0.156300	0.097800	0.065100	0.069000	0.118600	0.116200	0.209600	0.130400	0.139400	0.059500	0.071700	0.105200
778372.9	0.127400	0.110000	0.129300	0.123800	0.118100	0.105800	0.103700	0.094000	0.109400	0.094200	0.114500	0.147400	0.094900	0.064800	0.068400	0.111600	0.115400	0.197400	0.127600	0.136900	0.059500	0.070900	0.101400
783330.6	0.128500	0.112100	0.129800	0.125200	0.116900	0.107400	0.104500	0.094300	0.109800	0.095000	0.116200	0.148100	0.095900	0.065600	0.068900	0.112800	0.115900	0.198400	0.127500	0.138500	0.059900	0.071200	0.101900
788288.4	0.129200	0.111400	0.128000	0.124700	0.115300	0.107700	0.104200	0.094800	0.110500	0.096400	0.115800	0.147800	0.095700	0.065600	0.070100	0.111800	0.116300	0.195300	0.127100	0.139000	0.059900	0.071600	0.102600
793246.2	0.129000	0.111700	0.129000	0.124500	0.117400	0.107200	0.104300	0.094500	0.109700	0.095300	0.116100	0.147800	0.095500	0.065000	0.069000	0.112000	0.116000	0.197200	0.127900	0.137600	0.059300	0.070400	0.102700
798204.0	0.127800	0.112300	0.130000	0.124100	0.119400	0.105500	0.103300	0.093700	0.109300	0.094200	0.116100	0.148400	0.093800	0.062300	0.066700	0.112300	0.113600	0.198100	0.127200	0.137500	0.056700	0.068800	0.102700
803161.8	0.129800	0.112200	0.129200	0.124700	0.119400	0.106400	0.103400	0.093800	0.108900	0.095900	0.116500	0.148500	0.095200	0.064300	0.067700	0.112900	0.115200	0.197500	0.126700	0.137900	0.059600	0.070700	0.102500
808119.6	0.129800	0.111600	0.130100	0.124400	0.117300	0.107200	0.104300	0.095000	0.110100	0.096700	0.115200	0.147200	0.095400	0.067700	0.071600	0.111700	0.118100	0.195400	0.126800	0.138600	0.062000	0.073700	0.103100
813077.4	0.128900	0.112200	0.129400	0.123700	0.114800	0.107900	0.104300	0.094600	0.109200	0.096500	0.115900	0.146400	0.096400	0.067600	0.071100	0.110600	0.119200	0.194400	0.127300	0.139200	0.062400	0.074400	0.103200
818035.2	0.136000	0.117600	0.139800	0.129400	0.121700	0.113000	0.107200	0.098600	0.114100	0.101000	0.121500	0.155400	0.100600	0.069400	0.074000	0.117600	0.119900	0.206900	0.130600	0.140200	0.065100	0.076900	0.106000
822993.0	0.136100	0.119100	0.140300	0.130900	0.128200	0.111700	0.107600	0.099500	0.114400	0.101000	0.122800	0.157900	0.100400	0.068600	0.072600	0.120200	0.119600	0.209900	0.132300	0.140900	0.063000	0.075000	0.106200
827950.7	0.136300	0.120700	0.138500	0.128800	0.121000	0.113300	0.108900	0.099500	0.114500	0.102700	0.120800	0.155700	0.102000	0.075000	0.077800	0.116900	0.122600	0.206700	0.130300	0.140700	0.068800	0.079900	0.104900
832908.5	0.135900	0.118000	0.138300	0.129800	0.122600	0.112500	0.107300	0.099900	0.114200	0.100600	0.121700	0.155100	0.099900	0.068800	0.073000	0.118400	0.117600	0.203300	0.130200	0.140700	0.062800	0.074600	0.105500
837866.3	0.135200	0.119000	0.137500	0.130700	0.128200	0.108700	0.107300	0.099200	0.113600	0.099500	0.122600	0.157000	0.099200	0.066200	0.070700	0.120400	0.115000	0.207700	0.132100	0.140000	0.060700	0.073100	0.105700
842824.1	0.132800	0.117700	0.136600	0.128500	0.121400	0.111600	0.106800	0.098900	0.113100	0.101500	0.120500	0.154000	0.100400	0.070300	0.074800	0.117500	0.118500	0.202200	0.130200	0.139200	0.065800	0.077100	0.104300
847781.9	0.133800	0.118900	0.137700	0.130700	0.125700	0.109700	0.107600	0.099700	0.113500	0.099300	0.122500	0.157400	0.099900	0.067300	0.071300	0.119600	0.115800	0.204200	0.131000	0.139600	0.061500	0.073700	0.104400
852739.7	0.134000	0.118600	0.137600	0.130900	0.127800	0.108700	0.106500	0.099500	0.112800	0.098600	0.122600	0.157100	0.099200	0.066400	0.069500	0.120100	0.114500	0.204700	0.130800	0.140700	0.059600	0.072000	0.104800
857697.5	0.133100	0.115900	0.135200	0.127400	0.117700	0.112100	0.107300	0.099200	0.113000	0.101500	0.119800	0.152600	0.100100	0.069800	0.073600	0.115700	0.119000	0.196900	0.129600	0.140600	0.063300	0.076500	0.104200
862655.3	0.133900	0.118900	0.134300	0.128700	0.120800	0.110800	0.107600	0.099100	0.112800	0.100300	0.120700	0.153100	0.099100	0.067700	0.071400	0.117100	0.116600	0.200300	0.130300	0.139500	0.061500	0.074500	0.104700
867613.0	0.133300	0.116900	0.135500	0.130000	0.123700	0.108700	0.106100	0.099300	0.112400	0.098300	0.121900	0.154900	0.099300	0.067300	0.071300	0.118000	0.114900	0.199900	0.130500	0.139800	0.061300	0.073700	0.105200
872570.8	0.134100	0.119000	0.134900	0.129600	0.121900	0.110500	0.107400	0.099300	0.112900	0.101000	0.122000	0.154500	0.100500	0.070600	0.073700	0.117800	0.118000	0.200100	0.130200	0.141200	0.064200	0.076400	0.103600
877528.6	0.135000	0.117500	0.135300	0.129100	0.122100	0.111600	0.107000	0.099200	0.112600	0.100500	0.121300	0.154500	0.100400	0.068800	0.072500	0.117700	0.116700	0.198500	0.130500	0.140400	0.063000	0.075400	0.104700
882486.4	0.134500	0.117900	0.136000	0.129300	0.125400	0.108900	0.106500	0.098600	0.111800	0.098300	0.121600	0.154600	0.099400	0.066500	0.069900	0.118600	0.114300	0.200600	0.129500	0.140300	0.059800	0.073200	0.104800
887444.2	0.134000	0.117700	0.134900	0.128300	0.123200	0.110900	0.106300	0.098700	0.111700	0.100100	0.120900	0.153700	0.100900	0.072100	0.074900	0.116600	0.118700	0.198400	0.129100	0.140500	0.065800	0.078700	0.104800
892402.0	0.134100	0.118200	0.134400	0.127300	0.117900	0.113200	0.106500	0.098600	0.112100	0.101500	0.119300	0.151700	0.101000	0.073200	0.077300	0.116400	0.120700	0.195700	0.128900	0.141000	0.067300	0.080100	0.103900
897359.8	0.134400	0.119300	0.135600	0.128000	0.119800	0.112900	0.107300	0.099100	0.112300	0.102100	0.119700	0.152000	0.101800	0.073800	0.077400	0.116300	0.120800	0.197300	0.128300	0.140900	0.068100	0.080600	0.104800
902317.6	0.134200	0.118700	0.134900	0.128800	0.122300	0.110700	0.107300	0.099300	0.112400	0.099900	0.121400	0.155100	0.100500	0.068200	0.071300	0.117700	0.117000	0.197800	0.129000	0.142100	0.061800	0.075300	0.104700
907275.4	0.133700	0.115800	0.136300	0.128400	0.123200	0.110700	0.106500	0.098400	0.111500	0.100000	0.121100	0.154100	0.100000	0.069200	0.072800	0.117300	0.116400	0.197400	0.128800	0.140500	0.062600	0.076000	0.104500
912233.2	0.134100	0.119000	0.135500	0.128200	0.119900	0.111800	0.106800	0.099100	0.111900	0.101800	0.120700	0.153200	0.101200	0.071600	0.074700	0.116200	0.119400	0.195600	0.128700	0.141700	0.065400	0.078300	0.105400
917190.9	0.135000	0.117000	0.137600	0.128400	0.124100	0.109300	0.106500	0.098700	0.110700	0.099200	0.120700	0.155400	0.099000	0.066500	0.069600	0.118300	0.114800	0.196500	0.130100	0.141500	0.059100	0.072600	0.104700
922148.7	0.132700	0.115300	0.134300	0.127700	0.117800	0.111700	0.106300	0.098900	0.111700	0.101300	0.119500	0.151800	0.100600	0.069700	0.072700	0.116100	0.118100	0.192300	0.128000	0.142300	0.062300	0.076000	0.104000
927106.5	0.135100	0.115100	0.134900	0.128300	0.122500	0.110200	0.106000	0.098700	0.111300	0.099200	0.120500	0.153500	0.100100	0.068400	0.071600	0.117100	0.116800	0.194200	0.128900	0.140900	0.061200	0.075400	0.104300
932064.3	0.132700	0.117000	0.135700	0.127200	0.117500	0.113500	0.106200	0.098400	0.111700	0.102000	0.119800	0.152500	0.101300	0.072400	0.075500	0.115300	0.120100	0.192900	0.127800	0.140700	0.065700	0.078700	0.104400
937022.1	0.132900	0.116700	0.135100	0.128200	0.123100	0.111900	0.106300	0.098300	0.111400	0.100300	0.120200	0.153700	0.101100	0.070900	0.074700	0.117500	0.118300	0.195400	0.127700	0.142200	0.063800	0.077000	0.103900
941979.9	0.133800	0.115900	0.136400	0.128100	0.122800	0.109600	0.106600	0.098300	0.111900	0.099200	0.121100	0.154000	0.099800	0.065300	0.069500	0.117100	0.114800	0.195100	0.128700	0.141200	0.057700	0.071600	0.104200
946937.7	0.133100	0.118100	0.136700	0.128200	0.121400	0.111500	0.106900	0.098500	0.112500	0.101700	0.120400	0.153300	0.100800	0.071600	0.075100	0.116200	0.119200	0.195800	0.128000	0.141300	0.065100	0.077800	0.103100
951895.5	0.132000	0.116400	0.135200	0.127900	0.119800	0.112400	0.106200	0.098300	0.111500	0.101500	0.120000	0.152300	0.100900	0.070700	0.075500	0.115700	0.118900	0.193500	0.127800	0.142200	0.064500	0.078000	0.103700
956853.2	0.132600	0.117500	0.136600	0.128900	0.124500	0.110000	0.106400	0.099000	0.111800	0.100300	0.121700	0.154400	0.099300	0.069100	0.072000	0.117900	0.117100	0.195800	0.127900	0.142000	0.061000	0.074900	0.104200
961811.0	0.133100	0.115200	0.135800	0.127600	0.119700	0.111000	0.105400	0.097900	0.112300	0.101200	0.119700	0.152100	0.100500	0.068700	0.072000	0.115700	0.116600	0.193100	0.126800	0.141100	0.061200	0.075300	0.104100
966768.8	0.131900	0.116400	0.136000	0.127600	0.121000	0.110100	0.106200	0.098400	0.111700	0.100600	0.119900	0.152200	0.099500	0.068000	0.071600	0.116000	0.116000	0.192800	0.128000	0.141000	0.060600	0.074600	0.104200
971726.6	0.132000	0.117700	0.135900	0.128500	0.126900	0.109100	0.105800	0.098000	0.111500	0.100000	0.121800	0.154000	0.099200	0.068700	0.071600	0.117500	0.114500	0.195400	0.128700	0.140400	0.060900	0.074500	0.103600
976684.4	0.131800	0.117000	0.136100	0.127600	0.119300	0.110100	0.105800	0.098900	0.112500	0.101400	0.120500	0.153200	0.100100	0.069400	0.072700	0.114900	0.116700	0.192400	0.128200	0.141200	0.061800	0.075500	0.103300
981642.2	0.132900	0.116200	0.137200	0.128900	0.124100	0.109900	0.106600	0.098300	0.111800	0.100500	0.120800	0.155100	0.099400	0.067400	0.070600	0.116900	0.115400	0.194400	0.128400	0.140900	0.059700	0.074100	0.103700
986600.0	0.131800	0.117000	0.137700	0.128700	0.126800	0.107900	0.106300	0.098300	0.112000	0.099800	0.122600	0.155800	0.098800	0.067200	0.069500	0.118500	0.114000	0.196200	0.128800	0.140900	0.059400	0.072500	0.104500
991557.8	0.131100	0.116400	0.136600	0.128000	0.122200	0.108300	0.106700	0.098800	0.112500	0.099100	0.120600	0.154300	0.099000	0.065900	0.069300	0.116400	0.114000	0.192700	0.128100	0.140700	0.057600	0.072200	0.103700
996515.6	0.130400	0.116200	0.135500	0.127900	0.122800	0.108900	0.105600	0.098000	0.112300	0.100400	0.120000	0.152700	0.099200	0.067900	0.070200	0.115700	0.115000	0.192400	0.127800	0.140000	0.060500	0.074700	0.102900
1001473.3	0.132600	0.116000	0.137400	0.128500	0.124200	0.108100	0.106300	0.097900	0.112300	0.098700	0.121600	0.154900	0.099200	0.065200	0.067700	0.117700	0.113100	0.193000	0.129100	0.141100	0.057100	0.070600	0.104500
1006431.1	0.132500	0.115400	0.137300	0.128500	0.126600	0.108500	0.106000	0.097900	0.112200	0.098100	0.121100	0.155200	0.097600	0.065100	0.066600	0.117600	0.112200	0.193600	0.127900	0.140700	0.056500	0.070500	0.104200
1011388.9	0.131700	0.116500	0.135900	0.128100	0.123600	0.109500	0.106600	0.098200	0.112000	0.100700	0.120800	0.153200	0.099600	0.069100	0.072800	0.116900	0.116300	0.191700	0.127400	0.141000	0.061400	0.075100	0.103900
1016346.7	0.131600	0.116800	0.135100	0.128000	0.123500	0.108300	0.106400	0.097600	0.112700	0.098500	0.121200	0.154900	0.098100	0.065700	0.068300	0.116300	0.112800	0.192100	0.127800	0.141100	0.058100	0.072000	0.103300
1021304.5	0.130700	0.115500	0.136000	0.128000	0.124700	0.107700	0.106300	0.097900	0.111200	0.099300	0.120500	0.153500	0.098600	0.066900	0.069100	0.116500	0.113600	0.192200	0.127300	0.140500	0.059600	0.072900	0.103400
1026262.3	0.132700	0.117400	0.136100	0.128700	0.127700	0.107600	0.106100	0.097700	0.111900	0.098800	0.122600	0.155200	0.098100	0.066100	0.068100	0.118700	0.112600	0.194400	0.128800	0.141000	0.057400	0.071000	0.104300
1031220.1	0.131200	0.115500	0.137700	0.128600	0.127000	0.108200	0.105800	0.097700	0.112200	0.100200	0.122300	0.154400	0.098500	0.068200	0.070200	0.116900	0.113800	0.194000	0.128000	0.140500	0.060300	0.074300	0.103900
1036177.9	0.131800	0.116100	0.135400	0.127700	0.120400	0.109800	0.106500	0.098400	0.112300	0.100900	0.120000	0.152400	0.099800	0.068700	0.070800	0.116000	0.115800	0.189900	0.126900	0.141900	0.060200	0.074800	0.102500
1041135.7	0.130700	0.115000	0.137400	0.128500	0.123900	0.107800	0.106500	0.097700	0.111800	0.099600	0.121400	0.153400	0.097700	0.066300	0.068900	0.116500	0.113300	0.191400	0.127400	0.141200	0.058200	0.072000	0.103600
1046093.4	0.131800	0.115000	0.135400	0.127600	0.122900	0.108500	0.107500	0.097600	0.112500	0.100400	0.121800	0.152800	0.098800	0.065900	0.069200	0.116000	0.113400	0.190700	0.127600	0.140800	0.057700	0.071800	0.103800
1051051.2	0.131400	0.114800	0.135600	0.127300	0.121600	0.109300	0.106800	0.097500	0.112000	0.101600	0.120300	0.152300	0.099100	0.069200	0.072100	0.115900	0.115300	0.190000	0.126500	0.141000	0.061500	0.075600	0.103600
1056009.0	0.131400	0.113900	0.135500	0.127400	0.124900	0.106500	0.106200	0.097900	0.110800	0.099900	0.121200	0.153600	0.098000	0.065200	0.068000	0.116600	0.111600	0.190700	0.127500	0.140200	0.057400	0.070900	0.102500
1060966.8	0.131400	0.114200	0.136700	0.126300	0.120100	0.108900	0.106900	0.097300	0.112000	0.101100	0.119200	0.150900	0.099500	0.068900	0.072200	0.114300	0.114700	0.188600	0.126000	0.140700	0.061500	0.075600	0.102100
1065924.6	0.130200	0.114800	0.136700	0.127900	0.121700	0.109400	0.106800	0.097600	0.112000	0.100600	0.119800	0.151700	0.098500	0.068100	0.070200	0.115700	0.113700	0.189000	0.127000	0.141100	0.060500	0.073800	0.103100
1070882.4	0.131700	0.114500	0.135800	0.128200	0.123400	0.107800	0.107200	0.097700	0.112100	0.100500	0.121600	0.154000	0.098800	0.067500	0.069700	0.116000	0.113600	0.189400	0.127900	0.141700	0.058800	0.073000	0.103500
1075840.2	0.131300	0.115900	0.135700	0.127200	0.121800	0.108900	0.107100	0.097900	0.111900	0.100400	0.119700	0.151300	0.099600	0.069100	0.072100	0.115400	0.115500	0.188800	0.126900	0.141200	0.061900	0.075400	0.103700
1080798.0	0.131200	0.114000	0.137200	0.128300	0.125400	0.107300	0.107100	0.098500	0.112200	0.100200	0.121500	0.154900	0.098400	0.067600	0.070300	0.116600	0.113800	0.190600	0.127900	0.141100	0.059700	0.073300	0.104000
1085755.7	0.130700	0.114000	0.135900	0.126800	0.120700	0.108500	0.106600	0.098100	0.112000	0.101200	0.120000	0.151800	0.099300	0.070100	0.071700	0.114900	0.114600	0.188000	0.126200	0.140100	0.062000	0.075200	0.102400
1090713.5	0.132300	0.114300	0.137900	0.127800	0.126800	0.107100	0.107000	0.097900	0.111800	0.099700	0.121900	0.155100	0.097800	0.066300	0.068800	0.117000	0.112100	0.189400	0.127800	0.140500	0.057700	0.071500	0.104300
1095671.3	0.130900	0.114200	0.136200	0.126800	0.117600	0.109600	0.107500	0.098000	0.112000	0.101000	0.119700	0.151300	0.099700	0.070200	0.072300	0.114700	0.116000	0.185600	0.126700	0.141100	0.062100	0.076200	0.103100
1100629.1	0.132600	0.114900	0.136900	0.128000	0.123000	0.107800	0.107500	0.098700	0.112300	0.100200	0.121400	0.153400	0.098400	0.067200	0.068600	0.116300	0.112700	0.188600	0.127100	0.140600	0.059000	0.072300	0.103400
1105586.9	0.132700	0.113600	0.137500	0.127600	0.122500	0.107700	0.107100	0.097800	0.112300	0.100200	0.120300	0.153300	0.098900	0.066900	0.068700	0.116100	0.113000	0.187500	0.127800	0.141200	0.058200	0.072000	0.103100
1110544.7	0.132500	0.113700	0.135900	0.127000	0.122200	0.108200	0.106700	0.097900	0.111900	0.100200	0.119300	0.151400	0.098400	0.066900	0.069000	0.115000	0.112000	0.187800	0.126600	0.140500	0.058200	0.072000	0.102700
1115502.5	0.131800	0.113800	0.135900	0.127600	0.123700	0.107000	0.106500	0.097700	0.111100	0.100000	0.120800	0.151200	0.098600	0.067400	0.069300	0.115100	0.112300	0.188100	0.126700	0.139600	0.059300	0.072500	0.102600
1120460.3	0.131300	0.113100	0.135800	0.126600	0.116700	0.109800	0.107400	0.097600	0.111700	0.101400	0.119300	0.150500	0.099100	0.069800	0.071000	0.113800	0.114500	0.184200	0.126600	0.140100	0.061400	0.074600	0.103200
1125418.1	0.132100	0.113600	0.137300	0.128700	0.124600	0.107100	0.107000	0.097600	0.112200	0.099000	0.120900	0.153000	0.097900	0.066500	0.068600	0.116500	0.111600	0.187300	0.126800	0.139600	0.058300	0.071500	0.102800
1130375.8	0.132300	0.114300	0.137800	0.128400	0.123500	0.108200	0.107200	0.098800	0.111600	0.099800	0.120800	0.152500	0.098500	0.067000	0.069500	0.115200	0.112200	0.187300	0.128800	0.140000	0.059100	0.072500	0.103800
1135333.6	0.132300	0.113900	0.137700	0.127500	0.124000	0.108400	0.107300	0.097600	0.111500	0.099400	0.119400	0.151400	0.097700	0.066300	0.067700	0.115800	0.111100	0.186400	0.127100	0.140000	0.057300	0.070600	0.104400
1140291.4	0.131700	0.113300	0.136000	0.127500	0.121000	0.108500	0.107100	0.098300	0.110800	0.100000	0.119200	0.151900	0.098300	0.069000	0.070300	0.114500	0.112900	0.185300	0.127100	0.139900	0.060200	0.074300	0.103900
1145249.2	0.132400	0.114700	0.136600	0.126400	0.121900	0.108000	0.107300	0.097900	0.110900	0.100400	0.120300	0.151900	0.098200	0.067300	0.068800	0.114300	0.112600	0.185500	0.126600	0.140400	0.058100	0.072100	0.103500
1150207.0	0.130700	0.113600	0.137100	0.129000	0.126400	0.106900	0.107500	0.098400	0.111000	0.099300	0.121300	0.153500	0.097100	0.065100	0.067400	0.116400	0.109600	0.185700	0.127200	0.139400	0.057100	0.070300	0.103800
1155164.8	0.132400	0.113300	0.138500	0.128900	0.124600	0.107900	0.107100	0.098700	0.111300	0.099900	0.121300	0.154000	0.097900	0.067000	0.069000	0.116800	0.111700	0.187300	0.127800	0.139800	0.058800	0.072500	0.103100
1160122.6	0.131600	0.113700	0.136100	0.126700	0.117000	0.110200	0.107600	0.098300	0.111400	0.102500	0.118200	0.149100	0.099100	0.069900	0.071900	0.113000	0.114500	0.182300	0.126500	0.140000	0.062200	0.076100	0.103900
1165080.4	0.129900	0.113200	0.135900	0.127900	0.124800	0.106800	0.107500	0.098600	0.111000	0.099600	0.120700	0.153600	0.097400	0.064000	0.065100	0.116100	0.109400	0.185900	0.127400	0.139900	0.054900	0.068100	0.103300
1170038.1	0.131600	0.114600	0.138400	0.128100	0.126900	0.107400	0.106800	0.098700	0.111100	0.099800	0.122000	0.153800	0.097800	0.065400	0.067400	0.116700	0.110500	0.186700	0.127400	0.140300	0.056800	0.070500	0.103800
1174995.9	0.131000	0.114200	0.137500	0.127300	0.126900	0.107200	0.106700	0.098600	0.111600	0.099100	0.120600	0.153200	0.097600	0.064200	0.065300	0.116100	0.109200	0.186500	0.126700	0.140100	0.054900	0.068500	0.103900
1179953.7	0.131000	0.113600	0.138100	0.127500	0.123700	0.107900	0.107700	0.099000	0.111400	0.099000	0.120900	0.152900	0.098000	0.065400	0.067200	0.115900	0.110100	0.185000	0.126700	0.140000	0.057000	0.070500	0.103600
1184911.5	0.130600	0.113300	0.137400	0.127100	0.121200	0.108100	0.107200	0.099200	0.111600	0.099500	0.120200	0.151200	0.098300	0.065000	0.066500	0.115600	0.110300	0.182700	0.126700	0.139300	0.056500	0.070000	0.104000
1189869.3	0.128400	0.110200	0.134800	0.125000	0.116300	0.107500	0.106500	0.098100	0.110600	0.100000	0.117700	0.148300	0.097600	0.069300	0.071700	0.112300	0.112900	0.179600	0.124900	0.138600	0.061000	0.074600	0.102400
1194827.1	0.129200	0.113000	0.136300	0.127800	0.126800	0.106100	0.106000	0.098500	0.111000	0.098600	0.121500	0.152800	0.096900	0.065000	0.065800	0.115800	0.109000	0.183900	0.127100	0.138700	0.056400	0.070000	0.103100
1199784.9	0.131400	0.112200	0.137700	0.127900	0.129000	0.106400	0.107000	0.099200	0.111900	0.099600	0.121600	0.153800	0.096800	0.063200	0.065200	0.116900	0.109200	0.186000	0.127800	0.140900	0.054600	0.067900	0.103800
1204742.7	0.131500	0.113800	0.139300	0.127100	0.122800	0.109300	0.106500	0.099300	0.112200	0.100800	0.120200	0.154100	0.098800	0.067200	0.070400	0.115700	0.110300	0.185400	0.127200	0.137900	0.059900	0.073000	0.102300
1209700.5	0.130500	0.113900	0.141600	0.127100	0.120800	0.108900	0.107100	0.100000	0.112600	0.101100	0.120500	0.154000	0.099100	0.070000	0.072100	0.115000	0.111600	0.184100	0.127100	0.139300	0.062000	0.074900	0.103000
1214658.2	0.131500	0.114300	0.141500	0.128100	0.122900	0.111000	0.107800	0.100500	0.112800	0.101300	0.120700	0.154500	0.100100	0.069900	0.073400	0.115400	0.113300	0.185400	0.128200	0.140700	0.062900	0.076200	0.103400
1219616.0	0.133700	0.114700	0.142000	0.129100	0.124400	0.110300	0.107000	0.100900	0.113600	0.101500	0.121700	0.156300	0.099100	0.067300	0.069200	0.116500	0.109600	0.187300	0.129200	0.139500	0.059100	0.071900	0.104600
1224573.8	0.132500	0.115200	0.143000	0.128600	0.122500	0.110200	0.107200	0.101100	0.113400	0.101300	0.122400	0.156900	0.099500	0.068800	0.071200	0.116300	0.110000	0.186800	0.128500	0.138500	0.061600	0.074100	0.103900
1229531.6	0.134600	0.119100	0.142800	0.130200	0.124600	0.111200	0.107300	0.101100	0.113500	0.101600	0.124500	0.157100	0.100000	0.071100	0.074800	0.116100	0.111700	0.190100	0.129600	0.138800	0.065500	0.077000	0.103800
1234489.4	0.147400	0.139600	0.151200	0.146100	0.141800	0.116200	0.111400	0.105500	0.117500	0.108100	0.148000	0.166600	0.103300	0.071500	0.075600	0.125500	0.107000	0.200900	0.146100	0.144100	0.059200	0.072000	0.111500
1239447.2	0.235300	0.208800	0.195700	0.235000	0.211200	0.168700	0.144700	0.129100	0.149400	0.172200	0.240800	0.201000	0.146400	0.106700	0.127600	0.186600	0.115300	0.223600	0.236700	0.207300	0.070100	0.087100	0.152700
1244405.0	0.280000	0.224100	0.220400	0.269500	0.249100	0.183300	0.174200	0.148200	0.177700	0.179000	0.276900	0.236000	0.166300	0.110500	0.137300	0.212100	0.118100	0.238000	0.287300	0.260600	0.070000	0.093300	0.186800
1249362.8	0.299100	0.232800	0.239900	0.280300	0.263900	0.189700	0.190600	0.163100	0.197300	0.184300	0.291300	0.274700	0.175500	0.114700	0.149900	0.218800	0.121900	0.252200	0.309600	0.288100	0.073700	0.101200	0.210000
1254320.6	0.315000	0.236700	0.258100	0.292200	0.269900	0.191500	0.202500	0.174500	0.210600	0.185800	0.302900	0.324600	0.181300	0.119700	0.162800	0.225300	0.125600	0.264400	0.329900	0.302300	0.073500	0.107100	0.234600
1259278.3	0.317900	0.240400	0.269600	0.293800	0.264000	0.199500	0.208600	0.179400	0.219400	0.192500	0.304000	0.355100	0.186500	0.125900	0.177900	0.225500	0.130100	0.269900	0.337800	0.312700	0.077100	0.114300	0.245800
1264236.1	0.321900	0.242400	0.276300	0.300700	0.273800	0.202200	0.210600	0.182000	0.225100	0.196700	0.313000	0.381900	0.191800	0.136900	0.198000	0.228800	0.134500	0.281200	0.348900	0.325800	0.082600	0.122400	0.259700
1269193.9	0.327200	0.244100	0.286900	0.308400	0.282000	0.203300	0.213100	0.184800	0.232100	0.198900	0.319400	0.401100	0.195100	0.137100	0.203200	0.233000	0.135800	0.287400	0.357700	0.333300	0.081300	0.120300	0.276900
1274151.7	0.332600	0.244300	0.291000	0.309600	0.278000	0.205300	0.216000	0.185000	0.238800	0.203400	0.318100	0.415700	0.198900	0.140700	0.212100	0.235400	0.139500	0.292600	0.367000	0.338100	0.082000	0.124200	0.282900
1279109.5	0.333900	0.246200	0.292100	0.313600	0.286300	0.206300	0.218200	0.188400	0.240500	0.203800	0.323600	0.439100	0.200700	0.138300	0.210500	0.237300	0.139000	0.299100	0.374400	0.340300	0.079000	0.119700	0.287900
1284067.3	0.338200	0.245300	0.291400	0.316900	0.288900	0.208000	0.221600	0.190800	0.242500	0.207100	0.325500	0.451500	0.202600	0.137700	0.209200	0.240000	0.140800	0.301800	0.378900	0.346400	0.077800	0.118000	0.285900
1289025.1	0.341100	0.249000	0.288200	0.316300	0.284200	0.210100	0.222100	0.190200	0.246000	0.211700	0.321600	0.448800	0.206500	0.143300	0.220600	0.237100	0.144800	0.304200	0.379200	0.349300	0.081400	0.124400	0.277800
1293982.9	0.344500	0.244500	0.286000	0.318400	0.291400	0.209600	0.223700	0.191400	0.248800	0.211900	0.323000	0.453100	0.209700	0.144700	0.224700	0.240300	0.145000	0.308200	0.388000	0.350200	0.082500	0.125900	0.270700
1298940.7	0.343000	0.246400	0.286600	0.317600	0.279600	0.211700	0.226700	0.192200	0.247900	0.216000	0.315700	0.448200	0.213500	0.152300	0.238800	0.234500	0.149200	0.306100	0.381600	0.351100	0.088800	0.134600	0.258500
1303898.4	0.348500	0.247700	0.288000	0.322000	0.281200	0.211000	0.227600	0.193400	0.249600	0.213300	0.319600	0.454100	0.215100	0.147900	0.230600	0.239700	0.147700	0.307800	0.386700	0.355500	0.085400	0.129800	0.253300
1308856.2	0.348800	0.247300	0.290900	0.326400	0.290200	0.211600	0.226900	0.193800	0.250500	0.214300	0.320400	0.458900	0.217500	0.148600	0.228800	0.244300	0.147100	0.311700	0.390500	0.358400	0.083600	0.128600	0.249100
1313814.0	0.349800	0.245700	0.286100	0.322100	0.277900	0.213900	0.228200	0.192300	0.252300	0.217300	0.317700	0.450000	0.220100	0.153600	0.241700	0.240900	0.149200	0.311100	0.387000	0.358800	0.088000	0.134900	0.239800
1318771.8	0.353500	0.247700	0.289500	0.325500	0.296100	0.210700	0.227800	0.193700	0.253300	0.209500	0.321000	0.458700	0.219200	0.146200	0.230100	0.247800	0.146400	0.315500	0.389500	0.361900	0.082300	0.129600	0.234000
1323729.6	0.355300	0.245600	0.289300	0.326000	0.288000	0.210500	0.227300	0.193200	0.254900	0.208700	0.323100	0.457200	0.221500	0.147900	0.233900	0.247200	0.146600	0.316000	0.390000	0.364100	0.083800	0.133300	0.230800
1328687.4	0.362100	0.243900	0.287900	0.326500	0.295200	0.206300	0.226500	0.193400	0.257000	0.212500	0.327100	0.460700	0.219600	0.144700	0.226800	0.249700	0.145100	0.316400	0.389500	0.368800	0.079500	0.127200	0.230000
1333645.2	0.363100	0.247300	0.285800	0.330700	0.291000	0.210000	0.228400	0.193700	0.257300	0.215800	0.320800	0.461100	0.222700	0.148100	0.232200	0.247200	0.146800	0.316100	0.387200	0.368400	0.082100	0.130700	0.229000
1338603.0	0.361000	0.243500	0.287600	0.332600	0.293700	0.209100	0.229100	0.195600	0.256400	0.214600	0.319000	0.458300	0.223500	0.145400	0.224800	0.250200	0.145000	0.314500	0.387300	0.367100	0.078100	0.124900	0.229100
1343560.7	0.324800	0.222700	0.268600	0.295200	0.260800	0.191800	0.210700	0.183100	0.235500	0.187900	0.286500	0.412000	0.201400	0.133800	0.215800	0.227900	0.143700	0.304100	0.339000	0.325300	0.078000	0.125100	0.208700
1348518.5	0.248500	0.182300	0.222000	0.229000	0.203800	0.168800	0.176700	0.155900	0.194100	0.152800	0.219700	0.319900	0.170000	0.121600	0.198800	0.184800	0.140700	0.271900	0.238100	0.251800	0.078300	0.122700	0.167600
1353476.3	0.215900	0.161800	0.194300	0.201700	0.185400	0.151600	0.157300	0.139800	0.171200	0.135100	0.186700	0.278500	0.150800	0.105800	0.158700	0.167700	0.131300	0.255600	0.194600	0.217200	0.071500	0.110000	0.147500
1358434.1	0.196000	0.147300	0.178900	0.183700	0.165100	0.142100	0.145800	0.131700	0.156500	0.126100	0.166200	0.249900	0.140700	0.097000	0.133800	0.154600	0.127500	0.240300	0.173600	0.199200	0.069200	0.105700	0.135300
1363391.9	0.180800	0.137200	0.166400	0.172000	0.156000	0.136400	0.137900	0.125000	0.146700	0.118600	0.153000	0.229300	0.131500	0.087800	0.113400	0.146200	0.121600	0.229200	0.162400	0.189300	0.064200	0.096600	0.129600
1368349.7	0.170100	0.131300	0.154600	0.160100	0.144400	0.131600	0.132400	0.120400	0.141800	0.114700	0.143400	0.211100	0.127200	0.088100	0.109600	0.138100	0.122300	0.216400	0.154700	0.184500	0.066100	0.099600	0.123100
1373307.5	0.166300	0.131000	0.152100	0.159700	0.151700	0.127100	0.130100	0.118700	0.138600	0.112200	0.143500	0.208000	0.123000	0.081200	0.097800	0.140600	0.117200	0.219500	0.152800	0.181400	0.060100	0.091400	0.123700
1378265.3	0.160800	0.126900	0.150000	0.155000	0.146700	0.125600	0.127300	0.116700	0.136200	0.109400	0.139800	0.201200	0.120200	0.080800	0.096400	0.137700	0.116300	0.212900	0.150700	0.178400	0.061200	0.090600	0.123200
1383223.1	0.157500	0.124000	0.148000	0.151500	0.145000	0.123000	0.125000	0.115300	0.133300	0.107700	0.138400	0.195100	0.118300	0.079300	0.092400	0.135100	0.115100	0.209600	0.147900	0.175000	0.060900	0.089500	0.120900
1388180.9	0.154900	0.123000	0.144100	0.148300	0.137300	0.121900	0.123800	0.113300	0.131700	0.107000	0.135600	0.187300	0.115700	0.078000	0.089400	0.131900	0.114600	0.206300	0.146500	0.172200	0.059400	0.087300	0.119200
1393138.6	0.152900	0.121800	0.145000	0.146000	0.135100	0.122800	0.122400	0.112400	0.130900	0.107200	0.133800	0.183300	0.116400	0.080200	0.091800	0.130900	0.116100	0.204500	0.146200	0.169400	0.063000	0.090300	0.119100
1398096.4	0.151100	0.121300	0.144900	0.146100	0.142000	0.119600	0.121300	0.111100	0.128500	0.105400	0.134800	0.182800	0.112900	0.077500	0.088700	0.132600	0.112800	0.205900	0.146700	0.168000	0.061500	0.087700	0.119100
1403054.2	0.148500	0.119100	0.143000	0.144300	0.136800	0.119300	0.121400	0.110000	0.128300	0.104500	0.134600	0.178500	0.112600	0.075400	0.084200	0.130500	0.112000	0.200000	0.145600	0.167400	0.059600	0.084700	0.118800
1408012.0	0.148400	0.119700	0.143400	0.143100	0.140000	0.118000	0.120600	0.109300	0.126800	0.104300	0.135100	0.175900	0.111000	0.074600	0.084000	0.130700	0.111000	0.199800	0.145200	0.166200	0.058900	0.082700	0.118000
1412969.8	0.145800	0.119700	0.141800	0.140200	0.133500	0.119400	0.119400	0.108000	0.126100	0.105900	0.131800	0.170100	0.110800	0.079400	0.089400	0.126500	0.113800	0.196200	0.144200	0.165400	0.063700	0.087600	0.116500
1417927.6	0.145000	0.117800	0.141000	0.142000	0.137900	0.117000	0.119800	0.108100	0.125900	0.104100	0.134300	0.172300	0.109400	0.075000	0.083600	0.129200	0.110800	0.195900	0.145500	0.165600	0.059200	0.083900	0.118000
1422885.4	0.144700	0.115300	0.141900	0.141100	0.136800	0.117000	0.119200	0.106900	0.125200	0.104400	0.133800	0.169500	0.108800	0.072700	0.081800	0.129300	0.110600	0.192600	0.145000	0.165700	0.058400	0.081800	0.117500
1427843.2	0.143100	0.117800	0.140400	0.140100	0.141600	0.114400	0.118200	0.105900	0.124000	0.104200	0.133900	0.169200	0.107400	0.075100	0.083400	0.130100	0.109300	0.194500	0.144100	0.163500	0.059500	0.082000	0.116900
1432800.9	0.143500	0.115300	0.138300	0.138100	0.134500	0.115900	0.117900	0.105200	0.124000	0.103700	0.130800	0.164200	0.106800	0.073600	0.082000	0.126800	0.110100	0.187800	0.143600	0.163500	0.059100	0.081500	0.115200
1437758.7	0.141600	0.116300	0.139800	0.137700	0.136800	0.115400	0.117500	0.105600	0.123400	0.102700	0.131400	0.163800	0.106800	0.074200	0.083100	0.126600	0.110400	0.189600	0.142900	0.162500	0.060700	0.083500	0.115600
1442716.5	0.142100	0.116300	0.141700	0.139100	0.139200	0.113500	0.117800	0.105400	0.124000	0.103000	0.133200	0.166000	0.105700	0.070300	0.078200	0.129500	0.107000	0.188700	0.144600	0.163200	0.055600	0.076900	0.116700
1447674.3	0.140800	0.115400	0.142800	0.138300	0.138900	0.113600	0.117300	0.105200	0.123500	0.102000	0.132700	0.164500	0.104900	0.070800	0.078100	0.128300	0.107400	0.186700	0.144300	0.163000	0.055700	0.077600	0.116400
1452632.1	0.140700	0.115800	0.140900	0.138100	0.137900	0.114000	0.116300	0.104700	0.123200	0.101600	0.132000	0.162700	0.105300	0.070400	0.078100	0.128100	0.106800	0.186500	0.144300	0.162600	0.055800	0.076400	0.115400
1457589.9	0.140600	0.115300	0.143100	0.137600	0.140900	0.111700	0.116200	0.104500	0.122800	0.102300	0.131900	0.163700	0.104200	0.069700	0.077400	0.127900	0.106200	0.186300	0.143800	0.162000	0.055100	0.075900	0.115400
1462547.7	0.140400	0.114100	0.142600	0.137400	0.134900	0.114100	0.116900	0.104900	0.123200	0.102400	0.131600	0.163700	0.105700	0.072000	0.080200	0.127000	0.108600	0.181900	0.143500	0.162300	0.058500	0.078500	0.116900
1467505.5	0.140600	0.115500	0.142400	0.137600	0.135200	0.114100	0.116400	0.104400	0.123600	0.102200	0.131800	0.163100	0.105700	0.071600	0.080600	0.127600	0.108600	0.180500	0.144000	0.163000	0.057700	0.078100	0.117200
1472463.3	0.138400	0.113700	0.141700	0.136300	0.134200	0.113900	0.115500	0.104000	0.123000	0.101500	0.130600	0.161300	0.105100	0.071900	0.080900	0.125700	0.108400	0.178100	0.142700	0.162200	0.058400	0.079000	0.116400
1477421.0	0.140700	0.115300	0.144600	0.137200	0.138000	0.112700	0.115500	0.104800	0.122500	0.100800	0.131700	0.163400	0.103800	0.070300	0.079200	0.128200	0.106800	0.180000	0.143300	0.162400	0.056100	0.076200	0.117000
1482378.8	0.139500	0.113300	0.144800	0.136800	0.135700	0.112700	0.115000	0.104200	0.122400	0.100300	0.130400	0.161200	0.103900	0.068700	0.076900	0.126900	0.105800	0.177200	0.143100	0.162400	0.054700	0.074700	0.116200
1487336.6	0.138300	0.114500	0.143700	0.136200	0.132200	0.115400	0.115300	0.104100	0.123000	0.100900	0.129700	0.158600	0.104800	0.070700	0.080500	0.125700	0.108400	0.174200	0.142200	0.162600	0.058100	0.078200	0.117800
1492294.4	0.138300	0.113600	0.146100	0.136300	0.133800	0.113300	0.114700	0.103200	0.122500	0.099100	0.130400	0.159500	0.103700	0.068500	0.077500	0.126100	0.105800	0.173500	0.141900	0.162000	0.054300	0.075100	0.118100
1497252.2	0.137900	0.114200	0.146000	0.137500	0.140900	0.111700	0.114100	0.103700	0.122000	0.098400	0.131500	0.162600	0.103100	0.068100	0.077100	0.128600	0.104900	0.175300	0.142500	0.162600	0.053700	0.074400	0.116700
