VERSION	1200
Time[MSec.]	Ratio	Ratio	Ratio	Ratio	Ratio	Ratio	Ratio	Ratio	Ratio	Ratio	Ratio	Ratio	Ratio	Ratio	Ratio	Ratio	Ratio
%.1f	%.4f	%.4f	%.4f	%.4f	%.4f	%.4f	%.4f	%.4f	%.4f	%.4f	%.4f	%.4f	%.4f	%.4f	%.4f	%.4f	%.4f
Time	ROI(1-1)	ROI(1-2)	ROI(1-3)	ROI(1-4)	ROI(1-5)	ROI(1-6)	ROI(1-7)	ROI(1-8)	ROI(1-9)	ROI(1-10)	ROI(1-11)	ROI(1-12)	ROI(1-13)	ROI(1-14)	ROI(1-15)	ROI(1-16)	ROI(1-17)
GraphNo	1	2	3	4	5	6	7	8	9	10	11	12	13	14	15	16	17
0.0	0.130500	0.209600	0.176000	0.170600	0.163100	0.167800	0.173000	0.136500	0.149300	0.184700	0.176900	0.172400	0.161000	0.216200	0.149000	0.157600	0.146600
5164.4	0.130000	0.206800	0.176100	0.163700	0.160900	0.162400	0.168700	0.139400	0.151100	0.181900	0.173900	0.168000	0.159600	0.214400	0.148100	0.155500	0.145000
10328.7	0.129700	0.204200	0.176200	0.159700	0.157700	0.158700	0.165600	0.140400	0.150200	0.179200	0.170500	0.165200	0.158400	0.211700	0.146000	0.150500	0.140900
15493.1	0.130500	0.205900	0.175500	0.159100	0.159200	0.159100	0.167700	0.139500	0.150400	0.180100	0.172800	0.167500	0.158700	0.210800	0.146800	0.152800	0.142200
20657.5	0.129800	0.208100	0.173500	0.159700	0.158700	0.159800	0.167300	0.135400	0.148100	0.179200	0.172000	0.166200	0.156800	0.207500	0.147500	0.154300	0.143700
25821.8	0.128800	0.207400	0.173800	0.156800	0.156000	0.155900	0.163900	0.135700	0.146300	0.175100	0.166800	0.160500	0.154700	0.203900	0.143900	0.150700	0.139600
30986.2	0.129800	0.207900	0.175600	0.157900	0.157400	0.157800	0.165200	0.136700	0.148200	0.175500	0.167200	0.160300	0.154600	0.201500	0.143700	0.151700	0.140000
36150.6	0.130900	0.210400	0.177000	0.161800	0.160600	0.164400	0.170000	0.136600	0.149300	0.179200	0.172400	0.167400	0.158500	0.202500	0.146800	0.155700	0.144800
41314.9	0.130500	0.210200	0.176700	0.160300	0.160200	0.162700	0.169300	0.136300	0.148700	0.178600	0.173100	0.167300	0.158000	0.202900	0.146600	0.158100	0.144700
46479.3	0.130800	0.209600	0.178200	0.158600	0.158600	0.160800	0.167700	0.137900	0.149400	0.178600	0.172600	0.166200	0.157100	0.202000	0.145500	0.156000	0.145100
51643.7	0.130500	0.211700	0.178100	0.162000	0.161200	0.165500	0.171300	0.134200	0.148100	0.179500	0.174900	0.170000	0.157800	0.199700	0.148100	0.161900	0.148500
56808.0	0.130600	0.209400	0.180300	0.159300	0.159200	0.161900	0.168100	0.137000	0.148700	0.178300	0.173000	0.169600	0.157600	0.199200	0.146700	0.160700	0.147300
61972.4	0.131200	0.210100	0.179700	0.160000	0.160400	0.164000	0.170000	0.137300	0.149400	0.179200	0.175200	0.170300	0.157500	0.195600	0.146100	0.159100	0.146200
67136.8	0.131500	0.211400	0.179600	0.161500	0.162500	0.166300	0.172300	0.136000	0.149600	0.180700	0.176800	0.172500	0.158200	0.193500	0.149300	0.161200	0.148900
72301.1	0.131100	0.210800	0.178500	0.160700	0.161100	0.165900	0.170600	0.135600	0.149700	0.179500	0.174800	0.171800	0.157300	0.191000	0.150400	0.163900	0.149500
77465.5	0.130800	0.209600	0.178900	0.158900	0.160300	0.162400	0.169400	0.137200	0.150300	0.178300	0.173400	0.169500	0.155900	0.188200	0.149400	0.159200	0.145800
82629.8	0.130700	0.209600	0.178100	0.158400	0.159700	0.162900	0.169500	0.136800	0.149800	0.177700	0.174300	0.168600	0.155700	0.184800	0.146200	0.156600	0.144700
87794.2	0.131200	0.210700	0.178000	0.158400	0.159800	0.163400	0.169700	0.136200	0.150900	0.177400	0.174300	0.168700	0.155900	0.182700	0.149500	0.158700	0.146600
92958.6	0.130800	0.210900	0.178500	0.160700	0.160200	0.164800	0.171100	0.136100	0.150000	0.178500	0.176900	0.169200	0.155500	0.178200	0.147400	0.156900	0.145900
98123.0	0.131600	0.213000	0.177600	0.161700	0.161400	0.166100	0.172500	0.134500	0.149500	0.178400	0.176800	0.170300	0.155100	0.178500	0.149100	0.157900	0.147100
103287.3	0.131900	0.211700	0.177800	0.160000	0.160700	0.164800	0.170600	0.135400	0.150100	0.177800	0.176600	0.168800	0.155200	0.175900	0.148700	0.157100	0.147100
108451.7	0.131100	0.212300	0.177500	0.160500	0.160700	0.166300	0.171500	0.134700	0.149200	0.178100	0.176500	0.171000	0.155900	0.173900	0.149800	0.158900	0.148500
113616.0	0.131800	0.211500	0.178600	0.158600	0.159100	0.163900	0.170100	0.136100	0.150600	0.176500	0.177700	0.169300	0.155600	0.172800	0.149400	0.156400	0.146300
118780.4	0.131500	0.213700	0.177600	0.161900	0.161800	0.166400	0.172100	0.134300	0.149600	0.178100	0.177400	0.170300	0.156200	0.170400	0.149400	0.158300	0.148200
123944.8	0.131500	0.214200	0.178300	0.160500	0.160600	0.166400	0.171900	0.134800	0.149800	0.177600	0.177900	0.169000	0.155500	0.168800	0.148600	0.156900	0.147600
129109.1	0.132300	0.211600	0.180200	0.157700	0.159700	0.162600	0.169600	0.137300	0.151300	0.176400	0.175800	0.167000	0.155100	0.168000	0.149600	0.156500	0.145900
134273.5	0.131900	0.214200	0.178900	0.162000	0.161900	0.167500	0.173400	0.134100	0.149800	0.179000	0.178800	0.170900	0.155900	0.165300	0.149700	0.157300	0.147300
139437.9	0.131800	0.211900	0.179700	0.159000	0.160100	0.164600	0.171000	0.136100	0.150700	0.176900	0.176100	0.169900	0.154900	0.164600	0.149400	0.155400	0.146600
144602.2	0.131700	0.213100	0.180100	0.161300	0.161800	0.167900	0.172600	0.134800	0.149800	0.177800	0.178300	0.171200	0.155300	0.163400	0.150400	0.156000	0.147700
149766.6	0.131900	0.213500	0.179800	0.159000	0.160500	0.166200	0.171600	0.135300	0.150600	0.177300	0.176700	0.170100	0.154300	0.161600	0.148500	0.153600	0.144000
154931.0	0.131500	0.211600	0.179700	0.157500	0.159200	0.163400	0.169900	0.136100	0.150400	0.175500	0.176100	0.167400	0.153600	0.161000	0.148800	0.155500	0.146200
160095.3	0.132100	0.214000	0.178900	0.159900	0.160600	0.164800	0.170800	0.134900	0.150000	0.177200	0.176700	0.168000	0.154400	0.159200	0.148700	0.154300	0.146500
165259.7	0.131700	0.213900	0.179000	0.159200	0.160800	0.165200	0.171700	0.136400	0.151300	0.177000	0.177900	0.168600	0.153900	0.157300	0.148500	0.154200	0.145300
170424.1	0.131800	0.214500	0.179800	0.160900	0.160200	0.166100	0.172100	0.134600	0.151000	0.177500	0.178400	0.169300	0.153900	0.157000	0.149300	0.155200	0.146800
175588.4	0.131800	0.215200	0.178900	0.160500	0.160500	0.166100	0.172500	0.134500	0.150800	0.177200	0.177200	0.169100	0.153600	0.155900	0.149800	0.153700	0.145400
180752.8	0.132300	0.213400	0.181200	0.158700	0.160100	0.163200	0.170100	0.138300	0.152700	0.176800	0.176400	0.165600	0.153100	0.156500	0.147600	0.152200	0.143300
185917.2	0.132100	0.212200	0.179800	0.157600	0.159300	0.162700	0.169300	0.137800	0.151700	0.175300	0.174800	0.165900	0.153500	0.154900	0.148800	0.153700	0.146400
191081.5	0.132200	0.214600	0.179700	0.159200	0.159200	0.163200	0.170300	0.136500	0.152000	0.177100	0.175800	0.167700	0.153200	0.155200	0.148000	0.154600	0.144200
196245.9	0.131900	0.214200	0.181300	0.160500	0.161000	0.165600	0.171700	0.136800	0.152200	0.177600	0.177600	0.168000	0.155700	0.154600	0.148700	0.152800	0.146100
201410.2	0.131700	0.214100	0.179300	0.159600	0.160400	0.165600	0.171100	0.135700	0.151600	0.176700	0.176700	0.168100	0.160200	0.153300	0.146900	0.151900	0.145100
206574.6	0.132200	0.216800	0.178500	0.162400	0.163300	0.169400	0.174200	0.133400	0.151200	0.179200	0.177800	0.170500	0.164900	0.155300	0.152300	0.157700	0.148800
211739.0	0.131500	0.215100	0.178600	0.161900	0.161700	0.167900	0.172800	0.133000	0.150700	0.177600	0.176800	0.169000	0.164800	0.153000	0.149300	0.154200	0.145200
216903.3	0.131700	0.214400	0.179000	0.160100	0.160800	0.166200	0.171900	0.134000	0.152300	0.177500	0.176000	0.168500	0.162700	0.153400	0.150300	0.154900	0.145400
222067.7	0.132200	0.215100	0.178200	0.162200	0.162800	0.168900	0.174200	0.133300	0.152300	0.178900	0.178600	0.170500	0.161700	0.154200	0.153200	0.158900	0.149100
227232.1	0.131800	0.214500	0.179400	0.161500	0.161600	0.167400	0.172900	0.134900	0.152600	0.178800	0.178000	0.169600	0.158500	0.152500	0.150900	0.156000	0.146400
232396.4	0.132500	0.215300	0.180000	0.162700	0.163100	0.169600	0.174400	0.134500	0.152800	0.180500	0.180000	0.171200	0.159000	0.152800	0.151400	0.157500	0.148000
237560.8	0.131100	0.213000	0.178900	0.158800	0.160300	0.165600	0.170800	0.133100	0.151600	0.176700	0.175900	0.168200	0.156500	0.151900	0.151200	0.158100	0.147800
242725.2	0.132600	0.214900	0.179700	0.161600	0.162800	0.168800	0.173900	0.133300	0.151900	0.179000	0.176800	0.171900	0.157000	0.152300	0.153000	0.158700	0.149300
247889.5	0.131500	0.213000	0.180900	0.159200	0.161200	0.165600	0.171100	0.135200	0.152600	0.176500	0.173200	0.166500	0.155900	0.150600	0.150400	0.156600	0.147600
253053.9	0.131600	0.214900	0.179000	0.161900	0.162000	0.168000	0.173700	0.132400	0.150700	0.178500	0.176200	0.170100	0.155300	0.148700	0.150700	0.158400	0.148800
258218.3	0.131700	0.213100	0.179400	0.158900	0.160600	0.165800	0.170700	0.134900	0.152200	0.176900	0.173700	0.169100	0.156100	0.150000	0.150300	0.158300	0.146600
263382.6	0.131800	0.214000	0.179300	0.161700	0.162500	0.168700	0.173600	0.133800	0.151300	0.178000	0.176900	0.170100	0.156700	0.149900	0.153000	0.163500	0.150600
268547.0	0.130000	0.210800	0.179600	0.157000	0.159600	0.163200	0.169200	0.135400	0.151600	0.175500	0.171700	0.165800	0.154500	0.149100	0.148800	0.158300	0.146600
273711.3	0.131200	0.212800	0.179800	0.159400	0.161100	0.166700	0.171800	0.134600	0.151000	0.176900	0.174300	0.167400	0.155300	0.147700	0.151000	0.161100	0.148500
278875.7	0.147100	0.300300	0.287100	0.183700	0.179600	0.179400	0.188300	0.134200	0.162500	0.199200	0.190900	0.193800	0.192100	0.198600	0.210500	0.230600	0.205600
284040.1	0.130200	0.216400	0.176500	0.160900	0.161700	0.168500	0.173200	0.130800	0.149700	0.178300	0.175600	0.171000	0.154100	0.147100	0.150600	0.164700	0.150600
289204.4	0.130700	0.213900	0.178100	0.159300	0.159900	0.166100	0.171700	0.133500	0.150700	0.176500	0.173400	0.167800	0.155100	0.147600	0.150600	0.162900	0.147900
294368.8	0.130500	0.213700	0.178400	0.160200	0.161100	0.167700	0.173200	0.133000	0.150100	0.177200	0.174400	0.168600	0.156500	0.148000	0.148600	0.162700	0.148600
299533.2	0.129900	0.214000	0.177100	0.159200	0.160200	0.165200	0.171600	0.133200	0.150300	0.175800	0.171500	0.165300	0.154200	0.146100	0.149100	0.166800	0.149700
304697.5	0.130500	0.213800	0.178100	0.158400	0.159500	0.164400	0.170100	0.132500	0.149900	0.175700	0.171800	0.166200	0.154700	0.146500	0.148500	0.165500	0.149400
309861.9	0.130800	0.215700	0.177400	0.162900	0.162500	0.169100	0.174400	0.131900	0.150200	0.179100	0.176200	0.170200	0.157000	0.147500	0.151700	0.173000	0.153000
315026.3	0.130500	0.214200	0.177100	0.161000	0.160400	0.164800	0.170900	0.132700	0.150100	0.176300	0.172600	0.167900	0.155400	0.147700	0.151200	0.168800	0.150900
320190.6	0.130700	0.213800	0.177100	0.162100	0.161100	0.167200	0.172700	0.131900	0.149700	0.177600	0.174100	0.170200	0.156500	0.147900	0.152400	0.171700	0.152400
325355.0	0.130900	0.215400	0.177800	0.162000	0.161000	0.166500	0.172400	0.132600	0.150100	0.177900	0.173000	0.167900	0.156600	0.147400	0.151200	0.168000	0.151900
330519.3	0.130400	0.216400	0.177000	0.164300	0.162300	0.168900	0.175200	0.131600	0.149700	0.178500	0.175900	0.170500	0.156700	0.146300	0.152100	0.168900	0.153100
335683.7	0.130400	0.214100	0.177900	0.159200	0.159400	0.163400	0.169800	0.135200	0.150000	0.175100	0.170200	0.165100	0.154900	0.147100	0.147600	0.162600	0.146600
340848.1	0.130200	0.214700	0.178500	0.160100	0.160800	0.164800	0.171500	0.134900	0.150000	0.176500	0.171900	0.167100	0.157900	0.148000	0.149900	0.164600	0.149300
346012.4	0.129700	0.214400	0.177700	0.158900	0.159800	0.164200	0.170100	0.134600	0.149900	0.175200	0.171100	0.166600	0.157300	0.146000	0.148000	0.161800	0.147000
351176.8	0.128900	0.214600	0.178200	0.160600	0.162900	0.166900	0.173100	0.132600	0.149400	0.177300	0.173400	0.169300	0.157100	0.145600	0.150100	0.164000	0.149300
356341.2	0.129200	0.213700	0.179300	0.159400	0.163200	0.165000	0.172000	0.132100	0.150200	0.176300	0.171800	0.169100	0.156800	0.146600	0.150500	0.164100	0.149500
361505.5	0.129000	0.213200	0.179500	0.158700	0.163500	0.165400	0.171900	0.133200	0.151000	0.176600	0.170900	0.167700	0.156600	0.145900	0.150500	0.164000	0.149900
366669.9	0.131200	0.216600	0.185100	0.163800	0.167400	0.171200	0.177100	0.137500	0.156500	0.179300	0.176800	0.177800	0.160700	0.151300	0.153400	0.166000	0.152200
371834.3	0.131100	0.219000	0.187700	0.208900	0.179200	0.176000	0.185600	0.137200	0.156600	0.188400	0.181800	0.190100	0.163500	0.155900	0.159400	0.199200	0.168100
376998.6	0.133100	0.222000	0.202300	0.513000	0.235800	0.185900	0.200900	0.166300	0.161500	0.568800	0.222300	0.351900	0.175900	0.169200	0.172100	0.242600	0.187700
382163.0	0.132800	0.223500	0.492300	0.452000	0.244400	0.183100	0.207600	0.166500	0.164000	0.568700	0.219900	0.315400	0.189400	0.328300	0.189800	0.246100	0.186600
387327.3	0.130500	0.220700	0.413900	0.397500	0.240300	0.187700	0.262000	0.162600	0.162800	0.445500	0.208800	0.280400	0.183800	0.298900	0.265400	0.262500	0.183200
392491.7	0.132100	0.222600	0.410400	0.402200	0.272800	0.215200	0.458100	0.161600	0.166200	0.439300	0.215500	0.289000	0.186800	0.305300	0.306400	0.271900	0.189200
397656.1	0.132700	0.223500	0.403600	0.427500	0.307700	0.208700	0.413300	0.161100	0.167500	0.660000	0.225900	0.286200	0.187300	0.297300	0.302800	0.265300	0.184600
402820.4	0.132800	0.224700	0.419100	0.466800	0.459500	0.209000	0.401600	0.156200	0.169000	0.542500	0.221200	0.283000	0.187700	0.290500	0.302000	0.264200	0.185500
407984.8	0.132500	0.225400	0.412100	0.455600	0.405400	0.207900	0.362400	0.152600	0.170500	0.423300	0.216100	0.283700	0.188200	0.279700	0.293900	0.260000	0.186800
413149.3	0.131900	0.222100	0.405600	0.425000	0.358100	0.200900	0.325900	0.154000	0.173400	0.429100	0.212800	0.267300	0.184500	0.272700	0.279800	0.252400	0.184100
418313.5	0.132500	0.223800	0.411200	0.408800	0.342600	0.202900	0.306500	0.149700	0.179600	0.626900	0.230200	0.271300	0.189900	0.268600	0.261300	0.249300	0.189200
423477.9	0.131900	0.220600	0.408600	0.430100	0.308000	0.193300	0.268700	0.149800	0.182900	0.517300	0.218000	0.257500	0.188600	0.265200	0.249300	0.243200	0.186600
428642.2	0.131000	0.218800	0.389300	0.428500	0.282700	0.187200	0.244300	0.149600	0.190300	0.413700	0.210500	0.243600	0.186700	0.255200	0.223300	0.227400	0.181700
433806.6	0.130500	0.220100	0.386100	0.402200	0.279000	0.189100	0.232700	0.145500	0.198200	0.419500	0.211300	0.240400	0.187600	0.250700	0.213500	0.226300	0.184800
438971.0	0.130800	0.218600	0.404600	0.411300	0.272100	0.184800	0.220800	0.150300	0.220000	0.504500	0.217100	0.235600	0.188900	0.248700	0.188400	0.214200	0.179500
444135.3	0.131000	0.214700	0.395800	0.409700	0.258300	0.179300	0.208400	0.156400	0.302100	0.488000	0.214500	0.225200	0.188300	0.245500	0.175300	0.205700	0.176500
449299.7	0.132300	0.218700	0.368700	0.417600	0.254900	0.186500	0.210600	0.151500	0.314400	0.474200	0.219100	0.226000	0.190700	0.242700	0.169800	0.206700	0.181100
454464.1	0.130900	0.215800	0.346400	0.379900	0.240400	0.180900	0.201600	0.149800	0.283600	0.433800	0.212200	0.214300	0.187700	0.236000	0.163300	0.200500	0.178100
459628.4	0.130700	0.215800	0.335400	0.353000	0.232900	0.181000	0.198400	0.146900	0.251100	0.422700	0.211100	0.205300	0.186300	0.231100	0.157000	0.198900	0.179000
464792.8	0.130400	0.216200	0.317400	0.373300	0.229000	0.182700	0.197000	0.143000	0.224200	0.433000	0.215400	0.202400	0.185600	0.228900	0.156800	0.198800	0.179200
469957.2	0.129800	0.214700	0.312700	0.405800	0.227200	0.182500	0.196400	0.139300	0.203400	0.421600	0.212900	0.198400	0.184100	0.226400	0.156500	0.198000	0.181200
475121.5	0.130500	0.213600	0.309100	0.404400	0.222300	0.178800	0.192500	0.139600	0.189900	0.410900	0.211900	0.190800	0.183800	0.224000	0.152100	0.193000	0.177900
480285.9	0.129900	0.216200	0.319900	0.397100	0.223100	0.183200	0.195500	0.137100	0.178700	0.409900	0.214400	0.193100	0.183400	0.222600	0.154700	0.195900	0.181200
485450.2	0.129500	0.214900	0.336400	0.373500	0.217100	0.180200	0.191100	0.136200	0.171400	0.393400	0.210600	0.190300	0.183000	0.219300	0.152800	0.196000	0.180100
490614.6	0.129200	0.212900	0.340500	0.369700	0.211200	0.174800	0.186500	0.137700	0.165700	0.374400	0.205800	0.184100	0.180600	0.216100	0.149300	0.190800	0.176600
495779.0	0.128800	0.213000	0.344000	0.369900	0.208300	0.174900	0.185400	0.137100	0.161200	0.365100	0.204900	0.183300	0.181700	0.214200	0.148600	0.190900	0.176100
500943.3	0.128200	0.211200	0.348300	0.354100	0.204500	0.172800	0.183400	0.135800	0.157600	0.348800	0.201000	0.180100	0.180800	0.215700	0.147300	0.190600	0.175800
506107.7	0.129000	0.213600	0.352100	0.364200	0.205400	0.177100	0.186400	0.134100	0.155600	0.353600	0.205300	0.185500	0.182400	0.212200	0.151900	0.191800	0.176800
511272.1	0.129500	0.216000	0.345600	0.361000	0.207000	0.179900	0.189800	0.133100	0.154400	0.347500	0.207400	0.187400	0.183600	0.208100	0.151900	0.189600	0.177900
516436.4	0.128600	0.212500	0.330300	0.365200	0.203700	0.177300	0.186600	0.133700	0.153000	0.341300	0.204000	0.184300	0.182200	0.205200	0.150400	0.186400	0.177100
521600.8	0.128500	0.211200	0.304400	0.360600	0.201500	0.174900	0.184400	0.134000	0.151600	0.330700	0.200300	0.182000	0.181300	0.205300	0.150500	0.187900	0.177800
526765.1	0.128700	0.210000	0.279900	0.359400	0.201800	0.174700	0.183600	0.133400	0.150900	0.327100	0.198900	0.182300	0.181100	0.204100	0.149600	0.185700	0.176600
531929.5	0.127900	0.207500	0.254800	0.347800	0.198400	0.172300	0.181500	0.134600	0.150100	0.317700	0.194900	0.181200	0.180100	0.206900	0.149900	0.186900	0.176600
537093.9	0.127600	0.205600	0.234100	0.333900	0.196100	0.168900	0.179400	0.135500	0.150100	0.312800	0.192600	0.177800	0.179400	0.207900	0.148200	0.183700	0.176100
542258.2	0.127600	0.208600	0.217400	0.336500	0.198300	0.174400	0.183700	0.133200	0.149600	0.313300	0.196600	0.180200	0.178500	0.204300	0.147700	0.186700	0.176600
547422.6	0.128100	0.207400	0.204300	0.334000	0.197600	0.175900	0.183400	0.131800	0.148500	0.307800	0.195200	0.180100	0.178300	0.202600	0.147000	0.185800	0.176500
552587.0	0.127100	0.204300	0.197100	0.323500	0.196100	0.173300	0.180900	0.133700	0.149100	0.307400	0.194300	0.177600	0.178000	0.204600	0.146600	0.182900	0.173900
557751.3	0.128100	0.206900	0.192400	0.334100	0.198800	0.178500	0.185300	0.131500	0.148100	0.311500	0.197800	0.183800	0.179700	0.203700	0.148600	0.185300	0.177000
562915.7	0.126900	0.204200	0.189400	0.329000	0.195600	0.173400	0.180300	0.132100	0.147300	0.302300	0.192500	0.177000	0.176000	0.201300	0.145300	0.184100	0.175300
568080.1	0.127100	0.203100	0.188100	0.335400	0.194000	0.169700	0.179600	0.133100	0.147100	0.294000	0.190800	0.176900	0.175300	0.199300	0.146100	0.182700	0.174100
573244.4	0.127300	0.203700	0.185700	0.337800	0.194800	0.174100	0.182300	0.131200	0.147000	0.288500	0.192800	0.181700	0.174300	0.195700	0.146800	0.184700	0.176500
578408.8	0.127600	0.202900	0.185500	0.331100	0.192200	0.173800	0.181400	0.132800	0.147500	0.275900	0.191600	0.180200	0.173500	0.194300	0.146200	0.180400	0.173200
583573.1	0.127200	0.202400	0.185000	0.325100	0.191700	0.173100	0.181400	0.131100	0.146100	0.267200	0.189000	0.180500	0.173600	0.191000	0.146500	0.178900	0.170700
588737.5	0.126600	0.200900	0.183600	0.321100	0.189300	0.170900	0.179900	0.131700	0.146600	0.259200	0.185400	0.177100	0.173100	0.188000	0.144900	0.174900	0.169100
593901.9	0.127300	0.201300	0.183800	0.320700	0.188200	0.172500	0.180800	0.132700	0.148200	0.257900	0.188600	0.179000	0.173900	0.185800	0.145200	0.177300	0.171800
599066.2	0.127500	0.201600	0.183000	0.322100	0.188800	0.174700	0.182200	0.131000	0.147600	0.254400	0.187800	0.180800	0.175300	0.185600	0.146400	0.181500	0.174900
604230.6	0.126300	0.201800	0.182500	0.319900	0.186800	0.171900	0.180200	0.131300	0.147400	0.250100	0.186000	0.180200	0.175400	0.182900	0.145800	0.175900	0.170800
609395.0	0.125700	0.198600	0.182100	0.309600	0.182800	0.168000	0.176100	0.132600	0.147200	0.240600	0.182300	0.177500	0.173600	0.180500	0.144100	0.171900	0.166500
614559.3	0.126100	0.200700	0.181500	0.311000	0.182700	0.171600	0.178200	0.130600	0.146400	0.232500	0.183700	0.180700	0.176300	0.180000	0.146800	0.175200	0.170600
619723.7	0.126100	0.200800	0.180500	0.303200	0.179000	0.170900	0.177400	0.129700	0.145700	0.220500	0.179600	0.177400	0.174400	0.178000	0.145000	0.171000	0.167500
624888.0	0.126600	0.201900	0.181600	0.305700	0.179600	0.171600	0.178800	0.128600	0.146100	0.214500	0.179300	0.180200	0.175800	0.176800	0.145100	0.171900	0.167500
630052.4	0.126400	0.200900	0.181300	0.298700	0.176400	0.170800	0.176700	0.129900	0.145900	0.204300	0.176600	0.176800	0.172900	0.174000	0.143000	0.166600	0.164300
635216.8	0.126200	0.199600	0.181500	0.291100	0.173300	0.167700	0.173200	0.131000	0.146300	0.194300	0.173000	0.174800	0.172100	0.173500	0.142300	0.164500	0.162300
640381.1	0.126100	0.198700	0.182600	0.284500	0.171000	0.164900	0.170800	0.132100	0.146000	0.187900	0.169900	0.172200	0.168700	0.171800	0.142200	0.161400	0.159700
645545.5	0.126200	0.203700	0.182200	0.294500	0.175700	0.173600	0.178300	0.128500	0.145000	0.190500	0.175600	0.180100	0.171200	0.169900	0.145000	0.166600	0.163600
650709.9	0.125800	0.199800	0.183700	0.282800	0.171300	0.167400	0.172900	0.130700	0.145100	0.184600	0.169800	0.174100	0.168200	0.169500	0.142500	0.162100	0.160400
655874.2	0.126300	0.199600	0.183500	0.281800	0.170200	0.167800	0.172700	0.131100	0.146100	0.185000	0.171700	0.175900	0.168800	0.169100	0.140800	0.159700	0.157500
661038.6	0.126500	0.200400	0.183900	0.282100	0.170500	0.168800	0.174800	0.130900	0.146300	0.184500	0.172000	0.175500	0.170500	0.169700	0.143800	0.160600	0.159600
666203.0	0.126200	0.201500	0.181500	0.282300	0.171700	0.170300	0.175700	0.128300	0.144800	0.183900	0.172900	0.177400	0.171300	0.168300	0.144000	0.161000	0.159300
671367.3	0.126400	0.201100	0.183000	0.276600	0.171300	0.168700	0.175100	0.129300	0.145600	0.183800	0.171700	0.176700	0.173200	0.167700	0.142900	0.160700	0.158400
676531.7	0.125800	0.201600	0.182600	0.274500	0.170500	0.169200	0.174600	0.128300	0.144300	0.183000	0.172100	0.178900	0.172100	0.165200	0.143100	0.161100	0.158400
681696.0	0.125800	0.202100	0.182700	0.273700	0.170800	0.170100	0.175600	0.128400	0.145800	0.182400	0.172000	0.179600	0.172100	0.165300	0.142200	0.160600	0.159800
686860.4	0.126200	0.203000	0.182800	0.273500	0.171700	0.170800	0.176700	0.128800	0.145400	0.184100	0.174700	0.181300	0.172500	0.165600	0.143700	0.161800	0.160400
692024.8	0.125500	0.200100	0.182900	0.263900	0.168700	0.165600	0.172100	0.130400	0.145600	0.180300	0.169000	0.173400	0.169300	0.162700	0.139200	0.156700	0.156100
697189.1	0.125800	0.200200	0.182700	0.265300	0.168500	0.164700	0.172100	0.132300	0.147600	0.180500	0.168800	0.175000	0.168900	0.163000	0.140100	0.156400	0.155300
702353.5	0.125700	0.202000	0.181300	0.268400	0.169700	0.169600	0.175400	0.129000	0.145700	0.181100	0.170200	0.180000	0.169600	0.162800	0.142800	0.159300	0.159200
707517.9	0.125600	0.201600	0.181800	0.266700	0.170900	0.168900	0.174700	0.129900	0.146200	0.182600	0.170800	0.177800	0.169800	0.161200	0.141800	0.157800	0.157300
712682.2	0.125300	0.202500	0.181400	0.267600	0.171900	0.171100	0.176300	0.128200	0.145700	0.182500	0.171200	0.179400	0.170000	0.162300	0.143700	0.160400	0.161000
717846.6	0.125400	0.200600	0.183100	0.262100	0.169700	0.168200	0.173900	0.130600	0.147000	0.182200	0.171400	0.176500	0.169300	0.161400	0.143200	0.156800	0.158000
723010.9	0.126200	0.201000	0.184400	0.259300	0.169900	0.168300	0.173900	0.131500	0.147600	0.182300	0.171400	0.175700	0.167800	0.161200	0.140800	0.157100	0.157800
728175.3	0.126200	0.204600	0.184500	0.263000	0.173000	0.173700	0.178600	0.128500	0.147200	0.186100	0.177100	0.180600	0.169700	0.159800	0.144300	0.161300	0.160800
733339.7	0.126300	0.202300	0.186600	0.256400	0.169900	0.168300	0.173400	0.131700	0.148700	0.182900	0.174000	0.176000	0.167300	0.158100	0.140900	0.156400	0.156100
738504.0	0.125900	0.201800	0.186900	0.254900	0.169400	0.169700	0.174400	0.131900	0.149100	0.182700	0.174800	0.176000	0.167100	0.157800	0.140300	0.156200	0.156800
743668.4	0.126100	0.201700	0.187900	0.253500	0.168700	0.168500	0.172600	0.131900	0.148700	0.181500	0.172800	0.174600	0.166600	0.157300	0.139800	0.157000	0.157200
748832.8	0.125500	0.201200	0.187400	0.251600	0.167300	0.168500	0.172600	0.131400	0.147700	0.180400	0.174100	0.173800	0.165500	0.158700	0.141000	0.158900	0.158700
753997.1	0.125700	0.202100	0.186900	0.252000	0.169000	0.170700	0.174000	0.129800	0.147100	0.181100	0.174700	0.175000	0.165300	0.157100	0.142400	0.160100	0.160000
759161.5	0.126000	0.202300	0.188000	0.251100	0.167900	0.169200	0.172700	0.130900	0.146900	0.180000	0.174300	0.174900	0.164900	0.156600	0.141000	0.157700	0.159200
764325.8	0.125800	0.200300	0.187600	0.247100	0.167900	0.167800	0.173200	0.131600	0.147000	0.179700	0.173100	0.174000	0.164600	0.157500	0.141200	0.159100	0.158800
769490.2	0.126300	0.202600	0.188700	0.250100	0.169200	0.171100	0.175900	0.130400	0.147200	0.183200	0.176100	0.176200	0.167000	0.156800	0.143300	0.160600	0.160600
774654.6	0.125500	0.201200	0.188600	0.245600	0.167400	0.167600	0.172700	0.129500	0.145300	0.179200	0.172500	0.173400	0.165800	0.156900	0.143300	0.159200	0.160300
779818.9	0.125400	0.204700	0.188200	0.251900	0.172000	0.174900	0.178700	0.127100	0.145100	0.184100	0.179600	0.180400	0.168000	0.157000	0.145500	0.161700	0.163700
784983.3	0.125500	0.200100	0.188600	0.241200	0.166300	0.165400	0.170600	0.131700	0.146800	0.178700	0.170700	0.171700	0.165400	0.157300	0.140400	0.155900	0.156200
790147.7	0.126400	0.202400	0.189700	0.245200	0.169600	0.170500	0.174700	0.130000	0.147000	0.182600	0.175300	0.176600	0.168400	0.157500	0.143400	0.158900	0.159800
795312.0	0.126300	0.203600	0.188300	0.247100	0.171000	0.172500	0.176800	0.128000	0.145100	0.182800	0.176100	0.179300	0.166800	0.156000	0.143400	0.158200	0.159600
800476.4	0.125300	0.202500	0.188800	0.245400	0.170000	0.171300	0.175900	0.128700	0.145800	0.182400	0.176500	0.180900	0.167700	0.157000	0.144300	0.159600	0.159600
805640.7	0.125400	0.200700	0.188500	0.240900	0.167000	0.167500	0.172700	0.130200	0.146600	0.179500	0.173300	0.180500	0.166000	0.156700	0.142300	0.156300	0.157200
810805.1	0.125900	0.202500	0.189900	0.243300	0.169200	0.170400	0.174700	0.128800	0.146300	0.181300	0.175700	0.184000	0.166100	0.157100	0.143100	0.159000	0.159900
815969.5	0.125400	0.199500	0.190300	0.236100	0.166100	0.164600	0.170400	0.132000	0.147300	0.177700	0.170500	0.180100	0.163600	0.153600	0.138300	0.153900	0.153400
821133.8	0.125100	0.202300	0.189200	0.240000	0.168500	0.168200	0.174200	0.129200	0.145500	0.180300	0.175500	0.183900	0.163900	0.154000	0.143900	0.159200	0.159800
826298.2	0.126100	0.203600	0.191500	0.241500	0.169700	0.170800	0.175800	0.130600	0.147400	0.181200	0.177000	0.184900	0.164000	0.154600	0.143200	0.159700	0.161800
831462.6	0.126000	0.201300	0.190900	0.238300	0.167100	0.166800	0.172000	0.131300	0.146900	0.179400	0.175100	0.182300	0.162300	0.154000	0.141200	0.156500	0.157900
836626.9	0.125700	0.202000	0.191400	0.239500	0.166700	0.167500	0.172500	0.131200	0.146900	0.178900	0.174900	0.181700	0.162300	0.152200	0.139900	0.156500	0.157600
841791.3	0.126200	0.203200	0.190300	0.240100	0.168200	0.167900	0.173200	0.130600	0.146700	0.180400	0.174800	0.181400	0.162800	0.152100	0.140300	0.156100	0.157100
846955.7	0.125100	0.199700	0.190300	0.235600	0.166700	0.164100	0.170500	0.133200	0.147500	0.179200	0.174900	0.179300	0.161100	0.151700	0.139300	0.154800	0.155100
852120.0	0.125200	0.200600	0.190700	0.238600	0.166800	0.166100	0.170700	0.130500	0.145900	0.178600	0.175100	0.181600	0.161000	0.151600	0.141000	0.157200	0.157200
857284.4	0.125800	0.202100	0.191400	0.240300	0.169900	0.169500	0.174100	0.131100	0.147300	0.181600	0.178100	0.186000	0.163000	0.151100	0.141700	0.158200	0.159200
862448.7	0.126100	0.202000	0.192200	0.242200	0.169300	0.170200	0.173500	0.131700	0.147400	0.182500	0.178100	0.186500	0.161700	0.151400	0.141200	0.157000	0.159800
867613.1	0.125900	0.200200	0.191100	0.239600	0.167300	0.167600	0.171800	0.132400	0.147000	0.180200	0.175400	0.183100	0.162600	0.152600	0.142600	0.156600	0.157500
872777.5	0.126300	0.201600	0.191500	0.238800	0.169400	0.168900	0.173000	0.132600	0.147700	0.180600	0.176100	0.184600	0.162100	0.151700	0.142300	0.156000	0.158200
877941.8	0.126000	0.201400	0.191000	0.237200	0.167100	0.166300	0.170800	0.131100	0.146100	0.178000	0.174500	0.184000	0.160900	0.151000	0.141300	0.154000	0.155700
883106.2	0.126000	0.202100	0.192200	0.235800	0.167400	0.166400	0.170900	0.131600	0.146100	0.177800	0.173600	0.186200	0.160900	0.151300	0.140000	0.153700	0.155600
888270.6	0.125200	0.202900	0.192800	0.238300	0.168000	0.169900	0.173800	0.129900	0.146000	0.179700	0.176500	0.188600	0.162400	0.152300	0.142800	0.158700	0.160800
893434.9	0.126300	0.203900	0.194000	0.238800	0.169200	0.171500	0.175300	0.130900	0.147500	0.182700	0.178900	0.190200	0.164700	0.153400	0.144600	0.161100	0.161300
898599.3	0.125700	0.202000	0.193600	0.234800	0.166000	0.166200	0.171500	0.132100	0.147200	0.179200	0.172800	0.189900	0.162400	0.153900	0.140700	0.157100	0.158100
903763.6	0.125000	0.199500	0.193400	0.230200	0.164500	0.162800	0.168300	0.132700	0.146400	0.177100	0.170700	0.188400	0.162700	0.154400	0.139700	0.155400	0.156400
908928.0	0.126400	0.204100	0.194200	0.237600	0.168300	0.169500	0.174200	0.130700	0.146900	0.180400	0.175000	0.192300	0.164100	0.155200	0.144200	0.159600	0.161900
914092.4	0.125600	0.201500	0.194900	0.232300	0.165300	0.165000	0.170400	0.133200	0.147300	0.177500	0.170400	0.188900	0.163400	0.154300	0.141400	0.156500	0.157800
919256.7	0.129200	0.212800	0.201200	0.227700	0.174700	0.178700	0.182000	0.134400	0.152800	0.187700	0.182600	0.204900	0.171300	0.158500	0.149900	0.167900	0.170700
924421.1	0.128100	0.209500	0.202000	0.206100	0.170400	0.174400	0.178700	0.137400	0.154100	0.186000	0.181100	0.198500	0.168600	0.158800	0.149900	0.163900	0.166200
929585.5	0.129200	0.212500	0.202400	0.195700	0.172000	0.177600	0.181200	0.136700	0.155600	0.186800	0.183000	0.200300	0.170100	0.158800	0.149500	0.164100	0.166700
934749.8	0.128700	0.212300	0.201600	0.180900	0.168500	0.175700	0.179700	0.137800	0.155100	0.185900	0.182900	0.199700	0.167700	0.158000	0.147200	0.160300	0.163000
939914.2	0.130200	0.215900	0.203600	0.175800	0.170500	0.178400	0.182500	0.137900	0.156200	0.189900	0.187300	0.202300	0.171000	0.158800	0.148900	0.163000	0.163900
945078.5	0.128400	0.213000	0.202800	0.168300	0.167500	0.175700	0.178700	0.137100	0.154100	0.185400	0.183100	0.198000	0.168700	0.158700	0.147900	0.162100	0.164600
950242.9	0.129400	0.214400	0.204400	0.167600	0.168100	0.177900	0.179600	0.138100	0.155400	0.186100	0.184200	0.197200	0.169200	0.158500	0.150300	0.163500	0.165900
955407.3	0.129300	0.212900	0.203600	0.164800	0.165800	0.174100	0.176100	0.138400	0.155000	0.182900	0.182300	0.192800	0.166700	0.155800	0.147300	0.158600	0.162900
960571.6	0.129300	0.213300	0.203600	0.164700	0.167700	0.179400	0.178800	0.136900	0.155300	0.184800	0.184100	0.194800	0.167400	0.154700	0.147700	0.161000	0.163400
965736.0	0.128600	0.212300	0.203700	0.162900	0.165900	0.178000	0.177500	0.138700	0.154800	0.183200	0.181500	0.193400	0.166900	0.153800	0.148400	0.161200	0.164000
970900.4	0.129100	0.213400	0.204100	0.165200	0.167800	0.181200	0.180400	0.137600	0.154800	0.186000	0.185500	0.197600	0.169600	0.153900	0.149700	0.162000	0.164800
976064.7	0.128400	0.213700	0.203700	0.164900	0.166900	0.179500	0.178200	0.136000	0.153800	0.183000	0.184000	0.195900	0.167400	0.152100	0.149400	0.161300	0.163100
981229.1	0.129500	0.213200	0.205200	0.166400	0.168100	0.179800	0.179500	0.138100	0.156000	0.184600	0.184800	0.196700	0.168500	0.154800	0.149500	0.161000	0.164500
986393.4	0.129900	0.215000	0.206600	0.166800	0.167400	0.180200	0.179400	0.139400	0.157200	0.185700	0.185600	0.197600	0.168600	0.152900	0.149300	0.161800	0.164300
991557.8	0.129300	0.215500	0.206600	0.167400	0.168300	0.180900	0.181000	0.136600	0.154400	0.185500	0.184000	0.198300	0.168300	0.154900	0.148800	0.162800	0.166200
996722.2	0.129100	0.214700	0.207100	0.166700	0.167800	0.180000	0.179900	0.138300	0.155900	0.185300	0.184100	0.197100	0.168700	0.154900	0.148500	0.161800	0.163200
1001886.5	0.129100	0.212600	0.208800	0.164700	0.166500	0.179500	0.178000	0.140800	0.155600	0.183600	0.183000	0.195500	0.169000	0.155300	0.148700	0.161700	0.164600
