VERSION	1200
Time[MSec.]	Ratio	Ratio	Ratio	Ratio	Ratio	Ratio	Ratio
%.1f	%.4f	%.4f	%.4f	%.4f	%.4f	%.4f	%.4f
Time	ROI(1-1)	ROI(1-2)	ROI(1-3)	ROI(1-4)	ROI(1-5)	ROI(1-6)	ROI(1-7)
GraphNo	1	2	3	4	5	6	7
0.0	0.134100	0.087400	0.148700	0.296000	0.144200	0.133300	0.156000
5164.4	0.131700	0.083200	0.155800	0.252200	0.144600	0.132300	0.155100
10328.7	0.133300	0.085700	0.167600	0.232900	0.145400	0.131600	0.154600
15493.1	0.132700	0.083700	0.172200	0.230800	0.145100	0.132600	0.156500
20657.5	0.136600	0.087200	0.170900	0.222900	0.146200	0.133100	0.156200
25821.8	0.136100	0.087900	0.166800	0.213600	0.145800	0.133000	0.155500
30986.2	0.137400	0.090800	0.156800	0.206000	0.146000	0.132200	0.154000
36150.6	0.134300	0.085900	0.150000	0.206500	0.144900	0.131500	0.153300
41314.9	0.134300	0.086800	0.145000	0.208800	0.145100	0.132500	0.155000
46479.3	0.136800	0.089000	0.144400	0.201600	0.146000	0.132800	0.153900
51643.7	0.137200	0.087700	0.143600	0.203700	0.145900	0.133200	0.154600
56808.0	0.136000	0.086500	0.141100	0.202700	0.145300	0.132300	0.154200
61972.4	0.135500	0.084300	0.140900	0.204400	0.146300	0.133200	0.153800
67136.8	0.136700	0.086100	0.141300	0.210100	0.146400	0.133600	0.155300
72301.1	0.137600	0.085800	0.140500	0.210400	0.146400	0.134200	0.155700
77465.5	0.138500	0.086700	0.141600	0.208900	0.146500	0.132900	0.154200
82629.8	0.138100	0.088600	0.141800	0.208600	0.146400	0.134300	0.155400
87794.2	0.136200	0.085300	0.142400	0.221500	0.147000	0.135400	0.157600
92958.6	0.137600	0.087200	0.141500	0.224600	0.147400	0.135100	0.157200
98122.9	0.139100	0.087900	0.142200	0.236400	0.147700	0.135900	0.158400
103287.3	0.142600	0.089100	0.143400	0.240200	0.149000	0.137300	0.159000
108451.7	0.139000	0.087400	0.143900	0.235800	0.149000	0.136600	0.160500
113616.0	0.140000	0.087800	0.142600	0.224300	0.149300	0.137400	0.160700
118780.4	0.140500	0.088700	0.142000	0.226700	0.148500	0.137400	0.161300
123944.8	0.141500	0.089700	0.143300	0.237100	0.149000	0.138400	0.161700
129109.1	0.143000	0.089400	0.143300	0.231700	0.148900	0.137400	0.160700
134273.5	0.143900	0.090700	0.146700	0.224900	0.149500	0.136800	0.159400
139437.9	0.147400	0.094900	0.148200	0.220100	0.150500	0.138500	0.161300
144602.2	0.143000	0.087500	0.149400	0.230100	0.150400	0.138900	0.162800
149766.6	0.145100	0.090800	0.151700	0.229100	0.151200	0.140100	0.164300
154931.0	0.146600	0.090600	0.150600	0.222300	0.151000	0.140200	0.164300
160095.3	0.148500	0.090800	0.151700	0.232600	0.151600	0.142200	0.166200
165259.7	0.148500	0.088500	0.151300	0.235700	0.151400	0.141700	0.166100
170424.0	0.153300	0.092100	0.155000	0.239000	0.153300	0.142700	0.167800
175588.4	0.152600	0.089200	0.154500	0.253600	0.153000	0.143300	0.170200
180752.8	0.160300	0.095800	0.157400	0.245900	0.154700	0.145200	0.171000
185917.1	0.161700	0.094300	0.160400	0.244500	0.155800	0.146900	0.173800
191081.5	0.165300	0.100000	0.161100	0.238900	0.156800	0.148500	0.176000
196245.9	0.158800	0.091100	0.158400	0.246200	0.155200	0.149000	0.177600
201410.2	0.167800	0.099200	0.161300	0.236000	0.157100	0.150200	0.178500
206574.6	0.164400	0.095600	0.161800	0.243600	0.156500	0.150800	0.180000
211739.0	0.188100	0.113200	0.179400	0.267000	0.169700	0.165100	0.201700
216903.3	0.177800	0.104800	0.174500	0.231500	0.164000	0.164700	0.196900
222067.7	0.196100	0.111700	0.181100	0.218500	0.169700	0.167600	0.202200
227232.0	0.188800	0.114100	0.190300	0.221700	0.176200	0.173300	0.212900
232396.4	0.193800	0.115800	0.206600	0.225400	0.184900	0.178200	0.222300
237560.8	0.199700	0.120600	0.220600	0.232900	0.194700	0.184700	0.236300
242725.1	0.208500	0.131200	0.222600	0.227100	0.203100	0.186100	0.243200
247889.5	0.214600	0.138000	0.227700	0.230000	0.212700	0.191700	0.256600
253053.9	0.216800	0.139800	0.230200	0.237100	0.220400	0.197200	0.268400
258218.2	0.226900	0.151000	0.232900	0.235000	0.229200	0.202000	0.281300
263382.6	0.227100	0.147500	0.235500	0.241200	0.234600	0.206200	0.293500
268547.0	0.230500	0.153300	0.233600	0.238000	0.238300	0.208100	0.300900
273711.3	0.230400	0.153600	0.233000	0.240800	0.242000	0.210300	0.309600
278875.7	0.235800	0.157800	0.231800	0.239800	0.246500	0.212200	0.316500
284040.0	0.238100	0.164200	0.228600	0.239200	0.249300	0.215000	0.322300
289204.4	0.235700	0.159300	0.225800	0.237500	0.249400	0.214300	0.323500
294368.8	0.240700	0.171100	0.224200	0.234800	0.249600	0.215300	0.323000
299533.1	0.239100	0.167000	0.227500	0.232900	0.250300	0.216300	0.324000
304697.5	0.239300	0.166900	0.225000	0.235100	0.249900	0.215000	0.323800
309861.9	0.240900	0.167500	0.220800	0.235000	0.248400	0.215200	0.323300
315026.2	0.234300	0.158300	0.220700	0.236600	0.247800	0.215400	0.322900
320190.6	0.233900	0.159900	0.220200	0.231200	0.244500	0.214600	0.319600
325355.0	0.232400	0.161600	0.217900	0.225900	0.242600	0.213400	0.315900
330519.3	0.230100	0.157700	0.219200	0.229800	0.240600	0.211800	0.314400
335683.7	0.234000	0.165700	0.217900	0.221700	0.240600	0.211000	0.309500
340848.0	0.233400	0.167400	0.213800	0.218100	0.238500	0.210100	0.307000
346012.4	0.228700	0.158100	0.210700	0.217600	0.237500	0.208900	0.305600
351176.8	0.226200	0.154500	0.205900	0.219100	0.235600	0.208000	0.304200
356341.1	0.229600	0.159400	0.206300	0.214700	0.234600	0.205900	0.298800
361505.5	0.224400	0.155400	0.204400	0.218900	0.232300	0.206100	0.299800
366669.9	0.221800	0.147500	0.203400	0.220500	0.230300	0.205700	0.297400
371834.2	0.223700	0.153700	0.202100	0.212200	0.229000	0.203300	0.291500
376998.6	0.222800	0.153200	0.199300	0.214000	0.228000	0.204400	0.292900
382163.0	0.224800	0.154000	0.200300	0.207900	0.227800	0.202200	0.285300
387327.3	0.226900	0.160600	0.198800	0.205300	0.224100	0.201200	0.280500
392491.7	0.221000	0.150900	0.203400	0.208900	0.308800	0.203400	0.284300
397656.0	0.216400	0.142900	0.202300	0.217800	0.302500	0.203300	0.286900
402820.4	0.215800	0.143300	0.199800	0.208900	0.289800	0.203400	0.287500
407984.8	0.221200	0.152100	0.199100	0.203800	0.276800	0.202700	0.285100
413149.1	0.217900	0.148400	0.197100	0.207100	0.265000	0.202500	0.285400
418313.5	0.215900	0.145000	0.195400	0.206400	0.254100	0.202700	0.282600
423477.9	0.217700	0.149200	0.193100	0.203700	0.244900	0.201100	0.278800
428642.2	0.219300	0.150500	0.192400	0.197800	0.238000	0.198900	0.272300
433806.6	0.216800	0.145900	0.190700	0.201100	0.230800	0.199500	0.272000
438970.9	0.213700	0.141100	0.189700	0.201900	0.225200	0.198600	0.269400
444135.3	0.211400	0.139400	0.188600	0.206600	0.219500	0.197900	0.268100
449299.7	0.213900	0.146300	0.188200	0.195900	0.215500	0.195600	0.262200
454464.0	0.209800	0.140400	0.185800	0.197100	0.210500	0.195300	0.259800
459628.4	0.214300	0.151500	0.185400	0.192100	0.206900	0.193100	0.255200
464792.8	0.204100	0.133500	0.182000	0.198100	0.202400	0.191500	0.252600
469957.1	0.206400	0.135100	0.183900	0.196400	0.201300	0.191600	0.251400
475121.5	0.204600	0.134800	0.183700	0.193900	0.198500	0.190300	0.248800
480285.8	0.202500	0.132700	0.181800	0.192600	0.196200	0.188800	0.244700
485450.2	0.207800	0.142400	0.181000	0.188700	0.194200	0.189200	0.243000
490614.6	0.202000	0.132800	0.179000	0.191200	0.191700	0.187300	0.241200
495778.9	0.200000	0.133100	0.177800	0.190600	0.189800	0.187900	0.240300
500943.3	0.199900	0.133100	0.177800	0.189100	0.187900	0.186300	0.237600
506107.7	0.201000	0.132200	0.177900	0.185600	0.188100	0.184700	0.235400
511272.0	0.197500	0.129800	0.176300	0.188300	0.185500	0.184800	0.234200
516436.4	0.201200	0.132100	0.176800	0.188500	0.185800	0.185700	0.234300
521600.7	0.199900	0.130800	0.176700	0.191000	0.184900	0.185200	0.233500
526765.1	0.198500	0.128200	0.174800	0.188200	0.183900	0.184500	0.232000
531929.5	0.198700	0.130900	0.174600	0.186200	0.182200	0.183600	0.229100
537093.8	0.198300	0.131500	0.173200	0.183700	0.181400	0.182700	0.227400
542258.2	0.199600	0.130100	0.172800	0.181100	0.181400	0.182200	0.227400
547422.6	0.197300	0.130500	0.171400	0.181800	0.179900	0.181600	0.225800
552586.9	0.194900	0.126200	0.171300	0.184300	0.178300	0.181400	0.225400
557751.3	0.194600	0.127200	0.171600	0.185200	0.177800	0.181900	0.227100
562915.6	0.194400	0.124300	0.170300	0.181900	0.178000	0.181300	0.225600
568080.0	0.196700	0.129200	0.169300	0.180000	0.176400	0.179500	0.222600
573244.4	0.197700	0.129300	0.170900	0.178300	0.177500	0.181100	0.223900
578408.7	0.197500	0.130800	0.170000	0.178800	0.176500	0.180100	0.222700
583573.1	0.193800	0.124000	0.169200	0.185300	0.176400	0.181400	0.224300
588737.5	0.191900	0.122400	0.167900	0.181900	0.174900	0.179000	0.221500
593901.8	0.193900	0.125500	0.167900	0.178400	0.175000	0.178800	0.219400
599066.2	0.191700	0.121700	0.166900	0.180900	0.174400	0.179300	0.219900
604230.6	0.194600	0.130700	0.166600	0.176100	0.174100	0.177500	0.218300
609394.9	0.193900	0.125300	0.166100	0.175300	0.174700	0.177700	0.217900
614559.3	0.194000	0.127000	0.165300	0.176700	0.173600	0.177000	0.216000
619723.6	0.189500	0.121800	0.164700	0.178200	0.173500	0.177400	0.215900
624888.0	0.191900	0.128100	0.163600	0.174800	0.172400	0.176400	0.214100
630052.4	0.192600	0.128400	0.164400	0.175400	0.172500	0.176400	0.213900
635216.7	0.191100	0.124200	0.163900	0.175100	0.173300	0.176600	0.214500
640381.1	0.190700	0.123600	0.163800	0.174100	0.172900	0.175300	0.212200
645545.5	0.190000	0.121200	0.163600	0.177800	0.173100	0.176500	0.213300
650709.8	0.190200	0.122300	0.161900	0.174100	0.172200	0.174500	0.211700
655874.2	0.186200	0.118300	0.161800	0.178400	0.171300	0.175400	0.211900
661038.5	0.188300	0.120300	0.161800	0.175500	0.171700	0.174600	0.210600
666202.9	0.190100	0.122200	0.162800	0.174400	0.172900	0.174300	0.210500
671367.3	0.190600	0.125500	0.160600	0.172900	0.171000	0.173500	0.208500
676531.6	0.191600	0.123700	0.160400	0.172700	0.172100	0.173400	0.208800
681696.0	0.188500	0.117300	0.160200	0.176000	0.170900	0.173400	0.209200
686860.4	0.188100	0.119100	0.160600	0.172700	0.171400	0.173500	0.207800
692024.7	0.189300	0.119500	0.159200	0.175100	0.171300	0.173000	0.206700
697189.1	0.192200	0.126500	0.159900	0.168700	0.172100	0.171700	0.206000
702353.4	0.186900	0.117500	0.158300	0.174500	0.171600	0.172300	0.208100
707517.8	0.186400	0.117000	0.158200	0.172800	0.171500	0.171700	0.205500
712682.2	0.187800	0.119100	0.156300	0.172700	0.170500	0.171700	0.205900
717846.5	0.189900	0.123200	0.158500	0.167000	0.171600	0.171000	0.203600
723010.9	0.186600	0.117200	0.156900	0.171400	0.170400	0.170800	0.204500
728175.3	0.189200	0.121900	0.156100	0.167300	0.170000	0.169900	0.202400
733339.6	0.183900	0.113500	0.156400	0.175900	0.169400	0.170700	0.205800
738504.0	0.188700	0.121900	0.155200	0.167800	0.169700	0.170300	0.202800
743668.3	0.184900	0.116900	0.154100	0.170600	0.168900	0.169200	0.203100
748832.7	0.186900	0.118100	0.155800	0.166100	0.169400	0.169100	0.201000
753997.1	0.185500	0.116600	0.154100	0.171900	0.167800	0.169500	0.202800
759161.4	0.183900	0.116700	0.153400	0.172100	0.167500	0.169500	0.201900
764325.8	0.185200	0.117800	0.154500	0.168100	0.168600	0.169200	0.201600
769490.2	0.190900	0.126200	0.154500	0.162700	0.169000	0.168800	0.200300
774654.5	0.184000	0.114800	0.153500	0.169000	0.167800	0.168200	0.200900
779818.9	0.182700	0.114600	0.153100	0.168400	0.168000	0.168000	0.200000
784983.2	0.183000	0.113900	0.152800	0.168200	0.168100	0.167900	0.200500
790147.6	0.184400	0.119100	0.152700	0.165700	0.167700	0.167800	0.199200
795312.0	0.180600	0.112300	0.152300	0.172800	0.167000	0.168400	0.200800
800476.3	0.181700	0.110900	0.152600	0.170000	0.167700	0.167700	0.199600
805640.7	0.183600	0.117600	0.151100	0.167500	0.166700	0.166400	0.198200
810805.1	0.183400	0.115600	0.152100	0.163800	0.167900	0.166900	0.197800
815969.4	0.182200	0.117200	0.151200	0.168600	0.166900	0.167400	0.198200
821133.8	0.182200	0.114800	0.150400	0.167000	0.167200	0.166300	0.198100
826298.1	0.182800	0.116500	0.151400	0.166700	0.167200	0.166600	0.198100
831462.5	0.180300	0.111300	0.149800	0.168700	0.166600	0.166600	0.197100
836626.9	0.181500	0.116400	0.148400	0.166900	0.166200	0.165600	0.196600
841791.2	0.184500	0.120100	0.150900	0.165400	0.167200	0.166300	0.197700
846955.6	0.184000	0.117200	0.149400	0.164000	0.167000	0.166100	0.196800
852120.0	0.180900	0.112900	0.149600	0.166400	0.166600	0.165500	0.196500
857284.3	0.176700	0.106800	0.148900	0.169600	0.165800	0.165000	0.196400
862448.7	0.180000	0.111400	0.149300	0.165400	0.166700	0.164600	0.195700
867613.0	0.182300	0.115200	0.149300	0.164900	0.166300	0.164500	0.196200
872777.4	0.180600	0.112800	0.148300	0.166000	0.166200	0.164800	0.195700
877941.8	0.181800	0.114800	0.149000	0.165000	0.165700	0.164500	0.195500
883106.1	0.178700	0.110500	0.148400	0.167300	0.165600	0.163600	0.195200
888270.5	0.182200	0.116600	0.148100	0.163800	0.165600	0.163100	0.194800
893434.9	0.177500	0.109400	0.147600	0.166900	0.165300	0.163700	0.196400
898599.2	0.177600	0.110100	0.147500	0.170000	0.164700	0.163800	0.195100
903763.6	0.177800	0.109700	0.147000	0.167200	0.165400	0.163200	0.194300
908927.9	0.178100	0.109600	0.148300	0.167400	0.165300	0.163600	0.195600
914092.3	0.177500	0.109600	0.147000	0.167300	0.165000	0.163700	0.194900
919256.7	0.177400	0.109700	0.147500	0.166300	0.164900	0.162900	0.195300
924421.0	0.179500	0.111600	0.147600	0.166000	0.164800	0.163000	0.194100
929585.4	0.178900	0.111900	0.147000	0.164100	0.164300	0.161900	0.192900
934749.8	0.177400	0.110100	0.146900	0.166300	0.164300	0.162800	0.194000
939914.1	0.179500	0.112900	0.147500	0.162300	0.165000	0.162400	0.193000
945078.5	0.174600	0.105700	0.146300	0.170900	0.163700	0.162600	0.195300
950242.8	0.174100	0.105600	0.146500	0.167900	0.163800	0.161300	0.192800
955407.2	0.179000	0.112100	0.146500	0.163900	0.164600	0.162400	0.192200
960571.6	0.180700	0.114500	0.147300	0.165300	0.164900	0.162800	0.193200
965735.9	0.177300	0.110000	0.146400	0.165200	0.164900	0.162700	0.193000
970900.3	0.175500	0.107600	0.145800	0.168600	0.164000	0.161500	0.193500
976064.7	0.177000	0.109400	0.146000	0.164800	0.164200	0.160900	0.193500
981229.0	0.176900	0.112200	0.145800	0.164000	0.163700	0.161000	0.191200
986393.4	0.178100	0.114100	0.145800	0.161800	0.163200	0.159900	0.189800
991557.8	0.175700	0.108000	0.146300	0.164600	0.163800	0.160900	0.191500
996722.1	0.173900	0.107100	0.145000	0.167500	0.163200	0.160200	0.191500
1001886.5	0.177600	0.112300	0.146700	0.165000	0.163800	0.160700	0.192100
1007050.8	0.175500	0.108300	0.145500	0.167600	0.164100	0.161300	0.192200
1012215.2	0.176900	0.112000	0.145600	0.163200	0.164200	0.160100	0.191000
1017379.6	0.175500	0.109900	0.146900	0.161900	0.164500	0.160100	0.189800
1022543.9	0.174700	0.108700	0.144300	0.164900	0.163100	0.160200	0.190500
1027708.3	0.172500	0.106900	0.145200	0.164900	0.163200	0.159000	0.190300
1032872.6	0.177600	0.110700	0.145800	0.161700	0.163200	0.159000	0.189600
1038037.0	0.174300	0.106800	0.144800	0.166600	0.162500	0.159800	0.190600
1043201.4	0.174300	0.107000	0.144400	0.163000	0.162700	0.159200	0.189300
1048365.7	0.173400	0.107100	0.144300	0.163100	0.162600	0.159200	0.189300
1053530.1	0.171100	0.104500	0.143400	0.168700	0.161600	0.159700	0.190500
1058694.5	0.174500	0.107300	0.145100	0.163700	0.162900	0.159600	0.190000
1063858.8	0.175900	0.111700	0.144200	0.160200	0.162200	0.158500	0.187600
1069023.2	0.169900	0.103200	0.143100	0.166000	0.161900	0.159600	0.189400
1074187.5	0.173400	0.105500	0.144500	0.162700	0.162500	0.159100	0.189100
1079351.9	0.173500	0.108000	0.144600	0.165900	0.162600	0.158600	0.189000
1084516.3	0.173400	0.108500	0.143700	0.163200	0.161900	0.158200	0.187800
1089680.6	0.169000	0.103400	0.143700	0.168200	0.160900	0.158400	0.189300
1094845.0	0.170300	0.102900	0.143400	0.164500	0.161400	0.158000	0.188200
1100009.4	0.172000	0.106100	0.143400	0.163300	0.161000	0.157100	0.187300
1105173.7	0.171700	0.104700	0.144100	0.162600	0.161400	0.156800	0.186400
1110338.1	0.171400	0.104400	0.143100	0.164600	0.161200	0.157700	0.187100
1115502.5	0.173100	0.106600	0.143500	0.161600	0.161600	0.157700	0.186600
1120666.8	0.171200	0.105500	0.143500	0.163400	0.161300	0.157000	0.186800
1125831.2	0.170800	0.104800	0.142700	0.162300	0.160300	0.156400	0.186800
1130995.5	0.172300	0.107700	0.143800	0.166700	0.161300	0.157400	0.187600
1136159.9	0.171200	0.106500	0.142900	0.162600	0.160900	0.156300	0.186200
1141324.3	0.170100	0.106100	0.142300	0.163400	0.160100	0.156400	0.186400
1146488.6	0.171200	0.107100	0.142600	0.161000	0.160500	0.156400	0.185500
1151653.0	0.170200	0.105000	0.143500	0.164700	0.161300	0.156000	0.185200
1156817.4	0.173600	0.107900	0.144100	0.162200	0.161800	0.156800	0.187600
1161981.7	0.173600	0.109000	0.143700	0.163500	0.161100	0.156200	0.186900
1167146.1	0.173100	0.107000	0.144600	0.165700	0.162200	0.157500	0.188600
1172310.4	0.172100	0.104700	0.144600	0.164300	0.161800	0.156900	0.187500
1177474.8	0.170600	0.105000	0.143700	0.165100	0.160900	0.156300	0.187200
1182639.2	0.172800	0.105900	0.144400	0.164200	0.161500	0.156300	0.187400
1187803.5	0.170200	0.105100	0.143200	0.169100	0.160900	0.157400	0.188800
1192967.9	0.170000	0.104100	0.143800	0.164800	0.161000	0.156600	0.186800
1198132.3	0.171500	0.106300	0.144000	0.166500	0.161300	0.156200	0.187000
1203296.6	0.169000	0.106400	0.143100	0.162400	0.159700	0.154800	0.184000
1208461.0	0.170500	0.104900	0.143600	0.161900	0.160900	0.155400	0.184900
1213625.3	0.167800	0.101100	0.144200	0.166100	0.160700	0.155900	0.186200
1218789.7	0.169000	0.103200	0.144200	0.165300	0.161200	0.156000	0.186500
1223954.1	0.170900	0.106300	0.144200	0.164500	0.161200	0.156400	0.185200
1229118.4	0.169100	0.102800	0.144300	0.166400	0.161600	0.156200	0.186600
1234282.8	0.166400	0.099500	0.143400	0.169000	0.161100	0.155500	0.186900
1239447.2	0.167700	0.101700	0.144300	0.166800	0.161000	0.155500	0.186100
1244611.5	0.167600	0.101000	0.143300	0.167400	0.160900	0.155500	0.185100
1249775.9	0.167400	0.103400	0.143600	0.167100	0.160100	0.154800	0.185900
1254940.2	0.165900	0.100100	0.143500	0.169100	0.159800	0.155500	0.186000
1260104.6	0.168000	0.101700	0.144100	0.162500	0.160000	0.154500	0.184300
1265269.0	0.169300	0.104400	0.144000	0.167700	0.160900	0.155500	0.185500
1270433.3	0.166600	0.101700	0.143000	0.165800	0.159300	0.153900	0.184300
1275597.7	0.171600	0.108100	0.144300	0.161100	0.160500	0.154500	0.183400
1280762.1	0.173200	0.108800	0.147300	0.165500	0.164000	0.157800	0.187300
1285926.4	0.171800	0.106000	0.232600	0.187200	0.168200	0.159700	0.188400
1291090.8	0.175900	0.108400	0.279700	0.208700	0.174900	0.165000	0.191400
1296255.1	0.174500	0.106400	0.297100	0.232600	0.179000	0.169700	0.194600
1301419.5	0.181700	0.119500	0.307300	0.247300	0.181500	0.173400	0.195700
1306583.9	0.180000	0.115100	0.317900	0.275400	0.184200	0.178500	0.199500
1311748.2	0.178500	0.111800	0.332500	0.292500	0.187400	0.181600	0.200300
1316912.6	0.176700	0.110300	0.340800	0.309300	0.188300	0.187200	0.203100
1322077.0	0.180200	0.113800	0.351600	0.312000	0.191400	0.190000	0.204200
1327241.3	0.177200	0.109300	0.357300	0.323000	0.192400	0.194200	0.206900
1332405.7	0.176300	0.110500	0.360000	0.333100	0.192600	0.198000	0.209300
1337570.0	0.180300	0.115100	0.366900	0.328300	0.194900	0.200300	0.209700
1342734.4	0.177200	0.110600	0.372600	0.338500	0.196600	0.204300	0.214200
1347898.8	0.175100	0.107100	0.372300	0.348700	0.196900	0.206500	0.214900
1353063.1	0.175700	0.107700	0.375100	0.347200	0.197800	0.207600	0.216400
1358227.5	0.179700	0.113300	0.378800	0.338500	0.199900	0.209100	0.216700
1363391.9	0.178700	0.112400	0.383700	0.345800	0.200500	0.212000	0.218700
1368556.2	0.180000	0.115800	0.385900	0.344300	0.201700	0.213200	0.219500
1373720.6	0.177300	0.112000	0.385700	0.333400	0.200300	0.212100	0.216200
1378884.9	0.176600	0.112900	0.389300	0.341300	0.199700	0.214200	0.220100
1384049.3	0.176700	0.114700	0.391900	0.333500	0.199200	0.214300	0.219900
1389213.7	0.175100	0.112200	0.398600	0.339900	0.199700	0.215600	0.221600
1394378.0	0.175200	0.113600	0.401900	0.340800	0.198700	0.214800	0.220500
1399542.4	0.171200	0.107600	0.403100	0.338100	0.199000	0.215400	0.221000
1404706.8	0.173800	0.112000	0.409200	0.335300	0.198200	0.216400	0.221000
1409871.1	0.171700	0.108400	0.407500	0.338700	0.198000	0.216600	0.221400
1415035.5	0.174100	0.112600	0.410400	0.335200	0.198200	0.215100	0.220200
1420199.8	0.173100	0.110400	0.411400	0.335500	0.198200	0.215900	0.220300
1425364.3	0.168200	0.104100	0.408700	0.343500	0.197600	0.216400	0.222100
1430528.6	0.172300	0.109900	0.410200	0.334800	0.198600	0.216500	0.221800
1435692.9	0.165700	0.107000	0.388700	0.313600	0.191400	0.207200	0.210100
1440857.3	0.171500	0.110000	0.397300	0.330300	0.196000	0.214100	0.220200
1446021.6	0.172800	0.112700	0.365200	0.304900	0.192500	0.208800	0.215900
1451186.0	0.166800	0.103800	0.335900	0.298700	0.188900	0.204800	0.215700
1456350.4	0.168800	0.107200	0.307600	0.282100	0.186000	0.200600	0.214000
1461514.7	0.172400	0.111600	0.286700	0.269800	0.184700	0.198200	0.212700
1466679.1	0.166900	0.103800	0.269300	0.258900	0.182400	0.193800	0.209300
1471843.5	0.169100	0.108400	0.252500	0.250100	0.180800	0.191400	0.208000
1477007.8	0.172800	0.111200	0.239500	0.241900	0.180200	0.189900	0.208100
1482172.2	0.169700	0.108400	0.229200	0.238400	0.179200	0.188100	0.207300
1487336.6	0.170400	0.109800	0.219000	0.231200	0.177200	0.184500	0.204300
1492500.9	0.171900	0.110100	0.211800	0.226200	0.176900	0.183700	0.204600
1497665.3	0.169300	0.105600	0.204200	0.221900	0.175900	0.181200	0.203000
1502829.6	0.168700	0.103800	0.197700	0.219900	0.174900	0.179300	0.201600
1507994.0	0.172600	0.111600	0.191700	0.211300	0.174400	0.178600	0.200400
1513158.4	0.166200	0.102400	0.185100	0.215200	0.172500	0.177100	0.200500
1518322.7	0.170000	0.105600	0.182000	0.206700	0.172700	0.175400	0.199200
1523487.1	0.171800	0.109800	0.177700	0.203300	0.171800	0.174800	0.198000
1528651.5	0.169200	0.105400	0.173600	0.202400	0.170800	0.174000	0.199600
1533815.8	0.169900	0.106900	0.170900	0.198900	0.170200	0.172300	0.198100
1538980.2	0.173100	0.112500	0.167200	0.192000	0.169400	0.171100	0.195600
1544144.5	0.171700	0.108500	0.166600	0.193600	0.169900	0.171100	0.198400
1549308.9	0.173900	0.111900	0.164300	0.183600	0.169100	0.168100	0.193800
1554473.3	0.169000	0.102500	0.160800	0.186000	0.167900	0.167800	0.193700
1559637.6	0.170200	0.104000	0.159700	0.185800	0.168000	0.167700	0.194700
1564802.0	0.169700	0.104200	0.158500	0.186000	0.167300	0.166500	0.193900
1569966.4	0.170300	0.106200	0.155800	0.180000	0.167000	0.164400	0.191900
1575130.7	0.169500	0.105400	0.155100	0.179500	0.166300	0.164900	0.193200
1580295.1	0.167200	0.101900	0.153700	0.182600	0.164300	0.163600	0.191500
1585459.5	0.169500	0.104100	0.154100	0.177500	0.165800	0.163900	0.191800
1590623.8	0.170700	0.105600	0.153200	0.177900	0.164800	0.161900	0.190800
1595788.2	0.170200	0.108400	0.152100	0.175500	0.164300	0.161500	0.189400
