VERSION	1200
Time[MSec.]	Ratio	Ratio	Ratio	Ratio	Ratio	Ratio	Ratio	Ratio	Ratio	Ratio	Ratio	Ratio	Ratio	Ratio	Ratio	Ratio	Ratio	Ratio	Ratio	Ratio	Ratio	Ratio
%.1f	%.4f	%.4f	%.4f	%.4f	%.4f	%.4f	%.4f	%.4f	%.4f	%.4f	%.4f	%.4f	%.4f	%.4f	%.4f	%.4f	%.4f	%.4f	%.4f	%.4f	%.4f	%.4f
Time	ROI(1-1)	ROI(1-2)	ROI(1-3)	ROI(1-4)	ROI(1-5)	ROI(1-6)	ROI(1-7)	ROI(1-8)	ROI(1-9)	ROI(1-10)	ROI(1-11)	ROI(1-12)	ROI(1-13)	ROI(1-14)	ROI(1-15)	ROI(1-16)	ROI(1-17)	ROI(1-18)	ROI(1-19)	ROI(1-20)	ROI(1-21)	ROI(1-22)
GraphNo	1	2	3	4	5	6	7	8	9	10	11	12	13	14	15	16	17	18	19	20	21	22
0.0	0.184600	0.205200	0.175800	0.177700	0.200200	0.192300	0.184700	0.165600	0.156900	0.174800	0.231100	0.175400	0.176400	0.186500	0.205900	0.190400	0.179900	0.174200	0.165900	0.188500	0.110200	0.154700
5164.4	0.183800	0.206100	0.176900	0.178700	0.200100	0.192100	0.184800	0.164800	0.156800	0.176000	0.234000	0.178700	0.174400	0.186100	0.206100	0.189100	0.179200	0.174600	0.166900	0.186200	0.109800	0.151900
10328.7	0.185300	0.205000	0.174700	0.178100	0.197100	0.188100	0.187300	0.164800	0.157800	0.174500	0.233300	0.176600	0.176000	0.185400	0.206600	0.189300	0.174300	0.173700	0.167300	0.182300	0.116800	0.155600
15493.1	0.183800	0.204300	0.175900	0.179000	0.195800	0.191400	0.181700	0.161500	0.155500	0.173200	0.232100	0.178300	0.173400	0.184100	0.205800	0.189300	0.178400	0.173900	0.163400	0.185200	0.106400	0.153800
20657.5	0.182600	0.203100	0.175100	0.177900	0.194600	0.185800	0.184900	0.162600	0.158100	0.174600	0.231600	0.174500	0.174400	0.185100	0.204400	0.185400	0.171700	0.173300	0.165000	0.176900	0.111700	0.152800
25821.8	0.184700	0.203800	0.176600	0.179600	0.195200	0.188200	0.183200	0.161900	0.157600	0.174500	0.230900	0.176000	0.173700	0.186100	0.206300	0.187700	0.174200	0.173900	0.164500	0.182600	0.111500	0.154000
30986.2	0.183100	0.201400	0.173500	0.177500	0.192900	0.187600	0.180800	0.160200	0.156300	0.173300	0.229900	0.177000	0.173700	0.184700	0.205700	0.187200	0.174200	0.172600	0.162900	0.181000	0.110500	0.155200
36150.6	0.180600	0.202300	0.174700	0.178600	0.194100	0.190500	0.177100	0.158600	0.154600	0.173700	0.230900	0.178700	0.171100	0.182600	0.206100	0.186600	0.177800	0.174800	0.161900	0.183200	0.105100	0.153200
41314.9	0.182400	0.202100	0.175200	0.181200	0.194200	0.192000	0.176300	0.158300	0.153400	0.173900	0.230800	0.179300	0.171400	0.183000	0.207800	0.187800	0.179700	0.175900	0.162400	0.186600	0.105100	0.154400
46479.3	0.181600	0.202200	0.176100	0.181300	0.194400	0.192400	0.174900	0.158000	0.153400	0.174500	0.232000	0.179900	0.170300	0.183000	0.208400	0.187900	0.180300	0.176300	0.162900	0.186700	0.100600	0.151300
51643.7	0.180900	0.199500	0.171700	0.178400	0.192100	0.185200	0.177300	0.157800	0.155800	0.173300	0.228900	0.174600	0.172000	0.182400	0.206800	0.182700	0.170600	0.172700	0.163000	0.176100	0.108700	0.152800
56808.0	0.181000	0.199000	0.171200	0.179000	0.191800	0.183700	0.178000	0.158200	0.156400	0.173600	0.227900	0.173000	0.172100	0.183900	0.206300	0.182600	0.169600	0.172400	0.163800	0.175600	0.107500	0.151900
61972.4	0.180800	0.198000	0.170800	0.178000	0.191300	0.184300	0.177600	0.157400	0.155300	0.173200	0.226500	0.173500	0.172200	0.184700	0.204400	0.182700	0.170600	0.172000	0.162500	0.176400	0.110100	0.152500
67136.8	0.181700	0.201700	0.175100	0.181200	0.193600	0.191900	0.173600	0.156500	0.152600	0.174100	0.229400	0.182500	0.171000	0.184500	0.206400	0.186000	0.180300	0.175000	0.161300	0.186800	0.100200	0.153000
72301.1	0.182200	0.197900	0.171200	0.178900	0.191700	0.185500	0.175000	0.157100	0.154400	0.174000	0.226200	0.177200	0.172800	0.185800	0.205900	0.184500	0.172500	0.172100	0.161100	0.179600	0.104700	0.153400
77465.5	0.181000	0.199100	0.172700	0.179500	0.193000	0.191100	0.172400	0.155400	0.150800	0.175100	0.228100	0.180900	0.170200	0.185700	0.205200	0.184500	0.177300	0.172700	0.161400	0.183800	0.100700	0.150800
82629.9	0.181900	0.197200	0.170800	0.177400	0.193300	0.185700	0.176400	0.159400	0.160300	0.177900	0.225600	0.173900	0.175700	0.197700	0.204900	0.183400	0.169400	0.171000	0.164100	0.174400	0.105900	0.149500
87794.2	0.399700	0.258900	0.213300	0.295700	0.430600	0.252300	0.408100	0.359000	0.300200	0.304900	0.330100	0.298300	0.336300	0.321900	0.242900	0.332100	0.256700	0.272200	0.281500	0.209600	0.182100	0.377400
92958.6	0.349800	0.462400	0.343000	0.322300	0.402600	0.424700	0.356700	0.313700	0.291300	0.340000	0.329500	0.294400	0.312800	0.315000	0.247400	0.310500	0.359100	0.340500	0.305300	0.383100	0.209200	0.352100
98123.0	0.330100	0.426300	0.317800	0.326300	0.383500	0.383300	0.328700	0.305000	0.288800	0.319200	0.325100	0.278000	0.303100	0.304400	0.244600	0.306400	0.337500	0.320400	0.288900	0.362300	0.203800	0.322900
103287.3	0.330300	0.413100	0.343500	0.318400	0.380500	0.385100	0.320400	0.303300	0.286900	0.314600	0.368100	0.277100	0.303100	0.304900	0.245600	0.315400	0.343900	0.322300	0.277900	0.385300	0.191800	0.320800
108451.7	0.334300	0.407100	0.321400	0.323900	0.384000	0.379600	0.321700	0.307100	0.295600	0.319900	0.366700	0.274300	0.306100	0.310200	0.248100	0.319000	0.333100	0.324900	0.273000	0.366500	0.193100	0.310300
113616.1	0.336300	0.400600	0.310800	0.319900	0.386900	0.390600	0.315500	0.307200	0.287400	0.317700	0.363400	0.284000	0.306500	0.308000	0.250000	0.328400	0.346100	0.332800	0.264300	0.381200	0.189700	0.313000
118780.4	0.338600	0.396100	0.304700	0.326100	0.386800	0.399400	0.312000	0.306300	0.280700	0.313800	0.358800	0.288900	0.303900	0.305200	0.251000	0.329400	0.352500	0.332900	0.256900	0.390300	0.181500	0.315600
123944.8	0.346800	0.394000	0.300900	0.322500	0.390600	0.411800	0.313300	0.306400	0.286900	0.313100	0.358100	0.296200	0.305900	0.307200	0.254000	0.337900	0.365900	0.334300	0.253600	0.413000	0.180600	0.325000
129109.2	0.349600	0.387100	0.291700	0.312400	0.388000	0.400900	0.318600	0.307900	0.290600	0.315100	0.355600	0.291700	0.307000	0.309700	0.254800	0.323100	0.348300	0.330000	0.253500	0.384400	0.185800	0.316900
134273.5	0.351900	0.385600	0.289700	0.308100	0.385500	0.391600	0.332000	0.316500	0.297300	0.317000	0.354300	0.287800	0.307800	0.311800	0.256000	0.318400	0.333700	0.328700	0.258400	0.364300	0.201200	0.324200
139437.9	0.353400	0.381900	0.292000	0.317400	0.380500	0.390400	0.334600	0.314600	0.295000	0.312800	0.349400	0.290000	0.306300	0.308500	0.255900	0.316600	0.337600	0.326500	0.255600	0.367500	0.203000	0.332300
144602.3	0.356700	0.390000	0.295000	0.312300	0.379600	0.397500	0.328300	0.312300	0.289900	0.314900	0.352700	0.301900	0.305800	0.309600	0.257500	0.317900	0.349100	0.328200	0.252400	0.378100	0.190200	0.337100
149766.6	0.359400	0.390400	0.299400	0.313000	0.377400	0.404700	0.326600	0.311200	0.289600	0.315900	0.353100	0.306900	0.303600	0.312500	0.259800	0.318600	0.356400	0.327800	0.250400	0.388200	0.182400	0.343900
154931.0	0.360200	0.388500	0.300500	0.308600	0.374300	0.392800	0.336200	0.316900	0.300100	0.316800	0.350200	0.304100	0.306200	0.314000	0.258900	0.311500	0.343200	0.325500	0.255100	0.371400	0.190700	0.342300
160095.4	0.364400	0.389300	0.301600	0.308300	0.374700	0.397400	0.334500	0.318000	0.297000	0.316900	0.350900	0.302200	0.306900	0.316100	0.261300	0.314000	0.350300	0.323100	0.253100	0.379400	0.185500	0.350300
165259.7	0.369300	0.391600	0.303600	0.310400	0.376200	0.406400	0.335300	0.318800	0.292100	0.317300	0.352700	0.308000	0.308000	0.317900	0.262500	0.318900	0.363000	0.326900	0.250600	0.395100	0.183300	0.355000
170424.1	0.373100	0.394700	0.306600	0.313200	0.379200	0.409400	0.337500	0.325400	0.292300	0.321400	0.357300	0.312300	0.307600	0.320500	0.264400	0.320500	0.365800	0.333500	0.253500	0.395800	0.175900	0.352000
175588.4	0.381600	0.391000	0.310400	0.315700	0.382700	0.419000	0.337600	0.320900	0.291500	0.320500	0.356700	0.323000	0.308700	0.321800	0.265900	0.326800	0.379000	0.333700	0.251300	0.414300	0.177000	0.362500
180752.8	0.383400	0.384900	0.306300	0.311400	0.379800	0.405300	0.344700	0.323500	0.297000	0.323100	0.355200	0.315300	0.310000	0.324100	0.266500	0.318900	0.361500	0.330800	0.252900	0.391800	0.181900	0.358500
185917.2	0.388300	0.376300	0.301400	0.309600	0.374900	0.390400	0.363600	0.332300	0.312200	0.324600	0.351000	0.307400	0.313200	0.326800	0.266000	0.314800	0.340600	0.327600	0.263900	0.369300	0.204300	0.355900
191081.5	0.387300	0.371400	0.302800	0.311500	0.374900	0.391800	0.361000	0.335900	0.309200	0.323500	0.350900	0.309400	0.313000	0.327400	0.265300	0.315300	0.343700	0.327800	0.263600	0.370700	0.195000	0.349900
196245.9	0.390200	0.371800	0.311100	0.318200	0.379600	0.409600	0.356300	0.336600	0.304300	0.324100	0.355100	0.321600	0.312200	0.329500	0.266700	0.321100	0.364100	0.333500	0.262000	0.393600	0.184000	0.343300
201410.3	0.400100	0.363400	0.305500	0.316300	0.380300	0.404800	0.363900	0.345800	0.307500	0.323600	0.350200	0.319900	0.319000	0.332500	0.266900	0.320600	0.359000	0.332100	0.262900	0.390400	0.187600	0.343200
206574.6	0.400600	0.354400	0.296900	0.318900	0.386200	0.407700	0.362900	0.349100	0.305900	0.323700	0.349600	0.326800	0.317700	0.330900	0.266500	0.320700	0.362800	0.329900	0.261300	0.391800	0.177300	0.330600
211739.0	0.401400	0.346100	0.288600	0.318100	0.391400	0.397800	0.370000	0.357400	0.309700	0.321500	0.346800	0.317800	0.319800	0.329800	0.264800	0.320200	0.349900	0.327300	0.262600	0.367200	0.181800	0.325800
216903.4	0.401600	0.347600	0.290600	0.323700	0.394500	0.405700	0.363200	0.360200	0.299500	0.318100	0.348500	0.315500	0.318200	0.329200	0.264300	0.327300	0.355800	0.331200	0.263700	0.364500	0.170500	0.316800
222067.7	0.404200	0.348300	0.287900	0.319800	0.384600	0.389300	0.362900	0.372600	0.293900	0.310400	0.343100	0.300300	0.319400	0.329400	0.261600	0.318100	0.330100	0.328500	0.265900	0.333100	0.174100	0.309000
227232.1	0.407600	0.349900	0.293600	0.317600	0.374500	0.407000	0.360400	0.379300	0.272100	0.309200	0.342900	0.313600	0.319400	0.326400	0.260600	0.322700	0.339500	0.330500	0.270500	0.346700	0.168100	0.304700
232396.5	0.412200	0.351800	0.301600	0.313800	0.373000	0.430900	0.353000	0.381000	0.262800	0.310400	0.346600	0.320800	0.323700	0.321600	0.258300	0.334900	0.359300	0.334700	0.256300	0.375400	0.156300	0.301100
237560.8	0.412500	0.350000	0.299000	0.305200	0.373700	0.439500	0.352300	0.383500	0.262300	0.310200	0.350400	0.327700	0.326000	0.319800	0.258100	0.335800	0.367900	0.333100	0.235300	0.383600	0.155200	0.291700
242725.2	0.417600	0.341100	0.292400	0.298100	0.374400	0.412600	0.361000	0.394100	0.268600	0.313900	0.352100	0.315400	0.328600	0.324000	0.256500	0.330100	0.346200	0.326400	0.233800	0.365000	0.166900	0.287400
247889.6	0.422300	0.330200	0.286600	0.295600	0.378500	0.373400	0.382900	0.415500	0.275700	0.317000	0.345400	0.304700	0.325100	0.327900	0.256500	0.319600	0.315300	0.322900	0.240200	0.332600	0.182400	0.276300
253053.9	0.419000	0.325000	0.291600	0.301400	0.384100	0.393200	0.357300	0.407100	0.257400	0.312800	0.337800	0.317800	0.307600	0.320900	0.256100	0.321800	0.345700	0.327300	0.229100	0.369500	0.158600	0.265100
258218.3	0.416500	0.314300	0.284000	0.295800	0.379300	0.381300	0.357900	0.421500	0.255900	0.311000	0.331500	0.310800	0.306200	0.319400	0.253700	0.310200	0.331700	0.322100	0.230600	0.354500	0.157600	0.257300
263382.7	0.406500	0.306800	0.282100	0.296800	0.374400	0.389000	0.343800	0.420600	0.241900	0.305800	0.326400	0.315300	0.302200	0.316300	0.253200	0.313100	0.344000	0.321600	0.226100	0.368700	0.147400	0.250600
268547.0	0.390300	0.293500	0.269400	0.288600	0.363100	0.362100	0.358300	0.431700	0.245300	0.304200	0.318800	0.297400	0.308500	0.316500	0.250100	0.300900	0.309500	0.312600	0.233100	0.326500	0.161800	0.236900
273711.4	0.378400	0.285900	0.267000	0.287300	0.353000	0.376100	0.335100	0.405500	0.225900	0.294700	0.313800	0.309600	0.301900	0.306600	0.247900	0.304400	0.323800	0.307800	0.224400	0.343500	0.148200	0.227300
278875.7	0.380000	0.272300	0.257300	0.279700	0.339900	0.357200	0.337900	0.391600	0.224300	0.287200	0.305000	0.295300	0.303400	0.303200	0.245600	0.296300	0.304900	0.291700	0.224300	0.322900	0.152200	0.223200
284040.1	0.385100	0.271100	0.253500	0.278900	0.333100	0.360000	0.329000	0.382600	0.214900	0.284900	0.304200	0.301800	0.302800	0.304800	0.247800	0.298600	0.309500	0.284400	0.220700	0.327000	0.144600	0.219400
289204.5	0.385400	0.263300	0.248300	0.275000	0.322600	0.349200	0.319000	0.375700	0.209200	0.278300	0.295400	0.295200	0.297700	0.296100	0.245100	0.294200	0.300900	0.279000	0.216900	0.319000	0.141300	0.212300
294368.8	0.382500	0.254700	0.238200	0.266400	0.307100	0.330600	0.306700	0.368900	0.202100	0.271000	0.285000	0.286600	0.290400	0.289700	0.241800	0.284500	0.285800	0.271100	0.210000	0.304200	0.137700	0.207500
299533.2	0.380200	0.251500	0.231300	0.261000	0.296700	0.309900	0.314000	0.373300	0.202900	0.268600	0.282100	0.273100	0.289000	0.288300	0.241200	0.276000	0.264400	0.265800	0.212300	0.279600	0.148000	0.200900
304697.6	0.373800	0.244900	0.228400	0.257700	0.286100	0.305800	0.294100	0.357000	0.193700	0.258400	0.275400	0.271900	0.278500	0.279800	0.238200	0.274500	0.266400	0.265400	0.204900	0.282400	0.135400	0.195400
309861.9	0.363600	0.238000	0.220900	0.251100	0.276100	0.290200	0.293800	0.353500	0.192700	0.252300	0.268400	0.263000	0.275100	0.273600	0.235700	0.266500	0.251300	0.260500	0.203200	0.267900	0.137900	0.190100
315026.3	0.359500	0.234200	0.215700	0.245500	0.266600	0.275500	0.290600	0.343300	0.190500	0.246700	0.263400	0.252900	0.271300	0.269100	0.233800	0.260500	0.240800	0.254900	0.202200	0.256900	0.140500	0.186700
320190.7	0.350600	0.235000	0.217100	0.245500	0.261100	0.285200	0.276900	0.327000	0.179300	0.240500	0.262900	0.259300	0.260900	0.261300	0.234100	0.263400	0.257000	0.256700	0.197700	0.277300	0.128000	0.186700
325355.0	0.341600	0.230800	0.213800	0.243500	0.253300	0.279200	0.268800	0.314400	0.175200	0.234500	0.259900	0.253200	0.255800	0.256400	0.233000	0.262200	0.256600	0.252800	0.193400	0.279800	0.123200	0.186700
330519.4	0.330400	0.225600	0.206400	0.238000	0.245300	0.261700	0.265900	0.311100	0.176500	0.229400	0.254600	0.240800	0.250300	0.251300	0.228500	0.252100	0.239300	0.245000	0.198300	0.260600	0.125400	0.183200
335683.8	0.317600	0.223000	0.202800	0.235600	0.239600	0.248200	0.265300	0.306500	0.181200	0.227300	0.253900	0.230500	0.245300	0.248600	0.227100	0.243800	0.226100	0.239800	0.194900	0.247700	0.127300	0.175400
340848.1	0.311500	0.224500	0.205100	0.244900	0.236500	0.252300	0.254600	0.292100	0.173200	0.222700	0.253300	0.236000	0.239200	0.243000	0.227000	0.247800	0.236800	0.239100	0.189400	0.261300	0.123400	0.178600
346012.5	0.301500	0.220100	0.199000	0.236400	0.230300	0.239300	0.256300	0.286100	0.174600	0.218100	0.250300	0.226000	0.235800	0.239100	0.225000	0.239900	0.220600	0.231600	0.193700	0.244300	0.130500	0.176700
351176.8	0.292400	0.219600	0.197300	0.227300	0.226700	0.240800	0.244100	0.274800	0.170000	0.216000	0.249500	0.222900	0.229600	0.234100	0.222900	0.238600	0.222900	0.229300	0.194600	0.244600	0.120000	0.174500
356341.2	0.283800	0.216300	0.192900	0.219100	0.222900	0.230500	0.243700	0.272500	0.173400	0.213000	0.246400	0.215500	0.227800	0.230600	0.220300	0.233200	0.212800	0.223600	0.189300	0.232800	0.124000	0.169300
361505.6	0.276600	0.214800	0.191700	0.215800	0.218900	0.227900	0.240700	0.265500	0.171700	0.209400	0.246000	0.211500	0.224100	0.226500	0.218800	0.230900	0.209800	0.222200	0.186800	0.229900	0.123600	0.170800
366669.9	0.268400	0.216800	0.193700	0.216200	0.216700	0.236100	0.227800	0.253000	0.165800	0.206700	0.247300	0.217400	0.217500	0.221800	0.219900	0.235500	0.224300	0.223000	0.180500	0.248000	0.113500	0.171000
371834.3	0.260000	0.212600	0.190000	0.211800	0.213500	0.227800	0.228500	0.251200	0.167500	0.203400	0.243300	0.209400	0.214200	0.218700	0.217200	0.230100	0.214100	0.220100	0.181400	0.235700	0.117700	0.170800
376998.7	0.256200	0.211400	0.188300	0.208700	0.209800	0.226400	0.226700	0.247500	0.166000	0.202000	0.242700	0.208300	0.211600	0.215600	0.216900	0.229200	0.214900	0.218500	0.184300	0.237400	0.119200	0.172700
382163.0	0.249600	0.208400	0.186200	0.208300	0.208300	0.222900	0.220600	0.242400	0.164700	0.200200	0.242400	0.203700	0.208000	0.211700	0.213000	0.224900	0.208100	0.220300	0.182700	0.230300	0.115500	0.168300
387327.4	0.248400	0.210900	0.187500	0.207100	0.207700	0.224400	0.218400	0.240100	0.164600	0.200500	0.242800	0.206400	0.206000	0.213400	0.215600	0.224700	0.211900	0.216100	0.184500	0.231200	0.114200	0.166200
392491.8	0.244200	0.207600	0.185500	0.204300	0.205300	0.220000	0.216300	0.235100	0.164700	0.198900	0.241200	0.200900	0.204600	0.212600	0.214900	0.222000	0.205700	0.215500	0.178700	0.224700	0.117700	0.168400
397656.1	0.238800	0.207800	0.184300	0.208600	0.205500	0.214700	0.215600	0.233700	0.167000	0.199000	0.243500	0.194600	0.203000	0.210400	0.213600	0.216700	0.197000	0.216000	0.178600	0.213900	0.117400	0.165600
402820.5	0.235100	0.207600	0.183900	0.209300	0.205900	0.217000	0.210400	0.228100	0.164600	0.195900	0.246800	0.198500	0.199900	0.207400	0.211800	0.218800	0.201400	0.208300	0.176900	0.218700	0.113600	0.165800
407984.9	0.231000	0.204600	0.180800	0.204100	0.202600	0.210000	0.210800	0.224900	0.166500	0.195300	0.245700	0.191400	0.200000	0.205300	0.211200	0.215000	0.195800	0.201700	0.183800	0.210500	0.121900	0.165500
413149.2	0.228000	0.205000	0.182100	0.206300	0.203400	0.212400	0.204900	0.219800	0.164700	0.195000	0.246900	0.191400	0.196300	0.204600	0.211300	0.216500	0.197600	0.201800	0.177500	0.211200	0.113300	0.161800
418313.6	0.226200	0.206100	0.182000	0.205300	0.202700	0.215800	0.202600	0.217300	0.162600	0.193400	0.248300	0.195500	0.194700	0.203300	0.212000	0.221300	0.203000	0.197900	0.182000	0.217600	0.113000	0.164400
423477.9	0.223000	0.205100	0.180700	0.204200	0.200500	0.209700	0.202100	0.216300	0.166000	0.193600	0.244600	0.190300	0.193800	0.202300	0.210200	0.215600	0.193300	0.196800	0.178800	0.207300	0.113600	0.161800
428642.3	0.221400	0.204600	0.182400	0.197900	0.199900	0.217600	0.195300	0.210600	0.160600	0.190900	0.245200	0.194100	0.191400	0.200300	0.211400	0.219500	0.206700	0.197100	0.175100	0.221600	0.106800	0.164900
433806.7	0.220200	0.203300	0.178700	0.194000	0.197500	0.208000	0.199800	0.211200	0.166500	0.190200	0.242200	0.189100	0.193900	0.201800	0.210700	0.213900	0.194000	0.198600	0.175200	0.206600	0.114800	0.165000
438971.0	0.217300	0.203500	0.177300	0.193200	0.197000	0.203700	0.196800	0.210300	0.166900	0.190200	0.240700	0.184700	0.191100	0.199500	0.209000	0.208000	0.187400	0.207100	0.178400	0.197600	0.113900	0.161300
444135.4	0.216900	0.205100	0.180200	0.194700	0.197100	0.213100	0.190200	0.203800	0.163100	0.186500	0.243100	0.193600	0.188300	0.198900	0.209400	0.213600	0.200500	0.208800	0.174400	0.212300	0.110900	0.163700
449299.8	0.216000	0.204600	0.176600	0.191800	0.195800	0.202800	0.196300	0.208500	0.170300	0.189300	0.244200	0.186700	0.190900	0.199600	0.209700	0.207700	0.184700	0.204800	0.177900	0.195100	0.115500	0.160200
454464.1	0.211700	0.204800	0.179000	0.193100	0.195300	0.211400	0.184600	0.198100	0.163500	0.185200	0.238700	0.193000	0.185200	0.194600	0.208100	0.211400	0.196800	0.208400	0.173100	0.209000	0.106700	0.160600
459628.5	0.211100	0.205900	0.177200	0.190300	0.194400	0.204800	0.186900	0.200000	0.169900	0.185900	0.238200	0.187200	0.186300	0.197200	0.209200	0.210100	0.187300	0.206200	0.178200	0.197500	0.110600	0.160600
464792.9	0.209800	0.207500	0.177100	0.190400	0.193800	0.206500	0.186100	0.195900	0.168200	0.184800	0.236000	0.189200	0.185300	0.196300	0.208700	0.212300	0.190400	0.207100	0.176500	0.201600	0.109500	0.161400
469957.2	0.207600	0.209700	0.179600	0.191600	0.193900	0.212200	0.183200	0.192600	0.164700	0.185200	0.240300	0.195400	0.182700	0.195400	0.208600	0.216700	0.199900	0.204300	0.174000	0.210600	0.107000	0.162900
475121.6	0.206600	0.204000	0.174700	0.187800	0.193700	0.201800	0.186900	0.193700	0.168200	0.185900	0.237600	0.186500	0.184400	0.195700	0.207700	0.214600	0.186400	0.200100	0.174600	0.195500	0.112000	0.165400
480286.0	0.204100	0.205900	0.179500	0.192400	0.197500	0.211400	0.179800	0.189700	0.163600	0.184800	0.240900	0.192500	0.179900	0.194300	0.208300	0.216800	0.197900	0.204200	0.174500	0.206700	0.105400	0.162100
485450.3	0.203200	0.202800	0.176000	0.196700	0.195100	0.203900	0.185600	0.192300	0.171500	0.184700	0.240000	0.187500	0.182500	0.193600	0.207200	0.214300	0.188600	0.201100	0.174300	0.193100	0.114200	0.163000
490614.7	0.202100	0.205400	0.180300	0.194100	0.196800	0.217300	0.178200	0.188200	0.167400	0.185100	0.239300	0.197200	0.179100	0.191300	0.210100	0.215000	0.203900	0.212000	0.174700	0.209700	0.108900	0.165900
495779.0	0.199700	0.204000	0.177000	0.188000	0.194100	0.208800	0.177400	0.186200	0.167400	0.182400	0.236800	0.192200	0.178600	0.191300	0.209400	0.206200	0.195000	0.204300	0.175300	0.198300	0.110000	0.166900
500943.4	0.196700	0.206600	0.178700	0.189100	0.194300	0.214000	0.172500	0.183000	0.169000	0.182000	0.240300	0.195600	0.176600	0.190600	0.212900	0.208900	0.203000	0.203000	0.171000	0.208100	0.106900	0.168000
506107.8	0.196400	0.203900	0.175800	0.184400	0.192300	0.206000	0.175200	0.183100	0.175500	0.181100	0.241900	0.188400	0.176700	0.189800	0.210600	0.205300	0.193000	0.200500	0.171000	0.191300	0.112600	0.167400
511272.1	0.197900	0.203900	0.173300	0.183500	0.191400	0.202000	0.176900	0.185100	0.181200	0.183000	0.243600	0.184900	0.180500	0.192900	0.212700	0.212400	0.187000	0.198400	0.173400	0.184000	0.115500	0.170100
516436.5	0.197300	0.204200	0.177300	0.192100	0.192900	0.216400	0.169000	0.179700	0.174100	0.182300	0.243900	0.190700	0.177400	0.192600	0.213100	0.221100	0.198600	0.208400	0.171100	0.196400	0.107500	0.174700
521600.9	0.198900	0.203600	0.177400	0.193300	0.192800	0.215800	0.175100	0.182100	0.176600	0.185700	0.245000	0.189300	0.179300	0.196200	0.213100	0.207900	0.190800	0.206500	0.175400	0.189100	0.114200	0.182400
526765.2	0.201400	0.208900	0.183500	0.199500	0.196700	0.240400	0.170500	0.180500	0.169700	0.187300	0.246600	0.196600	0.178800	0.194300	0.216100	0.214600	0.205800	0.205800	0.177600	0.203200	0.108900	0.196000
531929.6	0.202700	0.208700	0.182100	0.202000	0.197100	0.270600	0.168700	0.178600	0.166100	0.188000	0.241300	0.193900	0.179800	0.193200	0.215800	0.211700	0.204600	0.200100	0.176200	0.200100	0.109000	0.207100
537094.0	0.204100	0.213900	0.186000	0.211500	0.200600	0.317800	0.169100	0.177800	0.165300	0.191300	0.245700	0.201000	0.178700	0.194200	0.218500	0.222200	0.215300	0.200700	0.174100	0.208000	0.109000	0.231000
542258.3	0.209400	0.214900	0.186600	0.219400	0.199800	0.312500	0.172000	0.180500	0.169200	0.193800	0.243400	0.197700	0.182400	0.196200	0.220300	0.222700	0.208900	0.199800	0.175400	0.200700	0.110400	0.260400
547422.7	0.214600	0.220200	0.197900	0.265300	0.208400	0.319100	0.170900	0.179500	0.165600	0.199000	0.247200	0.207200	0.181300	0.197700	0.221800	0.229400	0.230500	0.209400	0.178900	0.213100	0.111600	0.260800
552587.0	0.213900	0.220400	0.195900	0.246200	0.211000	0.326300	0.174000	0.180600	0.167400	0.205100	0.248800	0.209700	0.182800	0.199800	0.221500	0.227100	0.253400	0.211100	0.186000	0.215900	0.112700	0.244800
557751.4	0.216300	0.223300	0.193100	0.237900	0.211100	0.338600	0.172500	0.177400	0.165900	0.206300	0.247500	0.207100	0.182500	0.198200	0.220000	0.229100	0.262800	0.215800	0.183900	0.217400	0.114700	0.240900
562915.8	0.232700	0.225300	0.189800	0.230500	0.218600	0.317300	0.173400	0.177400	0.170400	0.220900	0.247100	0.208400	0.187900	0.207100	0.222700	0.230400	0.250300	0.220000	0.185100	0.207800	0.117800	0.242500
568080.1	0.246600	0.229800	0.193700	0.239800	0.235000	0.318800	0.171500	0.175300	0.166700	0.245100	0.250500	0.213400	0.187800	0.210300	0.225000	0.234400	0.258900	0.228700	0.186400	0.216500	0.119100	0.243400
573244.5	0.254600	0.232300	0.192600	0.241800	0.244800	0.321600	0.172900	0.178000	0.169700	0.263700	0.250400	0.211400	0.190200	0.210600	0.225300	0.238900	0.243400	0.229500	0.188100	0.210000	0.122600	0.231400
578408.9	0.257600	0.248200	0.196600	0.248000	0.266300	0.327700	0.171100	0.178700	0.169700	0.268700	0.255800	0.223800	0.188800	0.210100	0.228900	0.245500	0.246400	0.234900	0.189600	0.215900	0.120700	0.221000
583573.2	0.254300	0.257000	0.193500	0.238700	0.268800	0.307300	0.170600	0.175500	0.170300	0.258500	0.254300	0.218800	0.186800	0.206900	0.226700	0.244600	0.237600	0.230800	0.188900	0.211100	0.120800	0.215200
588737.6	0.248700	0.268700	0.192600	0.242600	0.268300	0.277700	0.173700	0.176900	0.173200	0.246200	0.253700	0.212500	0.187600	0.206500	0.225300	0.245600	0.222400	0.230100	0.195900	0.202400	0.127900	0.208400
593902.0	0.243800	0.265900	0.192900	0.241700	0.261200	0.264300	0.168400	0.170500	0.167400	0.233500	0.249300	0.210800	0.184700	0.205700	0.224200	0.249800	0.220700	0.222500	0.190500	0.208700	0.128300	0.201500
599066.3	0.235700	0.271000	0.194200	0.237300	0.254100	0.256300	0.165900	0.169200	0.163400	0.224700	0.249700	0.209000	0.184000	0.202900	0.224600	0.249800	0.221400	0.218200	0.186000	0.211900	0.127000	0.195200
604230.7	0.221600	0.280400	0.194200	0.235600	0.252200	0.253300	0.163100	0.165400	0.156100	0.213400	0.248900	0.210200	0.179000	0.195700	0.221300	0.246600	0.225100	0.215400	0.181000	0.220100	0.127800	0.185100
609395.1	0.212800	0.276600	0.189500	0.231400	0.247700	0.235900	0.169600	0.169700	0.162500	0.207900	0.249300	0.200700	0.180400	0.197200	0.220700	0.238000	0.203100	0.213000	0.181700	0.199500	0.135100	0.178000
614559.4	0.206000	0.262400	0.186700	0.231300	0.241300	0.224700	0.171500	0.168700	0.164200	0.201500	0.244000	0.189800	0.181300	0.198000	0.217200	0.234100	0.192200	0.209000	0.179500	0.187000	0.137300	0.175000
619723.8	0.203400	0.254100	0.190000	0.233700	0.245000	0.231100	0.170400	0.166600	0.160900	0.196000	0.245900	0.192400	0.179900	0.195200	0.217300	0.234900	0.201600	0.209500	0.177700	0.195100	0.137000	0.177100
624888.1	0.207000	0.258900	0.196300	0.252800	0.275400	0.249400	0.167500	0.167200	0.159500	0.202800	0.253400	0.196900	0.179500	0.199200	0.218300	0.243300	0.211600	0.225900	0.182000	0.199800	0.127600	0.168000
630052.5	0.211800	0.275100	0.198700	0.264900	0.313700	0.278700	0.167900	0.168400	0.158700	0.205100	0.255100	0.201600	0.180400	0.202200	0.218000	0.251200	0.222500	0.239400	0.183200	0.206800	0.129300	0.168500
635216.9	0.219800	0.279100	0.198700	0.267800	0.317300	0.292400	0.170200	0.174000	0.160900	0.212700	0.255600	0.202400	0.183400	0.204300	0.219800	0.249600	0.221700	0.256000	0.185100	0.206000	0.135000	0.167800
640381.2	0.219700	0.269400	0.199000	0.267300	0.317600	0.291800	0.168000	0.172300	0.158500	0.220000	0.253000	0.206700	0.182200	0.204100	0.219600	0.251900	0.223900	0.258100	0.186100	0.210000	0.132500	0.164800
645545.6	0.222600	0.262700	0.199200	0.265200	0.321400	0.289900	0.167700	0.172600	0.158500	0.225600	0.253600	0.205500	0.182100	0.204400	0.219900	0.249100	0.218800	0.263600	0.186900	0.207800	0.134600	0.161900
650710.0	0.228900	0.269000	0.198200	0.266000	0.322700	0.294700	0.170300	0.174400	0.159600	0.233200	0.253500	0.208200	0.184300	0.206300	0.221100	0.254300	0.218600	0.265900	0.186900	0.209900	0.133100	0.163100
655874.3	0.229400	0.271400	0.198400	0.263600	0.320900	0.295100	0.168900	0.174400	0.158800	0.233000	0.252900	0.210100	0.183400	0.205800	0.220300	0.254000	0.219700	0.264000	0.182200	0.208500	0.128200	0.160200
661038.7	0.229500	0.258800	0.197100	0.259000	0.315400	0.304300	0.170900	0.175500	0.159000	0.225900	0.253800	0.214600	0.183300	0.205400	0.221600	0.256500	0.221400	0.265400	0.179900	0.211800	0.127900	0.161500
666203.1	0.223500	0.247800	0.196400	0.257200	0.312000	0.310300	0.172500	0.178700	0.158900	0.221800	0.252900	0.213700	0.181900	0.204400	0.220800	0.251300	0.221200	0.267900	0.180000	0.211400	0.123900	0.160200
671367.4	0.217300	0.238500	0.196800	0.258000	0.305300	0.297300	0.174400	0.181000	0.157400	0.221100	0.250900	0.210700	0.182700	0.203100	0.220300	0.251400	0.216900	0.262700	0.180600	0.208600	0.123000	0.159800
676531.8	0.212300	0.234200	0.195900	0.250900	0.299300	0.291300	0.173800	0.177500	0.156400	0.218000	0.248600	0.214000	0.181400	0.200000	0.219300	0.250300	0.220600	0.258000	0.178200	0.213900	0.121500	0.161900
681696.2	0.209300	0.225200	0.195400	0.249000	0.287900	0.286500	0.175100	0.179100	0.158300	0.215400	0.245600	0.211000	0.181800	0.199500	0.219300	0.247900	0.215400	0.254400	0.181500	0.207700	0.121900	0.159500
686860.5	0.206000	0.216200	0.194700	0.247700	0.286800	0.286000	0.175900	0.179200	0.156000	0.211400	0.240800	0.211700	0.181400	0.198200	0.217500	0.248100	0.213900	0.252600	0.177100	0.208900	0.123000	0.162900
692024.9	0.204100	0.216000	0.192600	0.242900	0.283100	0.289000	0.174100	0.177700	0.152600	0.208700	0.240400	0.215400	0.179600	0.198500	0.217200	0.245500	0.216200	0.249300	0.173200	0.212900	0.118700	0.165100
697189.2	0.202700	0.211500	0.193000	0.248400	0.275500	0.267700	0.176600	0.181500	0.154200	0.209700	0.240200	0.211900	0.180400	0.197700	0.217000	0.240500	0.208300	0.245700	0.177900	0.203200	0.116200	0.162300
702353.6	0.200000	0.204900	0.190800	0.244300	0.268800	0.256800	0.176700	0.180400	0.154900	0.209100	0.236600	0.212200	0.179400	0.198400	0.214500	0.238500	0.207800	0.240700	0.173900	0.205200	0.118400	0.162000
707518.0	0.200400	0.202200	0.187600	0.237800	0.263600	0.246100	0.179500	0.180800	0.156200	0.210500	0.234400	0.211700	0.179500	0.198000	0.214700	0.238500	0.202000	0.239900	0.176200	0.199600	0.119300	0.163000
712682.3	0.200300	0.203000	0.191800	0.244000	0.262000	0.252600	0.175700	0.176600	0.151000	0.207700	0.235700	0.220000	0.178600	0.195900	0.216300	0.244900	0.213300	0.240000	0.175600	0.213300	0.116900	0.167300
717846.7	0.199700	0.200400	0.186800	0.235800	0.255200	0.237000	0.184500	0.180300	0.158600	0.211600	0.236600	0.210900	0.180800	0.198800	0.216300	0.232500	0.194900	0.231700	0.177400	0.193900	0.123500	0.164100
723011.1	0.197900	0.198100	0.186500	0.233400	0.248200	0.238000	0.180600	0.177600	0.157600	0.215500	0.234900	0.208400	0.180600	0.202400	0.216600	0.233600	0.195500	0.232500	0.173500	0.194600	0.118000	0.160800
728175.4	0.198200	0.197200	0.184900	0.230300	0.246800	0.237700	0.184400	0.180600	0.160100	0.215900	0.235100	0.209200	0.179300	0.200800	0.217200	0.233100	0.193200	0.224400	0.175000	0.192100	0.120800	0.157200
733339.8	0.199900	0.197300	0.187700	0.225000	0.245100	0.247400	0.178600	0.176000	0.151900	0.212800	0.234900	0.219200	0.178400	0.196500	0.218000	0.243700	0.210000	0.224300	0.171100	0.212600	0.115000	0.164100
738504.2	0.195500	0.192000	0.183200	0.215500	0.236600	0.233500	0.181700	0.177600	0.157200	0.208000	0.230000	0.210000	0.177500	0.195000	0.214600	0.231200	0.193300	0.216900	0.172800	0.194600	0.120500	0.157700
743668.5	0.196300	0.197600	0.188200	0.227100	0.239800	0.250900	0.174900	0.176500	0.153400	0.207800	0.237800	0.219000	0.176800	0.196800	0.217300	0.242100	0.212500	0.220900	0.167300	0.214200	0.113000	0.160000
748832.9	0.207900	0.199200	0.190600	0.242400	0.251500	0.316500	0.183700	0.186000	0.162800	0.221200	0.241000	0.223100	0.182000	0.206600	0.218400	0.266300	0.232600	0.231300	0.175500	0.214800	0.127200	0.161300
753997.2	0.337900	0.202300	0.199700	0.285100	0.279700	0.376100	0.179800	0.194100	0.168200	0.264300	0.249200	0.275800	0.192200	0.225900	0.230400	0.287900	0.265300	0.240300	0.181400	0.240500	0.123100	0.171400
759161.6	0.304700	0.206200	0.199800	0.269500	0.293600	0.372500	0.179100	0.212500	0.185400	0.269500	0.248000	0.315300	0.194800	0.224100	0.229100	0.292700	0.282000	0.251800	0.187100	0.336800	0.128800	0.230100
764326.0	0.307200	0.210900	0.199900	0.272400	0.283100	0.352700	0.185500	0.236200	0.244500	0.266700	0.248800	0.306200	0.198200	0.226600	0.229500	0.278200	0.264500	0.266800	0.209600	0.289600	0.146200	0.288800
769490.3	0.306100	0.224500	0.200300	0.265100	0.270900	0.347300	0.185400	0.240900	0.254800	0.262900	0.252800	0.313600	0.201300	0.228200	0.232500	0.274500	0.267300	0.261500	0.210400	0.284800	0.146500	0.243400
774654.7	0.305100	0.236200	0.204700	0.267600	0.268400	0.346800	0.179900	0.219800	0.241100	0.257600	0.254300	0.326100	0.199100	0.225700	0.234600	0.279900	0.278600	0.254600	0.197500	0.289400	0.134300	0.222700
779819.1	0.311600	0.244200	0.197600	0.259600	0.255500	0.317200	0.185400	0.213100	0.240200	0.250900	0.252900	0.302100	0.202500	0.224900	0.232500	0.267300	0.247700	0.240300	0.191800	0.247200	0.145900	0.202900
784983.4	0.300400	0.260700	0.201900	0.260100	0.250000	0.336200	0.183100	0.201700	0.230600	0.241400	0.255000	0.314500	0.197200	0.222800	0.233000	0.270800	0.261300	0.234300	0.185300	0.254700	0.135300	0.190300
790147.8	0.288200	0.258100	0.198300	0.252900	0.239200	0.318000	0.187800	0.199800	0.229800	0.236300	0.251100	0.303800	0.198000	0.220600	0.231500	0.261400	0.243600	0.225600	0.185900	0.231700	0.141600	0.181000
795312.2	0.282700	0.263100	0.197600	0.245300	0.234300	0.321200	0.184900	0.192300	0.222000	0.234000	0.250000	0.303800	0.195000	0.217400	0.231400	0.259700	0.249900	0.221900	0.183700	0.235300	0.131900	0.172900
800476.5	0.278100	0.275600	0.197700	0.245800	0.233500	0.313600	0.185800	0.189600	0.214900	0.235500	0.251200	0.298900	0.196600	0.216200	0.231600	0.258300	0.246100	0.219300	0.180100	0.230800	0.130700	0.168800
805640.9	0.276100	0.260600	0.194800	0.239100	0.231200	0.299700	0.189000	0.188600	0.209300	0.227700	0.248500	0.288200	0.195400	0.213100	0.230200	0.250000	0.236800	0.216000	0.178700	0.219100	0.134400	0.167200
810805.3	0.267000	0.251600	0.190200	0.234600	0.225500	0.290600	0.184900	0.184000	0.199200	0.222200	0.244700	0.284000	0.191600	0.208200	0.225900	0.244800	0.232100	0.211100	0.174800	0.215600	0.128800	0.161400
815969.6	0.263900	0.255700	0.195500	0.247900	0.231200	0.290900	0.184700	0.183300	0.195600	0.228000	0.245100	0.283800	0.194100	0.211600	0.227000	0.249500	0.235200	0.213000	0.171600	0.220100	0.124600	0.161600
821134.0	0.255000	0.251100	0.194000	0.240000	0.230000	0.287700	0.181700	0.181000	0.187700	0.220800	0.244100	0.280000	0.191900	0.207600	0.226600	0.244800	0.236700	0.213400	0.172000	0.222000	0.122300	0.160000
826298.3	0.248800	0.242900	0.191700	0.236100	0.224300	0.272600	0.188200	0.182200	0.191200	0.218500	0.239300	0.268400	0.191700	0.205500	0.223400	0.241900	0.223000	0.209800	0.174700	0.209600	0.128300	0.159700
831462.7	0.243600	0.241200	0.190600	0.236400	0.222600	0.270500	0.187000	0.181400	0.185700	0.214700	0.238400	0.263800	0.191300	0.205300	0.223800	0.245600	0.219600	0.210700	0.177900	0.206500	0.130700	0.158200
836627.1	0.241200	0.247500	0.194800	0.242900	0.230000	0.284500	0.188200	0.183500	0.186400	0.215100	0.239400	0.255600	0.195100	0.210600	0.224200	0.250600	0.221700	0.218300	0.181900	0.206800	0.134900	0.161000
841791.4	0.238200	0.244800	0.194200	0.233600	0.236200	0.294800	0.183600	0.183600	0.181700	0.214400	0.240700	0.253700	0.192200	0.207200	0.223500	0.247500	0.225200	0.216200	0.187900	0.210900	0.135600	0.159700
846955.8	0.234100	0.241700	0.192600	0.227700	0.232500	0.282000	0.180000	0.180800	0.178000	0.213000	0.239300	0.251800	0.192900	0.203900	0.223200	0.243900	0.222500	0.208200	0.184100	0.211100	0.132600	0.159200
852120.2	0.227400	0.240800	0.192800	0.222400	0.228700	0.268900	0.182500	0.179600	0.178200	0.210300	0.237700	0.248800	0.191300	0.202400	0.222100	0.237100	0.219600	0.204600	0.187700	0.211800	0.131500	0.158700
857284.5	0.221400	0.230200	0.186300	0.212600	0.220100	0.237800	0.190200	0.180300	0.181300	0.205700	0.233200	0.231600	0.192700	0.201600	0.221400	0.227800	0.197500	0.197000	0.185700	0.191800	0.142400	0.158900
862448.9	0.217800	0.231000	0.190000	0.211000	0.217300	0.240900	0.183600	0.175900	0.171800	0.202400	0.234700	0.232500	0.191600	0.199000	0.222900	0.229500	0.205800	0.199200	0.181500	0.204900	0.128000	0.159900
867613.3	0.212500	0.229300	0.187300	0.206300	0.214600	0.228500	0.186200	0.177700	0.172300	0.203000	0.233900	0.225500	0.189500	0.198800	0.222700	0.220200	0.198800	0.198600	0.182700	0.197300	0.128700	0.156200
872777.6	0.210500	0.225200	0.183700	0.201200	0.209900	0.214800	0.192000	0.176800	0.172100	0.201900	0.232600	0.219500	0.193000	0.198600	0.223100	0.216100	0.189400	0.197300	0.182900	0.189700	0.135700	0.158100
877942.0	0.208800	0.223900	0.186000	0.204500	0.210100	0.215300	0.188300	0.175200	0.170200	0.202700	0.232200	0.222500	0.191400	0.198800	0.224300	0.215100	0.191900	0.199000	0.180900	0.193200	0.128500	0.159100
883106.4	0.207000	0.221700	0.188400	0.205500	0.208200	0.215000	0.189500	0.173600	0.166000	0.202300	0.232200	0.223000	0.190600	0.199200	0.225000	0.213200	0.193200	0.199000	0.179400	0.197500	0.127700	0.160500
888270.7	0.206100	0.217700	0.187000	0.201900	0.205300	0.213100	0.188800	0.172900	0.164900	0.199400	0.230000	0.220600	0.190200	0.197900	0.223600	0.210000	0.192500	0.197200	0.177500	0.197900	0.125100	0.161200
893435.1	0.203700	0.213600	0.183500	0.196900	0.203800	0.202900	0.192700	0.174500	0.168900	0.198200	0.226900	0.211200	0.191700	0.197900	0.224000	0.203500	0.178600	0.194200	0.180000	0.183100	0.129700	0.156500
898599.5	0.203800	0.217500	0.188800	0.201500	0.206000	0.214700	0.186700	0.171300	0.162700	0.197100	0.228500	0.222500	0.189200	0.197100	0.225400	0.209400	0.193400	0.196700	0.177800	0.199400	0.121400	0.160100
903763.8	0.201200	0.214700	0.187600	0.199400	0.203900	0.205100	0.191400	0.173000	0.166900	0.193500	0.226700	0.215600	0.190400	0.196000	0.223400	0.203000	0.181100	0.193600	0.181500	0.186800	0.128300	0.156600
908928.2	0.202200	0.213900	0.191500	0.202700	0.203900	0.207300	0.191900	0.170800	0.165100	0.192500	0.226200	0.218400	0.189300	0.196100	0.224300	0.206200	0.185300	0.194700	0.182800	0.191500	0.129500	0.159600
914092.5	0.202900	0.209100	0.191000	0.200100	0.203500	0.202800	0.194800	0.170500	0.166300	0.189900	0.222400	0.214700	0.189900	0.195600	0.223300	0.205500	0.182300	0.193100	0.185400	0.188000	0.136300	0.159500
919256.9	0.201000	0.212800	0.192300	0.203100	0.207300	0.210400	0.186500	0.168000	0.164600	0.192500	0.226300	0.219700	0.186900	0.196300	0.225500	0.207200	0.189900	0.197500	0.182800	0.197900	0.122200	0.158100
924421.3	0.200800	0.216300	0.192300	0.204400	0.209500	0.216100	0.185000	0.165800	0.159400	0.191600	0.227900	0.226500	0.184700	0.195400	0.226800	0.211000	0.196800	0.199600	0.179000	0.205900	0.118100	0.157800
929585.6	0.201300	0.213800	0.187900	0.197600	0.208200	0.201300	0.193600	0.169400	0.169600	0.190700	0.223900	0.211900	0.189400	0.198600	0.226600	0.203200	0.178800	0.194100	0.184100	0.184900	0.133100	0.155600
934750.0	0.199300	0.214800	0.187700	0.196300	0.208500	0.202800	0.191200	0.168300	0.168500	0.190700	0.223500	0.211500	0.189500	0.204300	0.230600	0.203700	0.179700	0.195700	0.183700	0.186400	0.132100	0.155100
939914.4	0.202000	0.217300	0.190000	0.201400	0.208200	0.204900	0.186900	0.168600	0.167200	0.190600	0.225200	0.213100	0.189800	0.201200	0.235800	0.207200	0.184200	0.198100	0.181300	0.191600	0.125300	0.156400
945078.7	0.202600	0.221700	0.191800	0.203200	0.207000	0.205300	0.191100	0.170100	0.168200	0.191700	0.231600	0.211900	0.191000	0.202800	0.235600	0.207500	0.183900	0.200400	0.185300	0.189800	0.129300	0.158500
950243.1	0.199500	0.226300	0.195500	0.207800	0.207700	0.213300	0.183700	0.167100	0.163100	0.188700	0.232400	0.218000	0.187800	0.199800	0.232400	0.209900	0.193000	0.200200	0.182200	0.200100	0.125100	0.157500
955407.5	0.200900	0.238500	0.195300	0.209900	0.208300	0.210300	0.183800	0.167600	0.164900	0.193500	0.230300	0.213000	0.192400	0.206900	0.232200	0.212100	0.190100	0.200500	0.187400	0.192700	0.128000	0.156200
960571.8	0.203000	0.248300	0.192400	0.207700	0.210300	0.214000	0.181900	0.167500	0.168500	0.191200	0.231600	0.212800	0.194400	0.209000	0.243300	0.215600	0.193700	0.199200	0.188900	0.197900	0.128500	0.158800
965736.2	0.200200	0.244000	0.184500	0.200200	0.207400	0.198700	0.191300	0.170100	0.174900	0.188700	0.226100	0.200300	0.193300	0.203700	0.240200	0.204300	0.174600	0.192000	0.191900	0.177500	0.144900	0.155600
970900.5	0.198800	0.242900	0.189000	0.203400	0.204600	0.215200	0.180900	0.161400	0.161700	0.183500	0.225600	0.212100	0.186900	0.195300	0.238600	0.213200	0.195500	0.193900	0.182500	0.204800	0.134200	0.161700
976064.9	0.198000	0.240800	0.183300	0.200500	0.198400	0.203000	0.184900	0.165800	0.168100	0.186200	0.224400	0.200700	0.187500	0.195500	0.236000	0.205300	0.179200	0.189200	0.185000	0.187400	0.133800	0.157800
981229.3	0.195800	0.245800	0.186800	0.202500	0.196500	0.205900	0.183200	0.163600	0.165900	0.187800	0.223900	0.203800	0.184900	0.193100	0.233400	0.209300	0.180700	0.189000	0.181900	0.188200	0.137600	0.159000
986393.6	0.196200	0.247400	0.188300	0.205400	0.195200	0.209900	0.183900	0.164600	0.166200	0.191200	0.223800	0.204500	0.185600	0.193900	0.235200	0.236100	0.183300	0.189900	0.185000	0.190500	0.142700	0.162700
991558.0	0.197000	0.238900	0.185800	0.204600	0.192100	0.204400	0.188300	0.167500	0.173100	0.196100	0.221400	0.195600	0.190200	0.196400	0.234500	0.251000	0.171500	0.189800	0.190100	0.178300	0.152100	0.168300
996722.4	0.196700	0.234800	0.194700	0.217000	0.196900	0.227900	0.177200	0.162600	0.163900	0.195300	0.224500	0.208900	0.185200	0.194100	0.235600	0.276800	0.197600	0.200200	0.184700	0.206600	0.128900	0.183900
1001886.7	0.197800	0.228100	0.200400	0.235000	0.196000	0.231400	0.181100	0.166400	0.168800	0.202500	0.223600	0.206200	0.185500	0.195200	0.235100	0.276600	0.192000	0.221600	0.188200	0.203900	0.132200	0.218000
1007051.1	0.197600	0.224500	0.198200	0.232600	0.196200	0.255100	0.178900	0.165000	0.166500	0.211400	0.223700	0.208900	0.185400	0.196500	0.233800	0.271300	0.193600	0.217400	0.188300	0.207000	0.126800	0.290600
1012215.5	0.198900	0.221100	0.201000	0.229000	0.195400	0.257600	0.179500	0.165800	0.166000	0.224700	0.223200	0.207800	0.186800	0.200400	0.233900	0.263100	0.192500	0.215600	0.188600	0.210900	0.126500	0.249200
1017379.8	0.197900	0.221600	0.195100	0.223200	0.196900	0.258800	0.175900	0.165900	0.163900	0.229300	0.225700	0.212500	0.185000	0.206800	0.235600	0.270400	0.196700	0.216700	0.188800	0.225600	0.114200	0.225100
1022544.2	0.198600	0.218800	0.194800	0.220700	0.197700	0.249200	0.177600	0.163200	0.164100	0.233300	0.226700	0.212700	0.184300	0.201000	0.238400	0.264000	0.196600	0.208000	0.189000	0.230900	0.115000	0.217600
