VERSION	1200
Time[MSec.]	Ratio	Ratio	Ratio	Ratio	Ratio	Ratio	Ratio	Ratio	Ratio	Ratio	Ratio	Ratio	Ratio	Ratio	Ratio	Ratio	Ratio	Ratio	Ratio	Ratio	Ratio	Ratio	Ratio	Ratio	Ratio	Ratio
%.1f	%.4f	%.4f	%.4f	%.4f	%.4f	%.4f	%.4f	%.4f	%.4f	%.4f	%.4f	%.4f	%.4f	%.4f	%.4f	%.4f	%.4f	%.4f	%.4f	%.4f	%.4f	%.4f	%.4f	%.4f	%.4f	%.4f
Time	ROI(1-1)	ROI(1-2)	ROI(1-3)	ROI(1-4)	ROI(1-5)	ROI(1-6)	ROI(1-7)	ROI(1-8)	ROI(1-9)	ROI(1-10)	ROI(1-11)	ROI(1-12)	ROI(1-13)	ROI(1-14)	ROI(1-15)	ROI(1-16)	ROI(1-17)	ROI(1-18)	ROI(1-19)	ROI(1-20)	ROI(1-21)	ROI(1-22)	ROI(1-23)	ROI(1-24)	ROI(1-25)	ROI(1-26)
GraphNo	1	2	3	4	5	6	7	8	9	10	11	12	13	14	15	16	17	18	19	20	21	22	23	24	25	26
0.0	0.189200	0.159000	0.142400	0.133500	0.182500	0.176200	0.157200	0.130500	0.171900	0.150000	0.120200	0.169300	0.150300	0.184300	0.141200	0.143900	0.166800	0.196300	0.218800	0.151200	0.169000	0.165200	0.146000	0.168700	0.163900	0.169900
4957.8	0.192900	0.160200	0.142900	0.132100	0.184800	0.175000	0.157800	0.135200	0.172800	0.149400	0.120100	0.177000	0.152800	0.182600	0.146500	0.144000	0.166200	0.187900	0.207000	0.149800	0.168700	0.163900	0.145400	0.169800	0.159700	0.165700
9915.6	0.189100	0.159300	0.143500	0.133600	0.186400	0.168300	0.155000	0.132800	0.172300	0.148400	0.120300	0.172300	0.150000	0.178000	0.142700	0.144600	0.166600	0.182200	0.204100	0.148900	0.168400	0.163500	0.147400	0.171000	0.159900	0.168300
14873.4	0.186200	0.158900	0.145100	0.132200	0.187300	0.167500	0.157300	0.136300	0.179100	0.147000	0.120700	0.173500	0.150500	0.174300	0.144800	0.145900	0.165800	0.179300	0.207600	0.151000	0.170300	0.164000	0.147400	0.170600	0.156100	0.156100
19831.2	0.188700	0.160000	0.144300	0.135400	0.182200	0.159600	0.155800	0.132900	0.172400	0.148000	0.118500	0.170000	0.149100	0.169500	0.132700	0.144000	0.164100	0.180300	0.211100	0.148300	0.169000	0.165800	0.151900	0.166900	0.161200	0.158900
24789.0	0.188400	0.160000	0.142800	0.136200	0.183000	0.162200	0.156600	0.136800	0.178500	0.151300	0.119800	0.173600	0.148100	0.167900	0.136200	0.144800	0.163200	0.188200	0.210900	0.148100	0.172500	0.168300	0.153000	0.166500	0.158300	0.155400
29746.7	0.189000	0.158600	0.145400	0.138800	0.186400	0.160600	0.160400	0.135300	0.178000	0.152400	0.120300	0.172900	0.148700	0.167300	0.127600	0.142300	0.163900	0.192300	0.211600	0.148000	0.171600	0.169500	0.154000	0.166300	0.160900	0.163000
34704.5	0.189200	0.155400	0.146100	0.141700	0.185300	0.160600	0.161100	0.139500	0.177900	0.151000	0.120200	0.172500	0.149500	0.167000	0.127900	0.144100	0.165400	0.189800	0.208300	0.148200	0.171300	0.168400	0.151900	0.168100	0.158300	0.158100
39662.3	0.191500	0.157800	0.146600	0.145600	0.184100	0.159100	0.162800	0.139600	0.177800	0.153000	0.120200	0.169300	0.149400	0.166700	0.122900	0.144500	0.163600	0.189800	0.211300	0.147700	0.170300	0.168200	0.151100	0.166200	0.164500	0.164600
44620.1	0.194300	0.159200	0.146400	0.143300	0.185200	0.160500	0.161500	0.137700	0.176700	0.153800	0.121000	0.164900	0.148600	0.165100	0.118900	0.144200	0.165500	0.185800	0.215300	0.147000	0.170000	0.167200	0.150600	0.167600	0.164500	0.166700
49577.9	0.194500	0.163300	0.147200	0.143100	0.183000	0.160200	0.161500	0.134300	0.172700	0.156400	0.119500	0.164700	0.147800	0.165600	0.114900	0.145700	0.167100	0.185600	0.231100	0.147700	0.170600	0.168800	0.150900	0.167500	0.167100	0.170900
54535.7	0.199700	0.164400	0.148500	0.142500	0.186200	0.169100	0.162700	0.138800	0.179600	0.155000	0.120400	0.169300	0.148400	0.165200	0.114600	0.146800	0.167600	0.185300	0.235900	0.147900	0.170500	0.169600	0.149900	0.168600	0.166800	0.166600
59493.5	0.200100	0.168700	0.148500	0.145800	0.183800	0.169400	0.164900	0.139600	0.179100	0.156600	0.121000	0.166400	0.149000	0.165800	0.115400	0.146500	0.168300	0.189700	0.235200	0.147700	0.171700	0.169900	0.150600	0.169700	0.167400	0.172900
64451.3	0.195700	0.167100	0.146300	0.145900	0.187500	0.171200	0.166500	0.140500	0.182100	0.154700	0.121900	0.165100	0.149600	0.165700	0.121100	0.146400	0.165600	0.193500	0.221000	0.145600	0.170500	0.170300	0.150400	0.167000	0.165900	0.169300
69409.1	0.196400	0.167100	0.148300	0.149800	0.190000	0.170700	0.171000	0.143500	0.180200	0.159400	0.122200	0.167900	0.150700	0.165500	0.135200	0.148600	0.167500	0.211600	0.223000	0.145800	0.171100	0.171500	0.150900	0.169000	0.165400	0.166500
74366.9	0.190700	0.161500	0.147200	0.147800	0.193300	0.171300	0.168000	0.145900	0.177600	0.154000	0.122500	0.166600	0.150000	0.163900	0.143800	0.147500	0.166100	0.203400	0.218900	0.145600	0.171200	0.170200	0.151500	0.169000	0.163900	0.161800
79324.7	0.187100	0.161100	0.146600	0.144600	0.192800	0.170300	0.164700	0.146800	0.177300	0.149100	0.122100	0.165800	0.149900	0.163400	0.145500	0.149000	0.168200	0.198400	0.218600	0.147300	0.171100	0.169000	0.151100	0.170500	0.163100	0.157200
84282.4	0.181900	0.160800	0.145800	0.141200	0.189000	0.167800	0.163100	0.145600	0.174100	0.148600	0.122600	0.166600	0.148900	0.164300	0.135800	0.148300	0.168600	0.196300	0.220800	0.146000	0.170600	0.168300	0.151100	0.170000	0.162900	0.158400
89240.2	0.174200	0.154600	0.143100	0.138300	0.174600	0.164800	0.155300	0.142500	0.159900	0.142500	0.121300	0.163100	0.143800	0.155300	0.130200	0.143400	0.164100	0.186800	0.211000	0.144000	0.161500	0.162000	0.149100	0.165400	0.161100	0.154300
94198.0	0.164000	0.143000	0.139000	0.134000	0.158200	0.156900	0.142800	0.133600	0.152600	0.133200	0.118700	0.165800	0.135100	0.144100	0.123800	0.135600	0.155900	0.179000	0.207400	0.139900	0.149800	0.151300	0.146000	0.156600	0.156700	0.149500
99155.8	0.158000	0.137600	0.136000	0.132300	0.145200	0.152200	0.135900	0.127100	0.147700	0.128800	0.118300	0.166300	0.129800	0.135100	0.124300	0.130600	0.150900	0.173200	0.205800	0.138300	0.142600	0.143000	0.144100	0.151700	0.155400	0.154200
104113.6	0.150100	0.130000	0.134400	0.129000	0.137500	0.150200	0.131500	0.123800	0.140600	0.126800	0.117200	0.161800	0.125400	0.129100	0.121300	0.127800	0.149100	0.173300	0.202200	0.137000	0.138100	0.137800	0.143400	0.149300	0.151900	0.150600
109071.4	0.146200	0.127500	0.132800	0.129000	0.129900	0.144800	0.127000	0.118300	0.133200	0.126000	0.115400	0.158500	0.123200	0.125700	0.116600	0.125700	0.146000	0.169500	0.199800	0.134600	0.133700	0.132300	0.141900	0.146500	0.149200	0.153500
114029.2	0.141900	0.122400	0.130800	0.126400	0.127500	0.146800	0.123800	0.117800	0.127900	0.123700	0.116400	0.158900	0.120800	0.121600	0.118400	0.125200	0.143200	0.164700	0.193300	0.133400	0.130200	0.131000	0.140200	0.145800	0.141600	0.147200
118987.0	0.140400	0.121100	0.130600	0.124400	0.124400	0.150300	0.121500	0.118100	0.126700	0.122900	0.116600	0.155300	0.119500	0.119300	0.123500	0.126100	0.143600	0.160300	0.188900	0.133500	0.129000	0.127100	0.138200	0.145600	0.136800	0.148100
123944.8	0.137300	0.119100	0.129600	0.125400	0.122200	0.144800	0.119000	0.114400	0.122200	0.123400	0.115200	0.145600	0.118000	0.119100	0.116500	0.125300	0.142600	0.160500	0.185500	0.132400	0.128800	0.126600	0.138800	0.144800	0.136200	0.147500
128902.6	0.138500	0.121100	0.129000	0.126900	0.115600	0.137100	0.116300	0.107400	0.118400	0.124400	0.113600	0.133800	0.116300	0.117600	0.107000	0.118900	0.137100	0.162200	0.178000	0.124200	0.126300	0.126100	0.138000	0.138600	0.140800	0.154400
133860.4	0.137600	0.121100	0.128700	0.127100	0.116400	0.137500	0.115500	0.107200	0.117900	0.123100	0.113500	0.131200	0.115200	0.115100	0.110500	0.122200	0.139800	0.160400	0.179100	0.130100	0.126400	0.125200	0.138400	0.140100	0.137700	0.150000
138818.1	0.135600	0.119700	0.128400	0.125200	0.116700	0.138800	0.116300	0.108700	0.118700	0.123300	0.113900	0.129000	0.115400	0.115600	0.111100	0.122700	0.139400	0.158100	0.172600	0.130200	0.126100	0.124300	0.137000	0.140500	0.134800	0.149700
143775.9	0.134700	0.119200	0.127500	0.125700	0.114400	0.136800	0.114800	0.107700	0.117500	0.122300	0.113800	0.125800	0.114200	0.114100	0.111400	0.121900	0.139800	0.157900	0.168400	0.129700	0.124600	0.124100	0.138000	0.140900	0.134900	0.154600
148733.7	0.135100	0.119100	0.128200	0.126800	0.116800	0.134900	0.115900	0.106700	0.118800	0.124100	0.115000	0.125600	0.114200	0.115000	0.112500	0.121700	0.140100	0.159500	0.168800	0.129700	0.125700	0.124700	0.137600	0.141300	0.135400	0.150400
153691.5	0.137600	0.120300	0.128800	0.126400	0.117100	0.137000	0.116200	0.109300	0.120200	0.125500	0.117100	0.128400	0.114800	0.114900	0.120300	0.123500	0.140900	0.162200	0.169100	0.130900	0.126100	0.125500	0.138500	0.141800	0.135500	0.147500
158649.3	0.140500	0.122000	0.130100	0.130200	0.119400	0.144300	0.117400	0.110100	0.123800	0.128500	0.118900	0.132800	0.114800	0.114500	0.157100	0.125400	0.141900	0.170200	0.174800	0.132700	0.128600	0.128300	0.139200	0.143300	0.137900	0.155800
163607.1	0.143900	0.122300	0.131800	0.129800	0.121700	0.157300	0.120300	0.114500	0.128300	0.133800	0.122200	0.138500	0.116000	0.115200	0.160000	0.127300	0.143000	0.178300	0.179800	0.134100	0.130200	0.129000	0.140000	0.144600	0.139300	0.152000
168564.9	0.150200	0.123700	0.132300	0.132500	0.121500	0.163200	0.122100	0.114800	0.129600	0.138400	0.124300	0.141000	0.115900	0.114600	0.152200	0.126800	0.144300	0.191000	0.198100	0.133200	0.130300	0.129800	0.141500	0.144800	0.146200	0.161600
173522.7	0.157400	0.126800	0.134100	0.135500	0.120600	0.169000	0.122900	0.113900	0.130000	0.143500	0.126500	0.143600	0.115800	0.114600	0.145900	0.127000	0.146100	0.202100	0.209100	0.135200	0.132500	0.131700	0.142600	0.144300	0.149700	0.170900
178480.5	0.159000	0.126200	0.134200	0.134500	0.121800	0.183800	0.123900	0.114200	0.131300	0.145900	0.129900	0.146300	0.116800	0.115500	0.144600	0.127300	0.146200	0.204500	0.207200	0.135200	0.132400	0.131900	0.142600	0.145700	0.145900	0.179200
183438.3	0.159600	0.128200	0.134200	0.134200	0.122900	0.186500	0.123500	0.114300	0.130400	0.149200	0.131400	0.146200	0.115500	0.115000	0.141100	0.126200	0.146700	0.203300	0.204500	0.134100	0.132000	0.131800	0.142500	0.144400	0.146500	0.184900
188396.0	0.156600	0.125200	0.134200	0.134300	0.122300	0.187900	0.123200	0.115300	0.128700	0.149400	0.133600	0.145700	0.115100	0.113600	0.138700	0.126500	0.145800	0.203000	0.198500	0.134000	0.131900	0.131700	0.141400	0.145000	0.143900	0.178500
193353.8	0.155200	0.126600	0.133400	0.134700	0.121100	0.183400	0.122700	0.115000	0.127500	0.148800	0.134600	0.144600	0.116100	0.113800	0.136200	0.125800	0.145400	0.202500	0.194700	0.133600	0.130700	0.130600	0.142200	0.144500	0.145300	0.178600
198311.6	0.154600	0.126400	0.133700	0.135900	0.118700	0.177600	0.122000	0.111600	0.125200	0.148800	0.135800	0.140400	0.115200	0.113300	0.129900	0.123700	0.145500	0.201500	0.192300	0.132700	0.130300	0.130400	0.142700	0.143500	0.145300	0.180400
203269.4	0.151800	0.124300	0.132600	0.133100	0.120900	0.176400	0.121100	0.112800	0.126600	0.146800	0.137700	0.140000	0.115600	0.114300	0.131100	0.125200	0.146400	0.197100	0.185600	0.132600	0.129500	0.129100	0.141200	0.144600	0.143600	0.175500
208227.2	0.150900	0.125800	0.132700	0.132700	0.119100	0.171300	0.120500	0.111600	0.124400	0.145400	0.138300	0.137800	0.114100	0.113200	0.126700	0.124500	0.145800	0.193000	0.182900	0.132800	0.129300	0.128200	0.140700	0.143600	0.141500	0.172500
213185.0	0.146800	0.122000	0.130700	0.129300	0.119900	0.170200	0.119800	0.113200	0.125000	0.141200	0.138100	0.138100	0.113300	0.112200	0.130000	0.124000	0.145800	0.185100	0.175800	0.131300	0.127600	0.126500	0.138900	0.145200	0.136700	0.159900
218142.8	0.144700	0.121300	0.129400	0.128200	0.117500	0.162000	0.118400	0.110800	0.122000	0.140100	0.136500	0.133800	0.111400	0.110300	0.125600	0.122700	0.146000	0.184200	0.175400	0.130500	0.128300	0.127000	0.139800	0.144700	0.138200	0.159900
223100.6	0.144500	0.122200	0.129400	0.128500	0.116400	0.157100	0.117400	0.110000	0.121700	0.139400	0.137000	0.132800	0.111000	0.111000	0.123700	0.122500	0.145900	0.182600	0.174200	0.130000	0.127800	0.126600	0.140600	0.144600	0.138300	0.163500
228058.4	0.144000	0.121300	0.130300	0.128200	0.118200	0.161400	0.118800	0.109500	0.122200	0.137700	0.138600	0.133200	0.112000	0.111100	0.125200	0.123400	0.143200	0.180400	0.171300	0.130300	0.126900	0.125300	0.138000	0.142400	0.137700	0.160300
233016.2	0.143900	0.123000	0.130400	0.129200	0.115600	0.155500	0.117300	0.109400	0.121400	0.138000	0.138100	0.130600	0.112100	0.111400	0.121400	0.122100	0.144800	0.179000	0.170800	0.130100	0.126300	0.125400	0.138300	0.141900	0.139200	0.162700
237973.9	0.141300	0.120200	0.128700	0.127400	0.117500	0.156200	0.117400	0.109400	0.121800	0.135300	0.139300	0.130900	0.111000	0.110500	0.121400	0.122400	0.143400	0.174500	0.167800	0.130400	0.126700	0.124500	0.137500	0.142400	0.135600	0.154000
242931.7	0.141100	0.121300	0.128700	0.128300	0.115800	0.146600	0.117000	0.108300	0.119200	0.135800	0.139400	0.127200	0.111100	0.110300	0.118200	0.122600	0.144000	0.176100	0.168200	0.129900	0.126000	0.125100	0.138400	0.142200	0.138800	0.158900
247889.5	0.139900	0.121100	0.129200	0.126800	0.114900	0.145000	0.116500	0.105400	0.118300	0.135400	0.137000	0.124000	0.110500	0.109500	0.113000	0.121500	0.143100	0.174000	0.167500	0.128900	0.125500	0.124900	0.138100	0.140400	0.138900	0.157700
252847.3	0.137900	0.118900	0.128400	0.122800	0.115600	0.150800	0.116800	0.108800	0.120700	0.132100	0.138000	0.126200	0.109700	0.109500	0.119200	0.122000	0.142800	0.168300	0.161600	0.128900	0.125400	0.123000	0.135400	0.141600	0.133400	0.150300
257805.1	0.137400	0.118600	0.127700	0.123800	0.116700	0.148200	0.116900	0.106400	0.119100	0.132000	0.137700	0.123900	0.110200	0.108700	0.114500	0.121200	0.141900	0.168800	0.161100	0.127000	0.124100	0.122500	0.135400	0.139200	0.135000	0.154000
262762.9	0.138000	0.120200	0.128100	0.125000	0.115000	0.148200	0.116500	0.106900	0.118700	0.131500	0.136200	0.123700	0.109600	0.108400	0.116700	0.121000	0.141200	0.167600	0.159600	0.127700	0.123800	0.121500	0.135300	0.138400	0.136500	0.155000
267720.7	0.137800	0.120400	0.127800	0.125900	0.113400	0.142100	0.116200	0.105900	0.118100	0.132500	0.136000	0.122600	0.110600	0.109700	0.112000	0.120600	0.142500	0.166900	0.160100	0.127600	0.124200	0.121500	0.136200	0.139700	0.136600	0.154600
272678.5	0.136800	0.121400	0.128000	0.125600	0.113700	0.141000	0.114900	0.105800	0.117500	0.130800	0.134300	0.121300	0.110000	0.109200	0.111800	0.120400	0.141800	0.164900	0.159000	0.127800	0.123400	0.122400	0.135100	0.138800	0.136900	0.155000
277636.3	0.135900	0.119600	0.127900	0.124200	0.114900	0.139800	0.114400	0.107200	0.118400	0.129700	0.134200	0.121900	0.110300	0.108700	0.112500	0.120700	0.143100	0.162800	0.157400	0.128000	0.123700	0.120900	0.133600	0.139300	0.134600	0.153900
282594.1	0.136000	0.119300	0.127200	0.125800	0.113300	0.138400	0.114800	0.105300	0.116600	0.130200	0.133100	0.119200	0.110000	0.108000	0.111900	0.120300	0.142500	0.162600	0.157100	0.128200	0.123100	0.121200	0.134600	0.138600	0.136800	0.151100
287551.8	0.134600	0.119800	0.127500	0.123400	0.113100	0.136300	0.114800	0.105300	0.116600	0.129200	0.132800	0.119100	0.110200	0.110100	0.108800	0.120200	0.143400	0.160500	0.155900	0.127700	0.122800	0.120600	0.134300	0.139100	0.135100	0.148800
292509.6	0.133900	0.118000	0.127500	0.124500	0.114400	0.137900	0.114400	0.105900	0.117800	0.129100	0.133100	0.119000	0.110500	0.110500	0.110300	0.121200	0.144600	0.159600	0.155200	0.128600	0.123900	0.122000	0.134400	0.140200	0.134300	0.151100
297467.4	0.134400	0.119400	0.126800	0.124200	0.114200	0.135200	0.113900	0.105800	0.116900	0.128800	0.131100	0.118300	0.109200	0.109000	0.110000	0.120400	0.142900	0.159700	0.154000	0.127900	0.122500	0.120500	0.133700	0.139300	0.135600	0.150700
302425.2	0.133700	0.118900	0.126200	0.123800	0.113800	0.134200	0.113900	0.105600	0.117400	0.128900	0.131300	0.118200	0.109500	0.109400	0.108800	0.120300	0.143100	0.156700	0.153300	0.126800	0.123600	0.120100	0.134300	0.138900	0.134900	0.150600
307383.0	0.132700	0.118900	0.125600	0.122800	0.112400	0.132300	0.113400	0.104800	0.116700	0.127300	0.129900	0.116900	0.109400	0.108100	0.109400	0.120200	0.144200	0.156400	0.151900	0.127900	0.122300	0.118700	0.133300	0.139500	0.133400	0.151300
312340.8	0.131500	0.116400	0.125100	0.121500	0.111400	0.130700	0.112000	0.103900	0.115600	0.127400	0.129500	0.116000	0.108100	0.106900	0.108000	0.119300	0.144800	0.153600	0.153000	0.126300	0.123700	0.120500	0.135000	0.141900	0.132300	0.145300
317298.6	0.131000	0.116100	0.123800	0.119100	0.109700	0.127000	0.111400	0.100900	0.113300	0.126400	0.127600	0.112100	0.106300	0.106100	0.102700	0.117900	0.143600	0.153400	0.153100	0.125200	0.123200	0.119500	0.134600	0.140000	0.133000	0.144900
322256.4	0.130900	0.116000	0.124500	0.119300	0.110800	0.128100	0.111600	0.099700	0.112900	0.125400	0.128300	0.112100	0.105800	0.106100	0.102800	0.117300	0.143300	0.151800	0.152400	0.124200	0.121900	0.118900	0.133200	0.140000	0.131400	0.141600
327214.2	0.131400	0.116500	0.124800	0.121100	0.111200	0.129200	0.112200	0.102900	0.114400	0.126800	0.127800	0.113500	0.107600	0.106700	0.105100	0.118300	0.144900	0.151800	0.152600	0.125600	0.123200	0.120100	0.133700	0.141800	0.132000	0.145600
332172.0	0.132300	0.118600	0.125500	0.123000	0.110300	0.128800	0.111600	0.103600	0.114500	0.127400	0.128900	0.114400	0.108000	0.107000	0.104800	0.117900	0.144200	0.152800	0.151900	0.126000	0.122300	0.119400	0.133500	0.139500	0.134000	0.147200
337129.7	0.132700	0.118300	0.125500	0.122800	0.112700	0.128900	0.112900	0.102200	0.114400	0.127200	0.129800	0.113200	0.108100	0.108200	0.102500	0.118800	0.143500	0.153800	0.153300	0.126600	0.122400	0.119600	0.133800	0.138700	0.135400	0.149800
342087.5	0.132200	0.117000	0.125900	0.121000	0.116300	0.133300	0.113400	0.105500	0.117600	0.126300	0.130500	0.117400	0.109600	0.108800	0.108800	0.119800	0.146100	0.150700	0.150100	0.127400	0.124200	0.119800	0.133200	0.142300	0.130700	0.143700
347045.3	0.132200	0.118300	0.125400	0.121700	0.111900	0.130400	0.112200	0.104000	0.115100	0.125700	0.129800	0.115300	0.107700	0.107300	0.106600	0.118900	0.144200	0.151400	0.151300	0.126400	0.123300	0.118500	0.133400	0.139400	0.133200	0.152500
352003.1	0.130900	0.116700	0.125000	0.120700	0.112400	0.129100	0.112500	0.103100	0.115600	0.126000	0.129100	0.114600	0.108800	0.108400	0.104300	0.118700	0.144500	0.150600	0.151500	0.126300	0.123200	0.118500	0.133900	0.140000	0.132200	0.143200
356960.9	0.130000	0.116600	0.125000	0.118900	0.113400	0.134400	0.112500	0.105600	0.116800	0.124500	0.129300	0.115600	0.108400	0.107600	0.107900	0.119800	0.144600	0.148400	0.150100	0.126300	0.122900	0.118700	0.132600	0.140500	0.129600	0.140100
361918.7	0.130000	0.116600	0.124400	0.119800	0.113900	0.132800	0.112500	0.104300	0.116600	0.123800	0.128200	0.115100	0.108100	0.107600	0.107400	0.118600	0.144600	0.148500	0.149300	0.126700	0.122100	0.117700	0.132000	0.140100	0.130000	0.145400
366876.5	0.129400	0.116300	0.125100	0.120600	0.112800	0.129800	0.113700	0.104600	0.115800	0.124600	0.128400	0.115000	0.108100	0.107900	0.107800	0.118800	0.143700	0.147800	0.149900	0.127100	0.121600	0.118300	0.132400	0.140700	0.130000	0.142300
371834.3	0.130100	0.116700	0.124100	0.119800	0.111800	0.127900	0.112000	0.103000	0.114600	0.124500	0.127100	0.113700	0.107900	0.107100	0.104700	0.118500	0.144600	0.148600	0.150500	0.125300	0.121800	0.118700	0.132400	0.140000	0.131500	0.146200
376792.1	0.130400	0.116700	0.124300	0.120300	0.110800	0.127100	0.111800	0.101300	0.113800	0.124000	0.126900	0.112500	0.106900	0.106200	0.102800	0.117000	0.144100	0.149400	0.149900	0.125200	0.121800	0.118000	0.132400	0.139000	0.132600	0.144100
381749.8	0.129000	0.116500	0.123100	0.119600	0.109900	0.126000	0.111500	0.102000	0.113100	0.123500	0.126700	0.111500	0.106900	0.106700	0.102000	0.117600	0.144600	0.149200	0.149300	0.125000	0.121300	0.117000	0.132300	0.139900	0.131200	0.146900
386707.6	0.130600	0.117600	0.124400	0.120100	0.110900	0.126000	0.111100	0.100900	0.113300	0.124200	0.127400	0.110900	0.106500	0.107100	0.100500	0.117500	0.144000	0.149500	0.150800	0.125500	0.121500	0.117700	0.132300	0.138800	0.132800	0.148400
391665.4	0.129200	0.115700	0.123700	0.119900	0.112000	0.128600	0.112400	0.101900	0.114900	0.123700	0.128100	0.113200	0.107600	0.107000	0.103100	0.118500	0.145600	0.148300	0.149600	0.126800	0.122700	0.118300	0.132200	0.140500	0.131600	0.144100
396623.2	0.129000	0.116300	0.123400	0.120500	0.110800	0.124200	0.110600	0.099400	0.112700	0.123900	0.126600	0.109400	0.106800	0.106600	0.099700	0.116900	0.144300	0.148700	0.150000	0.125600	0.121300	0.117200	0.132100	0.139700	0.132600	0.145100
401581.0	0.128600	0.115200	0.123400	0.118000	0.112300	0.127500	0.112300	0.102700	0.114800	0.122100	0.126700	0.112900	0.106800	0.106800	0.103100	0.117300	0.144700	0.145700	0.147900	0.125500	0.121500	0.117200	0.131800	0.140000	0.128100	0.137000
406538.8	0.128900	0.116300	0.123400	0.118100	0.110300	0.127100	0.111000	0.101100	0.113500	0.122200	0.126200	0.111900	0.106200	0.106100	0.103300	0.117100	0.144200	0.146900	0.149100	0.125700	0.120800	0.116700	0.131400	0.139500	0.130800	0.143300
411496.6	0.128700	0.116100	0.123800	0.119200	0.110700	0.127000	0.110500	0.101600	0.113400	0.122600	0.126400	0.111600	0.106500	0.106900	0.101000	0.117400	0.144100	0.146800	0.149200	0.124900	0.121900	0.117000	0.131800	0.140200	0.131500	0.145600
416454.4	0.127800	0.115200	0.123100	0.117100	0.111300	0.126900	0.111700	0.101900	0.113800	0.122100	0.126400	0.111600	0.106300	0.106200	0.101200	0.117400	0.144900	0.145800	0.148000	0.124400	0.121200	0.116100	0.131000	0.139400	0.128800	0.140600
421412.2	0.128200	0.114700	0.123000	0.117100	0.110100	0.126600	0.110700	0.101100	0.113100	0.121900	0.125600	0.111000	0.105500	0.105900	0.101000	0.116600	0.142700	0.145300	0.147600	0.124300	0.120500	0.116200	0.130600	0.138000	0.130300	0.142300
426369.9	0.128100	0.114000	0.123200	0.116200	0.111000	0.127700	0.110700	0.099400	0.112300	0.120900	0.126500	0.110700	0.105400	0.105900	0.099600	0.116800	0.143100	0.145000	0.147800	0.124100	0.121200	0.116300	0.130100	0.138800	0.129500	0.140300
431327.7	0.126700	0.113500	0.122800	0.115700	0.111600	0.127700	0.110700	0.101100	0.113200	0.120600	0.125800	0.110800	0.104600	0.105200	0.100900	0.116700	0.143000	0.144500	0.146700	0.124800	0.121000	0.116000	0.130900	0.139100	0.128500	0.138900
436285.5	0.127800	0.114100	0.122500	0.116300	0.111100	0.125800	0.110900	0.101200	0.113000	0.120700	0.125300	0.111200	0.105000	0.105500	0.101600	0.117300	0.143200	0.144100	0.147000	0.124500	0.120900	0.115300	0.131200	0.139500	0.128500	0.141700
441243.3	0.127800	0.114600	0.122700	0.116400	0.109700	0.124300	0.110400	0.099600	0.112100	0.122100	0.124700	0.109800	0.104400	0.105900	0.099300	0.116300	0.143400	0.145400	0.149200	0.124200	0.121800	0.116600	0.132000	0.139300	0.130500	0.140900
446201.1	0.127400	0.113900	0.121900	0.115700	0.109100	0.123600	0.110300	0.099500	0.111300	0.121000	0.124400	0.108600	0.104400	0.105000	0.097500	0.115200	0.143000	0.145400	0.148400	0.123600	0.121000	0.116500	0.132200	0.138700	0.129600	0.140500
451158.9	0.126800	0.112400	0.121400	0.114300	0.109700	0.125900	0.110500	0.099400	0.112100	0.119800	0.124200	0.109300	0.104300	0.104700	0.100300	0.115700	0.142800	0.142600	0.146800	0.123600	0.120700	0.115200	0.131000	0.139100	0.127200	0.138400
456116.7	0.127000	0.113300	0.121100	0.116100	0.109200	0.122900	0.109500	0.098900	0.111000	0.121300	0.124500	0.109600	0.103700	0.104000	0.099400	0.115400	0.142900	0.144100	0.147600	0.123200	0.121800	0.115900	0.131100	0.139000	0.129500	0.142700
461074.5	0.126800	0.113600	0.120800	0.115600	0.108600	0.120000	0.109300	0.097300	0.109900	0.120700	0.123800	0.107600	0.103300	0.103900	0.095800	0.113800	0.143100	0.144500	0.149400	0.122300	0.120800	0.116200	0.131600	0.137700	0.129300	0.139200
466032.3	0.126400	0.113800	0.121200	0.114800	0.111000	0.126900	0.110100	0.101400	0.111900	0.120100	0.123900	0.110600	0.104100	0.104600	0.102200	0.116000	0.142800	0.142200	0.146600	0.124000	0.121400	0.115900	0.130900	0.138900	0.126700	0.136100
470990.0	0.126800	0.113300	0.121300	0.115400	0.109300	0.124500	0.110100	0.101000	0.111900	0.120300	0.124500	0.110700	0.104500	0.104600	0.101800	0.116000	0.143700	0.142400	0.146600	0.124100	0.121300	0.116000	0.131200	0.139700	0.128000	0.139400
475947.8	0.127800	0.114300	0.121600	0.116000	0.109600	0.123600	0.110000	0.099100	0.110800	0.121100	0.123600	0.109300	0.103700	0.104500	0.099400	0.114700	0.142900	0.143000	0.146900	0.123000	0.120800	0.115700	0.131000	0.138400	0.129100	0.138800
480905.6	0.126300	0.113600	0.121600	0.114100	0.109700	0.127400	0.110600	0.101700	0.112500	0.119700	0.124500	0.112000	0.105000	0.105600	0.102300	0.117000	0.143200	0.141500	0.145400	0.124500	0.121900	0.114500	0.129700	0.139900	0.125700	0.137900
485863.4	0.126800	0.114100	0.121700	0.116300	0.109000	0.123800	0.110700	0.098900	0.110500	0.120900	0.123600	0.109500	0.103600	0.104100	0.099600	0.116000	0.143100	0.142900	0.147200	0.123700	0.122000	0.116100	0.131300	0.139000	0.129100	0.138500
490821.2	0.127600	0.115900	0.121700	0.118200	0.106800	0.117700	0.109600	0.096600	0.108900	0.122200	0.123200	0.107000	0.103400	0.105000	0.095300	0.114100	0.142900	0.144700	0.149500	0.124000	0.120900	0.117100	0.131900	0.137800	0.133800	0.146600
495779.0	0.127000	0.113900	0.120800	0.115800	0.108800	0.125200	0.110600	0.100100	0.111700	0.120800	0.124400	0.110000	0.104400	0.105600	0.099800	0.115100	0.143400	0.142300	0.146100	0.124100	0.121400	0.115900	0.131200	0.138400	0.128500	0.141000
500736.8	0.126100	0.112800	0.121600	0.114400	0.110400	0.126200	0.110700	0.099700	0.111700	0.119400	0.124300	0.110400	0.104500	0.105300	0.100000	0.115500	0.142900	0.140800	0.145700	0.124100	0.121500	0.115300	0.130300	0.138700	0.126200	0.134700
505694.6	0.126300	0.113100	0.120800	0.115300	0.108300	0.122500	0.109000	0.098200	0.109600	0.119700	0.123500	0.108300	0.103500	0.104300	0.096800	0.115400	0.141900	0.142300	0.147300	0.122800	0.121100	0.114700	0.130200	0.137700	0.129000	0.137800
510652.4	0.126300	0.113100	0.121400	0.114000	0.110300	0.125800	0.110400	0.100400	0.111000	0.119300	0.124300	0.111000	0.103200	0.105100	0.101200	0.115800	0.142500	0.141700	0.144600	0.123600	0.121200	0.114400	0.130200	0.138300	0.127500	0.141900
515610.1	0.126100	0.112500	0.120800	0.113700	0.110200	0.125000	0.110600	0.101600	0.113000	0.118600	0.124900	0.112300	0.104100	0.104400	0.104300	0.116400	0.142600	0.140200	0.144500	0.123600	0.121300	0.115400	0.129400	0.139100	0.125500	0.134800
520567.9	0.125500	0.112700	0.121300	0.114600	0.109600	0.123700	0.110200	0.099200	0.111000	0.119500	0.124400	0.110700	0.104100	0.104600	0.100200	0.116100	0.143100	0.141500	0.145600	0.124700	0.120600	0.115100	0.129600	0.138600	0.127000	0.140600
525525.7	0.126000	0.113000	0.120700	0.115300	0.107400	0.120300	0.109000	0.096200	0.108700	0.120700	0.122600	0.107100	0.103700	0.104600	0.094800	0.114200	0.142600	0.142400	0.147200	0.123400	0.120200	0.115500	0.130600	0.136600	0.129300	0.142800
530483.5	0.125900	0.113300	0.121400	0.114900	0.108200	0.122400	0.109100	0.095700	0.109200	0.119900	0.122900	0.107500	0.103800	0.105300	0.095200	0.114600	0.142600	0.142400	0.147200	0.122900	0.120400	0.116000	0.130000	0.137200	0.129200	0.137400
535441.3	0.124400	0.111700	0.120600	0.111900	0.110700	0.128400	0.110600	0.101900	0.112300	0.118200	0.124500	0.112600	0.104300	0.104700	0.103400	0.117200	0.143500	0.138400	0.142400	0.125000	0.122100	0.114900	0.128500	0.139300	0.123100	0.133100
540399.1	0.124400	0.112100	0.121000	0.113800	0.107800	0.122900	0.109400	0.097000	0.109700	0.119400	0.122500	0.108700	0.104600	0.105100	0.096300	0.115000	0.143100	0.142400	0.146700	0.123900	0.120500	0.114900	0.129900	0.136700	0.128400	0.137100
545356.9	0.125200	0.112500	0.120700	0.114000	0.109600	0.123200	0.109400	0.098600	0.110000	0.119500	0.122800	0.109100	0.104500	0.105600	0.097800	0.116100	0.143600	0.140000	0.144900	0.124500	0.120600	0.115800	0.129200	0.138000	0.126800	0.137800
550314.7	0.125200	0.111900	0.121000	0.113600	0.107800	0.124600	0.110100	0.098500	0.110500	0.118900	0.123200	0.109600	0.104500	0.105100	0.098900	0.116100	0.143700	0.140200	0.144900	0.124800	0.121100	0.115400	0.128700	0.138100	0.126500	0.136300
555272.5	0.125400	0.112100	0.121300	0.115000	0.107800	0.121800	0.109700	0.097700	0.109800	0.119900	0.122000	0.108300	0.104800	0.105200	0.095900	0.115700	0.144400	0.141400	0.146300	0.124400	0.120800	0.115700	0.128800	0.137600	0.128300	0.140200
560230.3	0.124800	0.112000	0.120500	0.113700	0.108600	0.123500	0.110100	0.097500	0.109200	0.119300	0.122200	0.109200	0.104400	0.105300	0.097000	0.116700	0.143600	0.141200	0.146700	0.124500	0.120500	0.115300	0.129700	0.138200	0.128300	0.141500
565188.0	0.124100	0.111500	0.120800	0.113100	0.108700	0.123700	0.110800	0.098400	0.110200	0.118900	0.122600	0.109000	0.105200	0.105900	0.097100	0.116000	0.144000	0.141300	0.145100	0.124800	0.120800	0.115500	0.129100	0.138300	0.126800	0.135500
570145.8	0.123600	0.111200	0.121500	0.111800	0.111700	0.126100	0.111300	0.101100	0.112300	0.118900	0.122600	0.111600	0.104900	0.106600	0.101700	0.117200	0.144400	0.139500	0.144200	0.125700	0.120900	0.115000	0.128300	0.139300	0.125000	0.134200
575103.6	0.124200	0.111400	0.121200	0.112400	0.109800	0.125700	0.110900	0.099400	0.111500	0.119500	0.122200	0.110100	0.105100	0.106400	0.098900	0.117600	0.146000	0.140200	0.145300	0.125900	0.120700	0.115900	0.129600	0.139500	0.125700	0.135800
580061.4	0.124100	0.112100	0.121600	0.112600	0.109000	0.126500	0.110000	0.099700	0.110800	0.119100	0.121600	0.110000	0.104200	0.106600	0.099300	0.116200	0.144500	0.139800	0.144800	0.124700	0.120700	0.114500	0.128900	0.138900	0.125800	0.136800
585019.2	0.124900	0.112400	0.121400	0.113600	0.109800	0.125200	0.111000	0.099800	0.111000	0.119400	0.122600	0.109600	0.105100	0.106700	0.098800	0.117700	0.145300	0.140500	0.145300	0.125700	0.121500	0.114600	0.129000	0.139600	0.126900	0.135800
589977.0	0.123900	0.111400	0.121600	0.113800	0.110300	0.123500	0.110700	0.099600	0.111100	0.119800	0.122400	0.109500	0.105300	0.107200	0.098700	0.118000	0.145700	0.140800	0.145600	0.126700	0.121200	0.115600	0.129200	0.140400	0.126300	0.132100
594934.8	0.124700	0.112400	0.121300	0.114000	0.108600	0.123300	0.110600	0.097000	0.110200	0.120200	0.122000	0.108300	0.104700	0.106800	0.095600	0.117000	0.145500	0.140700	0.146000	0.125700	0.120700	0.116000	0.130000	0.139300	0.127600	0.139800
599892.6	0.124200	0.111800	0.121000	0.112800	0.109300	0.124600	0.110300	0.098800	0.110500	0.118700	0.121800	0.109800	0.105100	0.106900	0.099300	0.117200	0.145500	0.139900	0.144200	0.126000	0.120700	0.114900	0.128700	0.140000	0.126200	0.139600
604850.4	0.124000	0.111700	0.121100	0.112900	0.108800	0.125100	0.111500	0.100300	0.111000	0.119700	0.122200	0.110200	0.105500	0.107900	0.099900	0.119200	0.146100	0.139600	0.145100	0.126800	0.121600	0.115500	0.129600	0.141100	0.125300	0.138500
609808.1	0.123500	0.111000	0.120700	0.112900	0.108700	0.123900	0.111200	0.097900	0.110200	0.120100	0.122400	0.108400	0.105300	0.108100	0.095700	0.117800	0.145500	0.140100	0.145100	0.126400	0.121600	0.116200	0.130100	0.140600	0.126000	0.134200
614765.9	0.123200	0.111600	0.121100	0.112900	0.110600	0.125800	0.111700	0.099600	0.111600	0.119100	0.122400	0.109800	0.105300	0.107500	0.098900	0.118800	0.146000	0.139900	0.144900	0.126900	0.122200	0.116000	0.128900	0.141300	0.125600	0.136600
619723.7	0.123900	0.111900	0.121100	0.112800	0.109000	0.122800	0.111600	0.097100	0.110200	0.119900	0.121700	0.107600	0.105500	0.107200	0.095500	0.117000	0.146400	0.140200	0.146400	0.126300	0.122200	0.116200	0.129900	0.140500	0.126900	0.134700
624681.5	0.125300	0.113300	0.121600	0.114300	0.107400	0.122000	0.110400	0.095600	0.108900	0.120800	0.122100	0.106600	0.105100	0.107300	0.093600	0.117300	0.146000	0.142100	0.147100	0.126100	0.121300	0.116700	0.130300	0.140000	0.129400	0.140700
629639.3	0.123600	0.112500	0.120400	0.113500	0.109200	0.122200	0.111500	0.098000	0.110100	0.120100	0.122500	0.107500	0.106100	0.107900	0.095700	0.118800	0.146500	0.140500	0.145800	0.126000	0.122600	0.117200	0.129900	0.141200	0.127100	0.138100
634597.1	0.123500	0.111300	0.120900	0.112400	0.110400	0.126600	0.111700	0.100400	0.111700	0.119700	0.123500	0.110300	0.106300	0.108100	0.099800	0.119200	0.147100	0.139400	0.144500	0.127000	0.122300	0.116300	0.130000	0.141700	0.125400	0.133200
639554.9	0.124000	0.112200	0.121000	0.113500	0.109000	0.123700	0.111000	0.098800	0.110700	0.120100	0.122800	0.108600	0.105800	0.108100	0.097300	0.118500	0.147600	0.140500	0.145900	0.126900	0.122200	0.116700	0.130000	0.141300	0.127100	0.138400
644512.7	0.123300	0.111000	0.120900	0.112700	0.109500	0.124700	0.111100	0.098400	0.111300	0.120000	0.122600	0.108200	0.105400	0.107800	0.096400	0.118400	0.147600	0.139800	0.144700	0.127800	0.122200	0.117100	0.129800	0.141300	0.124900	0.134900
649470.5	0.124700	0.112300	0.122000	0.114100	0.107400	0.122600	0.111400	0.095700	0.110600	0.120900	0.121600	0.107100	0.105400	0.108200	0.094000	0.117100	0.147600	0.141700	0.146600	0.126700	0.121800	0.117200	0.131100	0.141500	0.128300	0.140100
654428.2	0.124500	0.112600	0.121700	0.114700	0.106800	0.121000	0.111500	0.097500	0.109700	0.121300	0.122900	0.108600	0.106200	0.109100	0.094600	0.118700	0.147900	0.142000	0.146700	0.127300	0.122100	0.117200	0.131300	0.141200	0.128900	0.137200
659386.0	0.123800	0.112000	0.121000	0.113500	0.109100	0.122500	0.111200	0.097600	0.111000	0.120400	0.122500	0.108000	0.105800	0.108800	0.094700	0.118200	0.148000	0.140900	0.146000	0.127300	0.122500	0.117500	0.130600	0.141200	0.126400	0.137100
664343.8	0.123300	0.111600	0.121400	0.113700	0.109300	0.125500	0.112200	0.100300	0.112000	0.119900	0.123100	0.109900	0.106400	0.108700	0.098000	0.120000	0.148300	0.138900	0.144800	0.128300	0.123500	0.118000	0.130600	0.142600	0.125200	0.132300
669301.6	0.123400	0.111200	0.121600	0.113600	0.109600	0.126200	0.112200	0.098800	0.111200	0.120500	0.122600	0.109100	0.106700	0.108400	0.096000	0.119800	0.148500	0.140000	0.145100	0.127900	0.122800	0.117800	0.129900	0.142600	0.125800	0.134000
674259.4	0.122800	0.111200	0.121700	0.113200	0.108700	0.123800	0.111500	0.098500	0.111000	0.120400	0.121700	0.108200	0.106300	0.109000	0.095800	0.119200	0.148500	0.140200	0.145600	0.127900	0.123200	0.117600	0.130200	0.142100	0.126500	0.138300
679217.2	0.124400	0.112300	0.121700	0.112600	0.109200	0.125900	0.112500	0.100300	0.111600	0.119800	0.122400	0.110100	0.106600	0.108800	0.100400	0.120300	0.148600	0.139000	0.143900	0.128000	0.122600	0.117100	0.130200	0.143000	0.125500	0.136900
684175.0	0.123400	0.111000	0.121600	0.112500	0.109700	0.127100	0.112900	0.099300	0.112500	0.120600	0.122900	0.109100	0.107100	0.108800	0.098100	0.120100	0.149600	0.139700	0.144400	0.128800	0.123000	0.117700	0.130100	0.143100	0.124600	0.139600
689132.8	0.123900	0.113100	0.121500	0.113900	0.108900	0.126300	0.111500	0.099300	0.111400	0.121000	0.122300	0.109800	0.106700	0.109500	0.098900	0.119800	0.149000	0.140500	0.144800	0.128600	0.122700	0.117300	0.129800	0.142200	0.126100	0.131700
694090.6	0.123500	0.111600	0.122000	0.113500	0.108700	0.124100	0.111200	0.099400	0.111200	0.120700	0.123300	0.109600	0.106900	0.109600	0.098200	0.120400	0.149700	0.140000	0.145100	0.128500	0.123000	0.117000	0.130700	0.142500	0.126000	0.138200
699048.4	0.123100	0.111700	0.121800	0.112500	0.110300	0.125600	0.112300	0.099300	0.111800	0.120100	0.122200	0.109700	0.106700	0.110000	0.096900	0.119700	0.149200	0.139700	0.144700	0.128300	0.122900	0.117500	0.131200	0.142100	0.124500	0.140300
704006.1	0.123500	0.112600	0.121800	0.112500	0.109300	0.126100	0.112400	0.101400	0.112200	0.119800	0.123200	0.111300	0.106900	0.110500	0.100800	0.121100	0.148700	0.139100	0.143600	0.128500	0.122700	0.117200	0.130000	0.142900	0.124600	0.139800
708963.9	0.123800	0.112600	0.121400	0.114400	0.107400	0.123100	0.111100	0.097500	0.110600	0.121500	0.122700	0.107900	0.106700	0.110000	0.095100	0.119200	0.149500	0.141400	0.146400	0.128800	0.122400	0.117700	0.131400	0.141500	0.127700	0.138700
713921.7	0.123700	0.112200	0.121500	0.113100	0.109400	0.124300	0.111600	0.098600	0.111500	0.120000	0.122600	0.108600	0.106100	0.109600	0.095900	0.119200	0.149400	0.140000	0.144600	0.127600	0.122300	0.117500	0.129900	0.141800	0.124900	0.135500
718879.5	0.124300	0.113100	0.121600	0.114300	0.106600	0.122900	0.111800	0.098200	0.110600	0.120600	0.121800	0.108600	0.106400	0.109300	0.095700	0.119300	0.149600	0.141600	0.146900	0.128200	0.121800	0.118400	0.130500	0.141300	0.128700	0.140200
723837.3	0.124500	0.113100	0.121700	0.115400	0.108400	0.121800	0.111400	0.097200	0.110200	0.121200	0.122100	0.108000	0.106000	0.109600	0.095200	0.120000	0.150000	0.142200	0.146000	0.128800	0.122000	0.117900	0.130800	0.141800	0.127500	0.139800
728795.1	0.124400	0.113800	0.121900	0.116000	0.107400	0.120400	0.111000	0.096500	0.110200	0.121600	0.121600	0.107500	0.106600	0.110300	0.094000	0.119200	0.149800	0.143000	0.147000	0.128100	0.122800	0.118400	0.130900	0.141000	0.129800	0.143800
733752.9	0.123200	0.112500	0.121400	0.113900	0.109100	0.122800	0.111700	0.099300	0.111800	0.120600	0.122200	0.109000	0.106700	0.110700	0.098300	0.120200	0.150100	0.140300	0.145500	0.128200	0.122400	0.118100	0.130300	0.141400	0.126500	0.136900
738710.7	0.123200	0.111500	0.121000	0.113900	0.109100	0.124100	0.111700	0.097400	0.111500	0.120700	0.122100	0.108700	0.106100	0.109600	0.095700	0.119600	0.150000	0.139800	0.146000	0.128000	0.122400	0.118100	0.130800	0.141400	0.126200	0.133900
743668.5	0.122800	0.111500	0.121100	0.113000	0.108400	0.125400	0.112100	0.099500	0.112900	0.119700	0.121600	0.109900	0.107000	0.109400	0.098000	0.120300	0.149400	0.139600	0.144400	0.128200	0.122400	0.117600	0.129900	0.142200	0.125200	0.136300
748626.2	0.122600	0.111600	0.121300	0.112600	0.109500	0.124900	0.112000	0.101100	0.114000	0.119300	0.122100	0.111500	0.106500	0.109500	0.099800	0.121500	0.150000	0.139200	0.144000	0.129500	0.122800	0.117800	0.129700	0.142900	0.124800	0.138400
753584.0	0.125000	0.113900	0.121700	0.114300	0.107700	0.121700	0.112000	0.098000	0.111600	0.120800	0.122000	0.108700	0.106900	0.110300	0.095500	0.120200	0.150900	0.141100	0.145700	0.128200	0.123000	0.117900	0.130900	0.142100	0.128100	0.142800
758541.8	0.123000	0.111900	0.121100	0.112800	0.107200	0.122300	0.111400	0.098300	0.111300	0.119900	0.121200	0.108200	0.106600	0.110200	0.095300	0.120100	0.149900	0.140400	0.145400	0.128000	0.122900	0.118000	0.130500	0.141400	0.126000	0.135600
763499.6	0.123500	0.112700	0.120900	0.113900	0.106400	0.121600	0.111000	0.096100	0.110300	0.120400	0.120800	0.107500	0.105900	0.109400	0.093500	0.118600	0.150100	0.141400	0.146000	0.128100	0.122100	0.117900	0.131100	0.140800	0.128000	0.140900
768457.4	0.123500	0.111600	0.121600	0.113200	0.108100	0.123400	0.112500	0.098500	0.112300	0.120000	0.121600	0.109500	0.107000	0.110500	0.097600	0.120700	0.150600	0.140900	0.144400	0.128700	0.122600	0.118600	0.130300	0.142100	0.125800	0.139400
773415.2	0.122800	0.111300	0.121100	0.112800	0.108900	0.122500	0.111400	0.098700	0.113200	0.119200	0.121200	0.109600	0.107200	0.109900	0.097900	0.120900	0.150600	0.138900	0.143500	0.128000	0.122600	0.117500	0.130400	0.142100	0.124300	0.139600
778373.0	0.122500	0.110900	0.121300	0.112000	0.109000	0.125000	0.111800	0.099200	0.112900	0.119200	0.120900	0.110100	0.106900	0.110700	0.097700	0.120400	0.150600	0.140600	0.143900	0.129000	0.122800	0.118100	0.130200	0.141900	0.123500	0.132700
783330.8	0.123400	0.111200	0.120800	0.112900	0.107500	0.124600	0.111200	0.098100	0.111600	0.119600	0.120600	0.109000	0.106300	0.109000	0.098000	0.120200	0.148900	0.140100	0.144600	0.128200	0.121200	0.117200	0.129600	0.141100	0.126100	0.139500
788288.6	0.122600	0.111000	0.121800	0.112500	0.109700	0.126700	0.112500	0.100600	0.113900	0.119500	0.121000	0.111000	0.107100	0.110500	0.099200	0.121400	0.150000	0.139600	0.143400	0.128100	0.122200	0.118300	0.129700	0.141400	0.124900	0.137100
793246.3	0.123800	0.111700	0.121400	0.113600	0.107500	0.121400	0.111200	0.097800	0.111700	0.119800	0.120100	0.108900	0.106700	0.109800	0.095800	0.119700	0.150200	0.141000	0.144900	0.128100	0.121900	0.118300	0.131300	0.141300	0.126400	0.135300
798204.1	0.124000	0.112700	0.121400	0.114400	0.107600	0.120800	0.111600	0.097800	0.110900	0.120100	0.120100	0.108900	0.106600	0.109500	0.096500	0.119700	0.150100	0.140900	0.144900	0.128200	0.121400	0.119100	0.130200	0.141500	0.127100	0.139700
803161.9	0.122300	0.111500	0.121400	0.111600	0.108800	0.124300	0.111600	0.100500	0.112500	0.118400	0.120500	0.110600	0.106400	0.109400	0.099500	0.120300	0.149300	0.138600	0.142900	0.127200	0.121800	0.116700	0.129900	0.141100	0.123800	0.131900
808119.7	0.123200	0.112500	0.121700	0.114400	0.107400	0.119600	0.111000	0.095900	0.111100	0.120400	0.119400	0.108400	0.106500	0.110400	0.094000	0.119200	0.149800	0.141500	0.145300	0.127400	0.121600	0.118500	0.131000	0.140500	0.127900	0.141400
813077.5	0.123500	0.112000	0.121000	0.112600	0.108400	0.123600	0.112100	0.098900	0.111800	0.119200	0.119600	0.109100	0.106900	0.110600	0.097000	0.120500	0.149800	0.139000	0.143500	0.126800	0.122300	0.117900	0.131300	0.140900	0.124700	0.135100
818035.3	0.124000	0.112600	0.121600	0.113200	0.108600	0.122100	0.112200	0.098800	0.112400	0.119600	0.120200	0.110000	0.106800	0.110600	0.097200	0.120200	0.150200	0.140900	0.144800	0.127300	0.121700	0.117800	0.131000	0.141200	0.126200	0.137700
822993.1	0.123600	0.113100	0.121300	0.114200	0.106500	0.119500	0.110500	0.096900	0.110800	0.120500	0.119100	0.107600	0.106600	0.110300	0.094200	0.118300	0.149700	0.142200	0.146300	0.126900	0.122000	0.118000	0.131000	0.140100	0.128200	0.139400
827950.9	0.123500	0.113300	0.120800	0.114800	0.105500	0.119700	0.110900	0.098200	0.110900	0.119800	0.119100	0.108100	0.106000	0.109400	0.095200	0.118600	0.150200	0.140800	0.145200	0.127600	0.122100	0.117800	0.130500	0.140700	0.128000	0.140100
832908.7	0.123300	0.112900	0.121300	0.113400	0.106200	0.122100	0.111200	0.098000	0.110900	0.119700	0.119100	0.108200	0.106100	0.109100	0.094900	0.119300	0.149700	0.140400	0.145400	0.127900	0.121900	0.117700	0.131800	0.139900	0.126200	0.140500
837866.4	0.122300	0.110900	0.120400	0.111300	0.109200	0.125700	0.111800	0.100200	0.113300	0.118600	0.119200	0.110900	0.106300	0.110000	0.099500	0.120700	0.149700	0.138300	0.142300	0.127500	0.122000	0.117800	0.130500	0.141100	0.122600	0.133800
842824.2	0.123000	0.111800	0.119900	0.112100	0.107600	0.121800	0.111000	0.099200	0.112300	0.118600	0.119100	0.109900	0.106600	0.109800	0.097600	0.120000	0.150200	0.139600	0.143600	0.126800	0.121700	0.117500	0.130300	0.141100	0.124900	0.137900
847782.0	0.122900	0.111200	0.121000	0.113300	0.106900	0.122800	0.111100	0.098400	0.111200	0.119600	0.118800	0.108200	0.106500	0.110300	0.096300	0.119800	0.149500	0.139300	0.144300	0.127300	0.121700	0.117800	0.130000	0.139900	0.126200	0.136700
852739.8	0.121500	0.110600	0.120800	0.111900	0.107300	0.122400	0.111100	0.099300	0.111800	0.118700	0.119400	0.110200	0.106200	0.109000	0.096700	0.120100	0.150200	0.138400	0.142800	0.127800	0.121600	0.117700	0.130200	0.140600	0.124300	0.137300
857697.6	0.121800	0.111200	0.120300	0.110900	0.109200	0.127200	0.112100	0.101200	0.113000	0.118100	0.118700	0.110800	0.106000	0.110100	0.101300	0.120700	0.150500	0.137100	0.141900	0.128400	0.121900	0.117000	0.130000	0.141000	0.122500	0.133200
862655.4	0.123100	0.112300	0.120500	0.112300	0.106700	0.121800	0.111400	0.098600	0.111700	0.119000	0.118500	0.108800	0.106500	0.110700	0.096400	0.119600	0.149700	0.139100	0.143100	0.127100	0.122000	0.117400	0.129900	0.140200	0.124800	0.135100
867613.2	0.121600	0.110300	0.120600	0.112300	0.107300	0.122600	0.111200	0.097100	0.111400	0.118600	0.118800	0.108200	0.106500	0.109300	0.094700	0.119700	0.150200	0.139100	0.144100	0.127300	0.122400	0.117100	0.131400	0.140300	0.123700	0.132400
872571.0	0.123000	0.111800	0.120600	0.111500	0.107200	0.123400	0.111100	0.098500	0.112100	0.118200	0.118400	0.109700	0.105400	0.109900	0.099200	0.119800	0.149400	0.138200	0.142300	0.127200	0.121500	0.117300	0.129600	0.140700	0.124900	0.135800
877528.8	0.122900	0.111600	0.120400	0.111600	0.106100	0.122600	0.110800	0.098200	0.112100	0.118500	0.118100	0.108900	0.106100	0.109200	0.096400	0.119000	0.149500	0.139100	0.143000	0.127000	0.122200	0.117700	0.130000	0.140100	0.124900	0.135300
882486.5	0.122200	0.111900	0.120000	0.112600	0.106700	0.122500	0.110800	0.097400	0.111000	0.119300	0.117200	0.108100	0.106000	0.109700	0.096400	0.118800	0.149900	0.139500	0.144100	0.127500	0.121700	0.116800	0.130600	0.139900	0.125600	0.137100
887444.3	0.122200	0.111600	0.120400	0.112300	0.107600	0.124000	0.111400	0.098700	0.111600	0.118800	0.118100	0.110500	0.106300	0.109400	0.098000	0.119600	0.150600	0.139000	0.143100	0.128000	0.121700	0.116900	0.130200	0.140900	0.123700	0.136600
892402.1	0.122100	0.110700	0.120600	0.111100	0.107800	0.125000	0.111600	0.098600	0.111900	0.118700	0.119000	0.109500	0.106100	0.110100	0.096400	0.120100	0.149900	0.138600	0.142300	0.127900	0.122000	0.116700	0.130500	0.140500	0.123100	0.131700
897359.9	0.121700	0.110000	0.120600	0.110800	0.108800	0.123700	0.111400	0.099900	0.113200	0.118400	0.118900	0.110300	0.106800	0.109700	0.097800	0.119600	0.149800	0.137600	0.142000	0.127600	0.122200	0.116900	0.129900	0.140600	0.121900	0.133900
902317.7	0.122000	0.111700	0.120000	0.112300	0.107000	0.121500	0.110900	0.098200	0.111300	0.118600	0.117500	0.108500	0.105800	0.109800	0.096200	0.119100	0.150200	0.139400	0.143200	0.128200	0.121500	0.117300	0.130300	0.140300	0.125800	0.137200
907275.5	0.122600	0.111500	0.120300	0.113000	0.104500	0.118000	0.110000	0.095500	0.109700	0.119100	0.117500	0.107000	0.105600	0.109900	0.092300	0.117800	0.149600	0.140000	0.144700	0.126400	0.121500	0.118000	0.131100	0.138700	0.126600	0.138500
912233.3	0.122800	0.111600	0.120700	0.112800	0.107800	0.121200	0.111600	0.098400	0.111500	0.119300	0.117800	0.108800	0.106500	0.109800	0.096900	0.119700	0.149200	0.139100	0.143200	0.127900	0.121900	0.117600	0.130300	0.140200	0.125500	0.134500
917191.1	0.122400	0.112000	0.120900	0.113000	0.107600	0.123600	0.112100	0.099200	0.113100	0.118700	0.118300	0.110600	0.106900	0.110000	0.099800	0.120200	0.149100	0.138500	0.142200	0.127500	0.122100	0.118000	0.130000	0.140300	0.124100	0.132700
922148.9	0.122200	0.112100	0.119400	0.112500	0.106200	0.120600	0.110600	0.097500	0.111100	0.118800	0.116900	0.109000	0.105900	0.109500	0.094700	0.118600	0.149600	0.139100	0.143700	0.127600	0.121900	0.116800	0.131000	0.139700	0.125700	0.133800
927106.6	0.121600	0.111400	0.120700	0.112000	0.108200	0.122200	0.111400	0.098100	0.111700	0.118900	0.117600	0.108300	0.106600	0.110000	0.094600	0.118900	0.149300	0.138500	0.143300	0.127800	0.122200	0.117300	0.130100	0.140100	0.124100	0.132900
932064.4	0.122700	0.111200	0.120100	0.112800	0.106400	0.123300	0.111400	0.097700	0.111500	0.119400	0.117100	0.108900	0.106200	0.109500	0.095800	0.118900	0.149300	0.139200	0.143300	0.126700	0.121900	0.117800	0.130100	0.140000	0.125400	0.136700
937022.2	0.122000	0.112200	0.120200	0.112000	0.106200	0.122400	0.110700	0.099400	0.111700	0.117900	0.117500	0.109700	0.105700	0.109100	0.097100	0.118700	0.149000	0.138600	0.142500	0.126900	0.120800	0.117600	0.129600	0.139500	0.125300	0.136500
941980.0	0.121800	0.110800	0.120900	0.111500	0.107300	0.124100	0.111400	0.098500	0.112300	0.117600	0.118100	0.109300	0.105700	0.109500	0.097700	0.120000	0.148900	0.138100	0.141900	0.127500	0.121600	0.116500	0.129800	0.139600	0.123100	0.132900
946937.8	0.123100	0.112600	0.120400	0.113100	0.105200	0.118800	0.110400	0.096500	0.110400	0.119400	0.117100	0.107900	0.105300	0.110300	0.094700	0.118300	0.149500	0.139500	0.143800	0.126500	0.121200	0.117500	0.130300	0.138700	0.126900	0.138600
951895.6	0.121900	0.111900	0.120400	0.113600	0.106400	0.119200	0.110600	0.095600	0.111400	0.119000	0.117600	0.108000	0.105900	0.110100	0.095600	0.118900	0.150000	0.139600	0.143700	0.127400	0.121600	0.117800	0.129900	0.139400	0.125600	0.137500
956853.4	0.121700	0.111900	0.119700	0.112600	0.105700	0.121100	0.110500	0.098100	0.111600	0.119400	0.117800	0.108700	0.106100	0.109600	0.096200	0.119300	0.150400	0.139400	0.143500	0.127300	0.121900	0.117300	0.130900	0.140300	0.125900	0.136100
961811.2	0.120600	0.109600	0.120200	0.111000	0.108400	0.123800	0.111700	0.099200	0.113200	0.118000	0.118600	0.110100	0.106700	0.110100	0.097400	0.119400	0.149800	0.137800	0.141500	0.127600	0.122700	0.117200	0.130200	0.140400	0.122000	0.130400
966768.9	0.120900	0.110800	0.119600	0.111100	0.108100	0.122200	0.110800	0.098300	0.112400	0.117600	0.117700	0.108200	0.105800	0.109100	0.096100	0.118900	0.148400	0.137100	0.142000	0.127100	0.121800	0.117300	0.129200	0.139100	0.123200	0.133600
971726.7	0.122000	0.111600	0.120500	0.112400	0.106800	0.120700	0.110900	0.097200	0.111700	0.117900	0.117900	0.108800	0.106400	0.109700	0.095700	0.118700	0.149200	0.138000	0.142600	0.126700	0.121600	0.117000	0.129600	0.139200	0.125500	0.139000
976684.5	0.122000	0.111100	0.120000	0.112600	0.106100	0.120400	0.111300	0.097600	0.111000	0.119500	0.117500	0.108300	0.107100	0.110900	0.094600	0.118700	0.149500	0.138300	0.143000	0.127100	0.122100	0.118300	0.129900	0.139200	0.125300	0.136900
981642.3	0.122300	0.112200	0.119900	0.113300	0.104900	0.118400	0.110000	0.095300	0.109700	0.118800	0.117100	0.107000	0.105500	0.109800	0.092200	0.118300	0.149600	0.139300	0.143700	0.127100	0.121600	0.117500	0.131100	0.138400	0.126700	0.136800
986600.1	0.121400	0.110500	0.120200	0.112000	0.107700	0.123700	0.111300	0.100000	0.112100	0.118800	0.117200	0.108700	0.106100	0.110400	0.097300	0.119000	0.149600	0.137800	0.141800	0.126700	0.121800	0.117300	0.129700	0.139800	0.123600	0.132400
991557.9	0.122000	0.111100	0.120200	0.111500	0.105500	0.119400	0.110900	0.096600	0.111100	0.118100	0.116700	0.107200	0.105300	0.109800	0.093800	0.118600	0.149100	0.138600	0.143100	0.126800	0.121600	0.117700	0.130400	0.138800	0.124400	0.135300
996515.7	0.122300	0.111700	0.120700	0.112500	0.104300	0.118300	0.110300	0.096100	0.109900	0.118300	0.116500	0.105800	0.105500	0.109400	0.091900	0.117700	0.149600	0.139400	0.143700	0.125600	0.121900	0.117400	0.129800	0.138500	0.126300	0.138800
1001473.5	0.122200	0.111300	0.119900	0.111200	0.106700	0.120600	0.110900	0.097400	0.111600	0.117900	0.116200	0.108200	0.105700	0.109400	0.095000	0.118400	0.148600	0.138100	0.142200	0.125300	0.121900	0.116500	0.128700	0.139000	0.123600	0.136400
1006431.3	0.121100	0.110700	0.119400	0.112400	0.106100	0.121400	0.111200	0.097500	0.111900	0.117600	0.117000	0.107600	0.105300	0.108600	0.094800	0.118600	0.149400	0.138000	0.142700	0.126800	0.121400	0.117300	0.129700	0.139200	0.124000	0.133800
1011389.0	0.122100	0.110600	0.120100	0.111200	0.108200	0.124600	0.112000	0.099200	0.113100	0.117500	0.117500	0.110600	0.106300	0.110200	0.098600	0.120000	0.149900	0.136400	0.140700	0.127000	0.121900	0.117300	0.128700	0.139600	0.123000	0.134900
1016346.8	0.120900	0.110600	0.120000	0.112300	0.106300	0.121500	0.110900	0.097500	0.112400	0.117900	0.116600	0.108700	0.105500	0.109700	0.096000	0.118600	0.149700	0.138200	0.141800	0.126200	0.121600	0.117000	0.129300	0.139300	0.124700	0.135300
1021304.6	0.120600	0.110600	0.119400	0.111600	0.106300	0.119900	0.110700	0.096500	0.111000	0.117700	0.116300	0.107900	0.106100	0.110500	0.093600	0.118100	0.149700	0.138100	0.143100	0.126800	0.122100	0.117200	0.130500	0.139100	0.124800	0.138300
1026262.4	0.120500	0.110500	0.119800	0.111000	0.106900	0.122400	0.111000	0.097500	0.111400	0.117400	0.116400	0.107800	0.105800	0.108900	0.095400	0.117900	0.149000	0.137100	0.141700	0.125700	0.121500	0.116900	0.130000	0.139100	0.122600	0.132000
1031220.2	0.121100	0.111000	0.119900	0.111600	0.106800	0.120900	0.110400	0.097100	0.112600	0.117900	0.117400	0.108600	0.105700	0.109500	0.095800	0.119700	0.149800	0.138000	0.142100	0.126600	0.122200	0.117300	0.130000	0.139900	0.124300	0.133200
1036178.0	0.121700	0.110800	0.119900	0.112300	0.107800	0.123400	0.111800	0.099100	0.113200	0.117700	0.117100	0.108900	0.106500	0.110300	0.096800	0.119500	0.150100	0.137900	0.142200	0.126200	0.122100	0.117600	0.130100	0.139900	0.123000	0.135200
1041135.8	0.121500	0.110500	0.119400	0.111700	0.105900	0.121500	0.110200	0.096800	0.111400	0.118200	0.116000	0.107300	0.105400	0.109000	0.094700	0.118300	0.149600	0.137700	0.142600	0.125900	0.121800	0.117800	0.130100	0.138700	0.124300	0.132000
1046093.6	0.121300	0.110300	0.120000	0.110700	0.105500	0.121200	0.111300	0.098600	0.112400	0.117000	0.115900	0.108700	0.105700	0.109300	0.095600	0.119600	0.149700	0.136300	0.141100	0.126100	0.121800	0.116500	0.130300	0.139500	0.122200	0.132000
1051051.4	0.120600	0.110900	0.119600	0.112300	0.106100	0.121900	0.111300	0.098900	0.112500	0.117200	0.116600	0.109300	0.105600	0.109800	0.097000	0.119700	0.149400	0.137200	0.141500	0.126400	0.122500	0.116900	0.130000	0.139300	0.123400	0.137200
1056009.1	0.121300	0.111000	0.119300	0.112600	0.104900	0.120600	0.110100	0.096600	0.110900	0.117500	0.116500	0.108100	0.105300	0.109200	0.093700	0.118200	0.149800	0.138300	0.142500	0.126000	0.121800	0.117400	0.130200	0.138600	0.124300	0.140100
1060966.9	0.121300	0.111200	0.119700	0.112600	0.104800	0.120400	0.110200	0.097200	0.111500	0.118000	0.116100	0.107600	0.105600	0.109700	0.094700	0.119200	0.149500	0.137900	0.142200	0.126400	0.121100	0.116600	0.129900	0.139600	0.125100	0.135800
1065924.7	0.121700	0.111600	0.119900	0.110700	0.108800	0.124600	0.112000	0.100100	0.113800	0.117400	0.117400	0.110200	0.106900	0.109800	0.098900	0.120700	0.150400	0.135900	0.140000	0.127000	0.122500	0.117100	0.130000	0.140600	0.121400	0.134600
1070882.5	0.122200	0.112900	0.120700	0.114600	0.104400	0.117400	0.110400	0.096000	0.110100	0.119500	0.116200	0.107300	0.106300	0.110000	0.094000	0.118500	0.149500	0.139400	0.143000	0.125700	0.121900	0.117200	0.130900	0.138700	0.127200	0.138300
1075840.3	0.121700	0.111500	0.119300	0.113400	0.105300	0.118800	0.109800	0.096800	0.111000	0.118100	0.116300	0.106600	0.106100	0.109700	0.094800	0.118300	0.149200	0.138500	0.142600	0.125800	0.121300	0.117700	0.130700	0.138300	0.126200	0.137500
1080798.1	0.120200	0.109700	0.119600	0.110800	0.108000	0.125700	0.111900	0.100600	0.113700	0.116400	0.117400	0.110700	0.106200	0.109800	0.100200	0.120500	0.150500	0.135200	0.139300	0.127000	0.122900	0.116700	0.128800	0.140600	0.120300	0.128900
1085755.9	0.120500	0.110400	0.119300	0.112300	0.106100	0.121200	0.109800	0.096500	0.111400	0.117100	0.115000	0.107600	0.105400	0.109800	0.094700	0.119000	0.149200	0.138200	0.141100	0.125800	0.122200	0.116200	0.130100	0.138100	0.124900	0.137500
1090713.7	0.121900	0.112700	0.119000	0.112600	0.104400	0.118500	0.110200	0.096200	0.110200	0.117800	0.115400	0.106400	0.104500	0.109300	0.093800	0.119200	0.149500	0.138000	0.142000	0.125300	0.121800	0.117400	0.130100	0.138200	0.125500	0.135700
1095671.5	0.121000	0.110700	0.119000	0.110900	0.107000	0.122000	0.111300	0.098400	0.112800	0.116800	0.116600	0.108600	0.106300	0.110100	0.096600	0.120000	0.150400	0.135700	0.141100	0.126000	0.122100	0.115900	0.129600	0.139400	0.122700	0.131500
1100629.2	0.121600	0.111300	0.119400	0.111500	0.105700	0.121000	0.110500	0.096700	0.111400	0.117500	0.115300	0.107100	0.105700	0.109800	0.094200	0.118000	0.149100	0.137500	0.142200	0.125300	0.122200	0.116800	0.130800	0.138300	0.123900	0.135000
1105587.0	0.120800	0.110400	0.119900	0.111700	0.107100	0.121900	0.111000	0.097300	0.110800	0.117300	0.115800	0.109000	0.105700	0.109600	0.096200	0.119000	0.150000	0.136600	0.141700	0.126000	0.122300	0.116600	0.129800	0.139400	0.122900	0.134800
1110544.8	0.121100	0.111500	0.119400	0.112600	0.105800	0.119500	0.110300	0.096900	0.111100	0.117900	0.115400	0.107200	0.105700	0.109200	0.093000	0.118600	0.150000	0.137900	0.142900	0.125900	0.122300	0.117700	0.130800	0.138500	0.124800	0.134600
1115502.6	0.121800	0.111900	0.120100	0.113000	0.105100	0.118900	0.110200	0.095400	0.110600	0.118400	0.115000	0.106200	0.105000	0.109100	0.092400	0.118500	0.150500	0.139500	0.143600	0.125800	0.121600	0.116900	0.131300	0.138500	0.126200	0.137400
1120460.4	0.121200	0.110900	0.119800	0.111900	0.105200	0.119400	0.109600	0.096000	0.110200	0.117600	0.115200	0.106100	0.105100	0.109000	0.093500	0.118200	0.150000	0.137900	0.142500	0.125300	0.122000	0.116900	0.130600	0.137600	0.124300	0.133100
1125418.2	0.121600	0.111500	0.118900	0.113000	0.104300	0.116700	0.110300	0.094500	0.109200	0.117700	0.115100	0.105500	0.105300	0.108700	0.091100	0.117500	0.149900	0.139100	0.143800	0.125700	0.121900	0.117600	0.130900	0.137900	0.126600	0.137300
1130376.0	0.120900	0.111500	0.119000	0.112800	0.104500	0.116700	0.110200	0.094600	0.109700	0.117200	0.115000	0.105400	0.105000	0.109200	0.091800	0.117800	0.149200	0.137700	0.142600	0.124800	0.121800	0.116600	0.130600	0.138200	0.125200	0.136700
1135333.8	0.120800	0.111000	0.119800	0.110900	0.107400	0.124600	0.110800	0.100000	0.113400	0.116700	0.116500	0.110000	0.105400	0.108800	0.099500	0.120800	0.150800	0.135400	0.140900	0.126900	0.121800	0.116300	0.129900	0.140000	0.121000	0.136000
1140291.6	0.122100	0.111700	0.119200	0.113900	0.106000	0.119000	0.110300	0.097200	0.111500	0.117200	0.115500	0.108200	0.105700	0.109300	0.095000	0.119700	0.150700	0.137800	0.142500	0.126000	0.122500	0.117600	0.131900	0.139200	0.125400	0.139000
1145249.3	0.121200	0.111100	0.119400	0.112400	0.104800	0.120400	0.109900	0.096700	0.111000	0.116900	0.115300	0.106900	0.105000	0.108500	0.095200	0.119100	0.150300	0.138100	0.142300	0.125700	0.122700	0.117200	0.130300	0.139300	0.124600	0.135200
1150207.1	0.120900	0.110300	0.119100	0.111900	0.106100	0.120300	0.110400	0.097500	0.111900	0.117000	0.115200	0.107800	0.105400	0.109900	0.094700	0.120400	0.150700	0.136700	0.142000	0.126700	0.122900	0.116700	0.130000	0.139700	0.122900	0.133600
1155164.9	0.121100	0.109500	0.119900	0.112200	0.108700	0.124200	0.111900	0.098900	0.113600	0.116900	0.117200	0.109300	0.106400	0.110200	0.096000	0.120400	0.151600	0.136400	0.141400	0.127600	0.124000	0.117400	0.130800	0.140200	0.121600	0.131900
1160122.7	0.121400	0.110800	0.120500	0.112000	0.108700	0.125900	0.112400	0.099500	0.114500	0.116700	0.117300	0.110300	0.106800	0.110400	0.099700	0.121400	0.150600	0.136700	0.140400	0.127200	0.122600	0.116800	0.129300	0.139400	0.122100	0.134300
1165080.5	0.122200	0.111300	0.120100	0.113700	0.107400	0.122300	0.111700	0.098400	0.112700	0.117000	0.116100	0.108900	0.106800	0.110600	0.097100	0.120300	0.150700	0.137900	0.141700	0.126800	0.121900	0.116300	0.130500	0.138900	0.124100	0.133500
1170038.3	0.122800	0.112600	0.120900	0.113700	0.108900	0.122000	0.111200	0.098800	0.113700	0.116900	0.117000	0.109400	0.106900	0.111600	0.096400	0.120800	0.150400	0.138300	0.141900	0.127300	0.122400	0.117000	0.130400	0.137700	0.124800	0.135100
1174996.1	0.122600	0.113400	0.121400	0.115400	0.107600	0.121200	0.111200	0.097800	0.112700	0.118100	0.115300	0.107800	0.106300	0.111500	0.094500	0.119000	0.148700	0.138500	0.142700	0.126200	0.120900	0.116200	0.129100	0.135400	0.127200	0.139300
1179953.9	0.121700	0.111300	0.120900	0.114400	0.107400	0.122900	0.112000	0.100000	0.114200	0.116800	0.117300	0.109500	0.108000	0.110900	0.096700	0.120700	0.148800	0.138300	0.140200	0.126300	0.121300	0.116300	0.128500	0.136000	0.124600	0.134200
1184911.7	0.121000	0.110800	0.120700	0.113300	0.108300	0.124000	0.111700	0.099800	0.114300	0.116300	0.116800	0.108300	0.106500	0.111200	0.096800	0.119800	0.148900	0.138000	0.140700	0.125900	0.121300	0.116300	0.128400	0.135400	0.123300	0.136600
1189869.4	0.121200	0.111500	0.120600	0.114900	0.106400	0.122800	0.110400	0.097800	0.113200	0.117600	0.116800	0.108300	0.106600	0.111200	0.095000	0.119500	0.148700	0.139300	0.142000	0.125500	0.121100	0.115700	0.128400	0.135200	0.125100	0.141300
1194827.2	0.121500	0.110700	0.121300	0.112800	0.107700	0.124900	0.111300	0.099900	0.114400	0.116300	0.117500	0.109700	0.107300	0.111300	0.096800	0.120100	0.148000	0.137400	0.140400	0.125300	0.120800	0.115400	0.128400	0.135200	0.122200	0.140300
1199785.0	0.121000	0.110200	0.120000	0.112800	0.107300	0.122000	0.110400	0.097900	0.112800	0.115700	0.117300	0.108200	0.106300	0.110200	0.095500	0.118600	0.147400	0.138300	0.141600	0.124600	0.119800	0.115300	0.128500	0.134700	0.124200	0.134400
1204742.8	0.121000	0.110900	0.120400	0.114700	0.107400	0.121000	0.110300	0.097700	0.112700	0.116300	0.116100	0.107300	0.106700	0.110500	0.093700	0.118400	0.148000	0.139700	0.142900	0.125600	0.120800	0.115700	0.128600	0.134600	0.126400	0.139800
1209700.6	0.121500	0.110600	0.120500	0.113500	0.106500	0.120100	0.109700	0.097300	0.113100	0.116800	0.116200	0.106900	0.107000	0.111000	0.094100	0.117500	0.147700	0.139000	0.141900	0.124400	0.120000	0.116900	0.129300	0.133800	0.125500	0.138800
1214658.4	0.121300	0.110900	0.120400	0.113200	0.108100	0.126000	0.111500	0.101100	0.115200	0.116300	0.117400	0.111000	0.107800	0.112500	0.099200	0.121000	0.148400	0.137500	0.141300	0.126900	0.121600	0.115800	0.129600	0.136600	0.123000	0.138200
1219616.2	0.120800	0.111300	0.119900	0.114100	0.106700	0.119900	0.110600	0.097900	0.112800	0.116600	0.116700	0.107400	0.106800	0.109800	0.094700	0.118400	0.147600	0.139800	0.143000	0.126000	0.120000	0.116000	0.129000	0.134500	0.126000	0.141800
1224574.0	0.120900	0.110900	0.120100	0.113700	0.106400	0.121700	0.109300	0.098800	0.112800	0.116500	0.116200	0.107100	0.106900	0.111200	0.094600	0.117800	0.147900	0.139000	0.143400	0.127400	0.120700	0.116200	0.129600	0.135000	0.125500	0.139900
1229531.8	0.121900	0.111600	0.120900	0.115600	0.106100	0.120500	0.110700	0.095300	0.112700	0.117000	0.116700	0.107300	0.107300	0.111100	0.093000	0.118900	0.149000	0.140100	0.144500	0.130700	0.120700	0.116600	0.130100	0.135100	0.126900	0.139300
1234489.5	0.121200	0.110300	0.121000	0.113100	0.110000	0.124600	0.110800	0.100200	0.115900	0.115800	0.117300	0.109700	0.107000	0.111000	0.097800	0.120400	0.149000	0.137900	0.141000	0.131200	0.121800	0.116800	0.128300	0.137100	0.123000	0.136400
1239447.3	0.120700	0.110300	0.120300	0.113200	0.108400	0.123100	0.111300	0.099700	0.114400	0.115800	0.116900	0.110300	0.106900	0.111700	0.098200	0.120000	0.148900	0.138000	0.141700	0.131200	0.121600	0.115600	0.129200	0.136500	0.122900	0.133700
1244405.1	0.122800	0.112300	0.121100	0.114400	0.107600	0.126100	0.111200	0.098800	0.114800	0.116700	0.117300	0.108700	0.107900	0.112300	0.096100	0.118800	0.149300	0.139600	0.143000	0.130800	0.121800	0.117000	0.129700	0.136700	0.125000	0.135200
1249362.9	0.126400	0.114100	0.122200	0.114200	0.112800	0.135000	0.112900	0.100900	0.116800	0.117200	0.117700	0.110000	0.108500	0.112200	0.097200	0.119100	0.150200	0.138900	0.142900	0.130400	0.121600	0.116400	0.128900	0.137200	0.124700	0.134500
1254320.7	0.130300	0.117500	0.122800	0.114700	0.115400	0.142100	0.113600	0.102100	0.117600	0.117900	0.117500	0.110800	0.109300	0.114200	0.098100	0.119700	0.150200	0.139400	0.141900	0.130600	0.122300	0.117200	0.129700	0.137700	0.125000	0.139600
1259278.5	0.134300	0.121200	0.123500	0.117500	0.117500	0.152100	0.114100	0.101400	0.118500	0.120200	0.116500	0.109700	0.110900	0.115800	0.095500	0.120500	0.150900	0.140600	0.144200	0.130900	0.122500	0.117500	0.130600	0.137500	0.129200	0.140800
1264236.3	0.138800	0.125000	0.125700	0.116200	0.123800	0.172100	0.117200	0.104100	0.121900	0.121300	0.118300	0.111800	0.112800	0.118800	0.097500	0.120200	0.150700	0.140400	0.143000	0.130000	0.123200	0.117800	0.130600	0.137900	0.126000	0.137100
1269194.1	0.145200	0.130300	0.126600	0.118700	0.127900	0.189400	0.119400	0.106100	0.124000	0.125300	0.118800	0.112700	0.115100	0.121900	0.096800	0.121200	0.152100	0.142100	0.144900	0.130500	0.124600	0.119600	0.131900	0.138900	0.130600	0.138500
1274151.9	0.153700	0.137200	0.129600	0.119200	0.136100	0.208400	0.124100	0.109200	0.127800	0.128000	0.119700	0.114900	0.117900	0.126100	0.097600	0.121600	0.153000	0.144000	0.144800	0.131300	0.124500	0.120300	0.131300	0.139100	0.132500	0.140500
1279109.6	0.163800	0.143200	0.133000	0.119000	0.149300	0.245700	0.131900	0.118100	0.137400	0.132800	0.121500	0.123200	0.124900	0.133900	0.105500	0.125700	0.155000	0.146200	0.146100	0.134200	0.128500	0.121800	0.131200	0.142700	0.133600	0.147000
1284067.4	0.176500	0.156800	0.137000	0.122700	0.161700	0.274000	0.139500	0.123000	0.146200	0.143200	0.123600	0.126900	0.132800	0.146900	0.105500	0.129100	0.159100	0.157900	0.156000	0.136900	0.133200	0.127300	0.133400	0.145100	0.141400	0.158400
1289025.2	0.191800	0.169700	0.141900	0.126100	0.173900	0.287300	0.147200	0.127100	0.160000	0.155800	0.126400	0.133600	0.142400	0.162200	0.101900	0.131300	0.164000	0.171300	0.170800	0.140700	0.138700	0.133900	0.136300	0.148300	0.150200	0.176200
1293983.0	0.202700	0.180100	0.146300	0.128600	0.189000	0.307500	0.159300	0.137500	0.183400	0.164500	0.128300	0.142500	0.152500	0.176800	0.108000	0.136100	0.168800	0.181100	0.181400	0.147500	0.144700	0.138100	0.137800	0.152800	0.153800	0.187600
1298940.8	0.212200	0.189300	0.148900	0.130600	0.201500	0.325200	0.169900	0.144400	0.210800	0.173100	0.132700	0.153400	0.160500	0.189600	0.111500	0.140800	0.174200	0.191400	0.190100	0.152400	0.150200	0.143100	0.140400	0.157500	0.158700	0.196800
1303898.6	0.220000	0.198400	0.151800	0.135000	0.209500	0.334200	0.181100	0.150800	0.230700	0.178300	0.133600	0.160800	0.167400	0.200900	0.111500	0.145500	0.180400	0.203800	0.204000	0.157900	0.156400	0.149700	0.142100	0.162000	0.163300	0.209800
1308856.4	0.225000	0.203500	0.153000	0.137000	0.214200	0.338800	0.191500	0.153000	0.243000	0.182100	0.134600	0.169900	0.172300	0.209200	0.111500	0.147700	0.184100	0.214600	0.217600	0.163600	0.161200	0.155100	0.144500	0.164300	0.169500	0.226500
1313814.2	0.228000	0.206400	0.154800	0.137300	0.224300	0.363700	0.200900	0.164100	0.253900	0.183000	0.136900	0.185000	0.180300	0.219200	0.120900	0.153500	0.190100	0.223100	0.227200	0.170500	0.167100	0.158700	0.146200	0.170300	0.168300	0.225800
1318772.0	0.232600	0.211800	0.155300	0.142900	0.222900	0.354300	0.202400	0.164300	0.250700	0.186600	0.136800	0.188400	0.183500	0.226100	0.115900	0.155200	0.194600	0.233200	0.243000	0.175300	0.170900	0.163100	0.149100	0.173300	0.176800	0.238300
1323729.7	0.232900	0.210100	0.156200	0.143900	0.228500	0.364200	0.208400	0.169700	0.255400	0.186900	0.138700	0.197700	0.188600	0.229800	0.122100	0.160000	0.200500	0.238500	0.248000	0.182800	0.176500	0.168000	0.149800	0.179500	0.176600	0.234000
1328687.5	0.233200	0.212000	0.156800	0.145900	0.226400	0.366600	0.210300	0.174400	0.253900	0.187400	0.137600	0.201800	0.190500	0.234600	0.124600	0.162300	0.204500	0.242200	0.254600	0.184700	0.179400	0.170300	0.151400	0.181600	0.179400	0.239300
1333645.3	0.237000	0.213000	0.157800	0.147400	0.229800	0.378900	0.211100	0.181400	0.253000	0.188600	0.139900	0.209800	0.192500	0.237500	0.133600	0.165900	0.209800	0.246300	0.257400	0.189000	0.181700	0.172500	0.152600	0.187800	0.179500	0.240200
1338603.1	0.237000	0.212600	0.158500	0.149500	0.228900	0.372100	0.213900	0.181400	0.249300	0.190300	0.139400	0.211400	0.194700	0.241900	0.135800	0.168800	0.214700	0.249400	0.261700	0.192300	0.186500	0.176800	0.154200	0.190700	0.182200	0.242500
1343560.9	0.235400	0.211200	0.157900	0.150800	0.229500	0.380100	0.214700	0.184700	0.245400	0.188400	0.139400	0.215100	0.196600	0.244700	0.144200	0.171500	0.217700	0.249500	0.261800	0.196000	0.188800	0.177700	0.154100	0.194400	0.181400	0.236100
1348518.7	0.236400	0.211800	0.158300	0.153300	0.228700	0.378000	0.214800	0.183300	0.242300	0.189000	0.140100	0.215000	0.198100	0.247900	0.145600	0.172600	0.224000	0.253100	0.265700	0.196100	0.192200	0.181700	0.156700	0.198600	0.182400	0.237800
1353476.5	0.234900	0.211100	0.158100	0.154500	0.229900	0.374100	0.214700	0.183200	0.235700	0.188700	0.140500	0.213800	0.198500	0.248800	0.146400	0.173300	0.225900	0.255100	0.266500	0.198200	0.193000	0.183200	0.156600	0.199300	0.183200	0.241400
1358434.3	0.238000	0.212300	0.159500	0.158200	0.227300	0.364200	0.216800	0.178100	0.227700	0.192000	0.138800	0.211200	0.201700	0.256200	0.144700	0.170900	0.227100	0.261100	0.276400	0.197000	0.194400	0.185300	0.159400	0.199600	0.189200	0.256200
1363392.1	0.236800	0.208200	0.158800	0.159000	0.229000	0.367400	0.216400	0.180600	0.227300	0.191700	0.139500	0.214300	0.203800	0.259100	0.149700	0.174900	0.228000	0.261000	0.277300	0.200200	0.195200	0.185500	0.159600	0.201200	0.185500	0.247000
1368349.8	0.236400	0.208500	0.158700	0.162700	0.227200	0.366400	0.216100	0.177600	0.221900	0.193500	0.139200	0.213700	0.205000	0.261600	0.152800	0.175800	0.229700	0.262100	0.281400	0.200200	0.195800	0.187200	0.160700	0.201700	0.188500	0.251000
1373307.6	0.234600	0.207600	0.158600	0.160600	0.231000	0.373400	0.218800	0.181600	0.223500	0.190900	0.140300	0.220800	0.204500	0.261800	0.166300	0.177100	0.227400	0.257900	0.275400	0.198700	0.195300	0.185700	0.160400	0.201900	0.183500	0.241400
1378265.4	0.237100	0.214300	0.159000	0.165300	0.225200	0.359900	0.224100	0.177900	0.217400	0.194200	0.138700	0.218800	0.208200	0.262700	0.166200	0.176600	0.227700	0.263000	0.282800	0.198700	0.194400	0.187300	0.162700	0.199700	0.189300	0.256000
1383223.2	0.234800	0.213900	0.157600	0.166400	0.224100	0.353500	0.229300	0.175800	0.213400	0.194200	0.138400	0.216400	0.208500	0.260200	0.169000	0.174700	0.225700	0.265600	0.283700	0.196900	0.194900	0.187400	0.163200	0.198900	0.190100	0.261000
1388181.0	0.239800	0.216700	0.161700	0.166800	0.230700	0.364700	0.263200	0.179500	0.215400	0.195700	0.140300	0.223200	0.219700	0.266900	0.178900	0.177000	0.226000	0.266300	0.283800	0.197700	0.197500	0.187800	0.163800	0.199500	0.187900	0.256100
1393138.8	0.237600	0.213400	0.161100	0.164100	0.229000	0.376000	0.269400	0.182200	0.214800	0.194600	0.140500	0.226300	0.223100	0.267900	0.188900	0.179300	0.225400	0.264100	0.284200	0.196600	0.197900	0.188400	0.164600	0.200400	0.186600	0.248800
1398096.6	0.235100	0.208900	0.159700	0.161900	0.228100	0.374600	0.261200	0.180800	0.213800	0.192900	0.138900	0.227200	0.218800	0.265500	0.191800	0.178200	0.221500	0.263300	0.281300	0.195300	0.196300	0.185900	0.164200	0.198500	0.183100	0.245300
1403054.4	0.232600	0.210600	0.159400	0.166900	0.225800	0.352100	0.253100	0.173100	0.204600	0.196300	0.138500	0.222800	0.215500	0.265100	0.187400	0.175600	0.220500	0.268300	0.288700	0.193900	0.196200	0.186700	0.165000	0.195600	0.187700	0.255400
1408012.2	0.226400	0.204500	0.157500	0.163000	0.217900	0.347400	0.243500	0.170000	0.195000	0.191300	0.136600	0.218300	0.212600	0.259700	0.188100	0.174600	0.217300	0.265600	0.285200	0.190400	0.193500	0.185200	0.165000	0.193500	0.183500	0.246600
1412969.9	0.223400	0.200800	0.154200	0.160100	0.209600	0.337600	0.235500	0.165100	0.186700	0.187100	0.134400	0.214500	0.205500	0.252800	0.186200	0.170000	0.214600	0.263600	0.282200	0.186900	0.189400	0.181600	0.164500	0.190300	0.182200	0.248900
1417927.7	0.218200	0.196700	0.153700	0.158500	0.207800	0.339100	0.233000	0.164700	0.183600	0.185800	0.134100	0.216500	0.204400	0.248300	0.192600	0.169400	0.211600	0.260600	0.280300	0.185800	0.188000	0.180000	0.164600	0.189600	0.179600	0.246600
1422885.5	0.218800	0.198900	0.154500	0.160700	0.202700	0.328900	0.227100	0.159000	0.178000	0.187600	0.132500	0.212500	0.201400	0.245200	0.184600	0.166600	0.211800	0.267600	0.288600	0.184400	0.187100	0.180300	0.166200	0.187500	0.184700	0.259000
1427843.3	0.215900	0.196800	0.151100	0.159800	0.198000	0.321700	0.220600	0.159500	0.173700	0.185500	0.133700	0.212900	0.198200	0.244000	0.182900	0.163400	0.207200	0.263200	0.285900	0.182500	0.184700	0.177600	0.164400	0.183000	0.182600	0.256600
1432801.1	0.211000	0.191000	0.149400	0.156000	0.193200	0.310400	0.211900	0.156600	0.167600	0.180200	0.132000	0.210600	0.194700	0.236100	0.183800	0.161900	0.203000	0.254800	0.279000	0.179500	0.180000	0.174800	0.163900	0.180200	0.177700	0.243200
1437758.9	0.205700	0.184200	0.147100	0.152700	0.187800	0.299700	0.202000	0.157700	0.162000	0.173800	0.131600	0.209000	0.189700	0.227500	0.186300	0.158900	0.197200	0.244000	0.268300	0.174900	0.176600	0.169300	0.161400	0.176800	0.171400	0.229200
1442716.7	0.199300	0.179500	0.145100	0.151900	0.178900	0.278300	0.192800	0.151500	0.156100	0.171300	0.129700	0.200500	0.181900	0.218800	0.177700	0.156100	0.193800	0.239800	0.265200	0.171500	0.173000	0.167800	0.161800	0.174000	0.172000	0.227300
1447674.5	0.194900	0.174200	0.143600	0.148900	0.172500	0.260300	0.185100	0.146800	0.149900	0.168000	0.128800	0.196100	0.176300	0.210800	0.169200	0.152800	0.190200	0.234600	0.259300	0.167900	0.169600	0.163300	0.160400	0.170400	0.167800	0.221600
1452632.2	0.188400	0.169000	0.141700	0.148100	0.165300	0.245000	0.176700	0.142100	0.144100	0.163000	0.127900	0.192100	0.170800	0.202900	0.164300	0.149100	0.186300	0.229700	0.254600	0.164600	0.166100	0.160300	0.159200	0.167300	0.166500	0.216500
1457590.0	0.182100	0.163300	0.140800	0.145300	0.162600	0.234800	0.169900	0.140900	0.142000	0.158600	0.126900	0.188500	0.166500	0.197100	0.161100	0.147200	0.184000	0.221900	0.247100	0.161900	0.163500	0.157400	0.158300	0.165100	0.161400	0.202800
1462547.8	0.179900	0.161400	0.138700	0.145400	0.154400	0.217300	0.163700	0.134900	0.137400	0.156300	0.125800	0.182500	0.161000	0.188600	0.153800	0.144200	0.180900	0.219000	0.243600	0.159000	0.160000	0.155500	0.158400	0.161800	0.162400	0.207800
1467505.6	0.173100	0.154500	0.137500	0.141500	0.150500	0.209800	0.158800	0.135000	0.136100	0.151000	0.125400	0.180400	0.157400	0.181500	0.156500	0.144000	0.178500	0.211200	0.234500	0.156200	0.158000	0.151500	0.156500	0.161200	0.155800	0.192200
1472463.4	0.167300	0.149400	0.136200	0.140400	0.144600	0.197800	0.153000	0.131300	0.132300	0.147400	0.124200	0.174000	0.151900	0.175000	0.149800	0.141800	0.176900	0.206800	0.230000	0.154300	0.154700	0.150100	0.155700	0.159200	0.153700	0.185800
1477421.2	0.164100	0.145900	0.134400	0.139000	0.138000	0.182300	0.147900	0.126700	0.128900	0.144500	0.122900	0.167700	0.148600	0.167600	0.142500	0.137400	0.174500	0.203200	0.225000	0.150400	0.152700	0.147600	0.155600	0.156200	0.152700	0.182000
1482379.0	0.159000	0.142000	0.132700	0.137000	0.134200	0.174000	0.143000	0.124200	0.126500	0.140500	0.121600	0.163000	0.143900	0.161600	0.139900	0.135400	0.172400	0.197400	0.219700	0.148800	0.150800	0.145100	0.153900	0.155300	0.148800	0.179800
1487336.8	0.154200	0.137900	0.131400	0.135600	0.129900	0.169000	0.139300	0.122700	0.124800	0.138100	0.121400	0.160200	0.141500	0.156100	0.138100	0.134500	0.171900	0.193000	0.214500	0.147300	0.148700	0.143400	0.153000	0.155100	0.147400	0.172800
1492294.6	0.151200	0.135200	0.130400	0.132500	0.128800	0.165300	0.137000	0.123200	0.124500	0.135600	0.121000	0.157400	0.138300	0.152400	0.140200	0.134200	0.169200	0.187900	0.208100	0.145600	0.146800	0.140800	0.151200	0.153600	0.143500	0.168100
1497252.3	0.147900	0.132800	0.128500	0.131300	0.125500	0.159000	0.133500	0.119100	0.122700	0.133000	0.120100	0.152700	0.136500	0.148400	0.134100	0.132000	0.167200	0.184600	0.204400	0.144200	0.145700	0.138300	0.150800	0.151700	0.141900	0.164000
1502210.1	0.145300	0.130300	0.129300	0.130600	0.123800	0.154000	0.131800	0.118900	0.121900	0.131900	0.119300	0.150400	0.134800	0.145000	0.133600	0.130900	0.167300	0.181200	0.200700	0.142500	0.144300	0.137700	0.150400	0.151200	0.140300	0.160800
1507167.9	0.143500	0.129400	0.128500	0.130900	0.120600	0.150300	0.129800	0.117200	0.121500	0.131100	0.119300	0.147600	0.133700	0.142700	0.129800	0.130000	0.166100	0.179700	0.199500	0.140900	0.143100	0.138400	0.150800	0.151000	0.141200	0.160500
1512125.7	0.139900	0.126600	0.127700	0.127700	0.121500	0.151900	0.129000	0.118700	0.122000	0.127300	0.118600	0.147600	0.131900	0.140600	0.132700	0.130300	0.165600	0.174200	0.191900	0.140400	0.141700	0.134700	0.148400	0.150000	0.134900	0.153800
1517083.5	0.139900	0.126600	0.127000	0.128100	0.119100	0.145500	0.126300	0.114400	0.119400	0.127300	0.117400	0.142600	0.130400	0.138500	0.127100	0.128200	0.163300	0.173900	0.191400	0.138100	0.139500	0.133700	0.149500	0.147300	0.138000	0.156500
1522041.3	0.137300	0.124900	0.125600	0.127200	0.117500	0.144300	0.124800	0.113300	0.120300	0.126600	0.117200	0.140200	0.128900	0.136000	0.124100	0.126900	0.162900	0.171400	0.188400	0.136900	0.139600	0.133000	0.148200	0.147700	0.136600	0.154700
1526999.1	0.136400	0.123400	0.126400	0.125500	0.119500	0.144500	0.125200	0.115200	0.120800	0.124700	0.117200	0.138900	0.128600	0.135400	0.125800	0.128300	0.163100	0.167700	0.184900	0.137700	0.139100	0.132900	0.147300	0.147900	0.133300	0.149000
1531956.9	0.135700	0.124000	0.125900	0.125900	0.116100	0.141400	0.123200	0.112600	0.118700	0.124800	0.116100	0.136200	0.127000	0.133500	0.123600	0.126600	0.161400	0.167000	0.183200	0.135800	0.137100	0.130400	0.147200	0.147000	0.134700	0.150900
1536914.7	0.133600	0.122600	0.125200	0.124600	0.116600	0.139900	0.122300	0.110700	0.118100	0.123500	0.115600	0.133400	0.126400	0.132300	0.120000	0.126100	0.160800	0.164200	0.181100	0.136100	0.136600	0.129900	0.146800	0.145800	0.132800	0.149900
1541872.4	0.133400	0.121800	0.126100	0.123400	0.118800	0.145100	0.122500	0.115200	0.121500	0.122200	0.117000	0.137400	0.127400	0.131900	0.127200	0.128400	0.161500	0.161100	0.176400	0.136800	0.137100	0.130000	0.145900	0.148500	0.129700	0.145100
1546830.2	0.132500	0.123200	0.124500	0.124300	0.114500	0.137800	0.120500	0.110000	0.118100	0.122700	0.114700	0.130900	0.124900	0.130100	0.119000	0.125200	0.160500	0.162400	0.178400	0.133700	0.135300	0.130100	0.145900	0.145400	0.133100	0.147700
1551788.0	0.132400	0.121600	0.125700	0.123000	0.115300	0.139900	0.121200	0.112400	0.119800	0.121100	0.114900	0.133000	0.124600	0.130500	0.122600	0.126500	0.160300	0.158900	0.174200	0.134700	0.135800	0.129100	0.145600	0.147200	0.130100	0.145500
1556745.8	0.132300	0.121900	0.124900	0.124600	0.112900	0.132800	0.118700	0.107300	0.116700	0.123000	0.113800	0.126700	0.123800	0.129700	0.113100	0.124500	0.160600	0.160800	0.176000	0.133000	0.134900	0.129200	0.145800	0.145200	0.134600	0.152200
1561703.6	0.130800	0.120100	0.123600	0.122800	0.114200	0.135500	0.118800	0.108300	0.118200	0.121200	0.114000	0.127900	0.122700	0.128700	0.116600	0.125700	0.160200	0.157600	0.173500	0.132600	0.135100	0.128200	0.145700	0.145500	0.131000	0.142100
1566661.4	0.129500	0.120100	0.123900	0.122100	0.116000	0.135400	0.118800	0.108400	0.118100	0.120700	0.113200	0.126800	0.121800	0.127100	0.115900	0.125100	0.159900	0.157000	0.170600	0.132000	0.133800	0.127600	0.144700	0.144600	0.129800	0.144400
1571619.2	0.128800	0.118000	0.124000	0.119000	0.117900	0.142200	0.119100	0.113000	0.121000	0.118200	0.114000	0.130700	0.122100	0.126700	0.123500	0.127200	0.159400	0.153000	0.165600	0.133200	0.134000	0.126300	0.143200	0.147400	0.125000	0.137100
1576577.0	0.129800	0.118600	0.123800	0.120100	0.115600	0.136900	0.118300	0.109600	0.118800	0.119100	0.113300	0.127700	0.121600	0.126500	0.118000	0.126000	0.158900	0.152800	0.167000	0.131600	0.133800	0.126300	0.143400	0.145200	0.127900	0.142000
1581534.8	0.128500	0.119800	0.123800	0.121400	0.113400	0.134300	0.117900	0.106800	0.117900	0.119900	0.111900	0.123700	0.121600	0.125000	0.111900	0.124500	0.160500	0.153600	0.168400	0.131800	0.133200	0.127000	0.144100	0.145000	0.130500	0.147300
1586492.5	0.127900	0.118500	0.123000	0.119900	0.114600	0.137800	0.118300	0.109200	0.119300	0.118600	0.112600	0.125500	0.120400	0.125000	0.117700	0.124800	0.158600	0.150000	0.163000	0.130900	0.133100	0.125400	0.142300	0.145700	0.126500	0.139400
1591450.3	0.127600	0.118300	0.123300	0.120100	0.113600	0.136400	0.117500	0.108000	0.117800	0.118900	0.112200	0.123400	0.120600	0.124900	0.114200	0.123800	0.159200	0.150800	0.164100	0.131600	0.133200	0.125600	0.143100	0.145300	0.127600	0.138200
1596408.1	0.128600	0.118900	0.122700	0.120500	0.112100	0.133600	0.116900	0.105500	0.117000	0.118900	0.111900	0.120500	0.119700	0.124100	0.109500	0.122900	0.158500	0.151200	0.164800	0.130300	0.132600	0.125400	0.143400	0.143700	0.128400	0.141800
1601365.9	0.129300	0.119300	0.123000	0.121300	0.111100	0.130600	0.115600	0.103200	0.115900	0.119100	0.111100	0.118400	0.118100	0.123500	0.108100	0.122100	0.158800	0.152300	0.164100	0.130500	0.132500	0.126500	0.143900	0.143800	0.131300	0.147600
1606323.7	0.127300	0.117300	0.122600	0.117900	0.112900	0.136300	0.116900	0.105700	0.117400	0.117600	0.111600	0.121000	0.119600	0.123300	0.109200	0.123700	0.159600	0.149100	0.161800	0.132200	0.132600	0.125000	0.143200	0.145300	0.126300	0.138200
1611281.5	0.128500	0.119000	0.123500	0.119800	0.112100	0.132700	0.116000	0.103600	0.115800	0.118200	0.111200	0.118600	0.119200	0.122800	0.107800	0.122600	0.159400	0.150000	0.162000	0.130300	0.132100	0.125800	0.143400	0.144800	0.128700	0.142100
1616239.3	0.127400	0.117700	0.121800	0.119000	0.111200	0.131300	0.114400	0.102600	0.115300	0.118100	0.110400	0.117600	0.118200	0.122300	0.105200	0.121300	0.158400	0.150500	0.161600	0.129500	0.131700	0.125700	0.143500	0.143900	0.128900	0.143000
1621197.1	0.128400	0.118000	0.122700	0.119700	0.110600	0.133100	0.115600	0.103200	0.115500	0.118700	0.110400	0.117100	0.119100	0.122300	0.106100	0.122200	0.158500	0.149900	0.161200	0.129200	0.131500	0.125800	0.143500	0.144400	0.129000	0.144400
1626154.9	0.126500	0.116300	0.122600	0.117300	0.113100	0.136300	0.115600	0.105800	0.117700	0.117100	0.110500	0.118900	0.118400	0.121700	0.109800	0.122900	0.158700	0.146900	0.157900	0.130200	0.131800	0.125100	0.142100	0.145600	0.126100	0.142500
