VERSION	1200
Time[MSec.]	Ratio	Ratio	Ratio	Ratio	Ratio	Ratio	Ratio	Ratio	Ratio	Ratio	Ratio	Ratio	Ratio	Ratio	Ratio	Ratio	Ratio	Ratio	Ratio	Ratio
%.1f	%.4f	%.4f	%.4f	%.4f	%.4f	%.4f	%.4f	%.4f	%.4f	%.4f	%.4f	%.4f	%.4f	%.4f	%.4f	%.4f	%.4f	%.4f	%.4f	%.4f
Time	ROI(1-1)	ROI(1-2)	ROI(1-3)	ROI(1-4)	ROI(1-5)	ROI(1-6)	ROI(1-7)	ROI(1-8)	ROI(1-9)	ROI(1-10)	ROI(1-11)	ROI(1-12)	ROI(1-13)	ROI(1-14)	ROI(1-15)	ROI(1-16)	ROI(1-17)	ROI(1-18)	ROI(1-19)	ROI(1-20)
GraphNo	1	2	3	4	5	6	7	8	9	10	11	12	13	14	15	16	17	18	19	20
0.0	0.151700	0.188200	0.249800	0.171400	0.159200	0.177600	0.168000	0.188400	0.194800	0.220900	0.248000	0.185200	0.170400	0.168600	0.154500	0.153200	0.223500	0.194300	0.185800	0.140300
5095.5	0.149400	0.185000	0.247200	0.170700	0.159500	0.176700	0.181300	0.191200	0.192800	0.218100	0.246000	0.185500	0.170500	0.167900	0.153700	0.152200	0.228300	0.195600	0.186200	0.139100
10191.0	0.151600	0.185600	0.246600	0.171800	0.161700	0.177000	0.183200	0.194700	0.198800	0.216600	0.243700	0.185200	0.170300	0.168800	0.153500	0.152900	0.225700	0.197300	0.186600	0.140800
15286.5	0.150800	0.186400	0.246400	0.170400	0.158500	0.175300	0.178800	0.187600	0.189600	0.216500	0.241400	0.183600	0.169700	0.168000	0.153500	0.152000	0.225100	0.194400	0.183900	0.140200
20382.0	0.151600	0.186800	0.246700	0.171300	0.160800	0.176700	0.171500	0.186500	0.188000	0.214500	0.241800	0.185100	0.169800	0.170300	0.155900	0.154700	0.224700	0.195200	0.186000	0.140600
25477.5	0.156300	0.188800	0.246700	0.169200	0.161700	0.177300	0.170600	0.179500	0.181900	0.210700	0.247000	0.180500	0.170500	0.171200	0.157700	0.157500	0.222300	0.201200	0.193200	0.146100
30573.0	0.154200	0.188200	0.244800	0.169900	0.161600	0.177900	0.167500	0.177300	0.179000	0.209000	0.244300	0.181300	0.169300	0.170900	0.157600	0.156500	0.220700	0.201100	0.194300	0.144300
35668.6	0.154800	0.187700	0.244600	0.169600	0.161200	0.177400	0.166200	0.175900	0.178400	0.207600	0.244700	0.180900	0.170000	0.170100	0.158200	0.157100	0.220900	0.202700	0.196700	0.146500
40764.1	0.154000	0.186900	0.245000	0.173000	0.159800	0.176500	0.175700	0.188600	0.190400	0.208800	0.240500	0.182400	0.169600	0.171000	0.155800	0.153500	0.220100	0.199300	0.191200	0.140700
45859.6	0.151500	0.183300	0.242700	0.173200	0.159600	0.176600	0.180400	0.194000	0.192900	0.206000	0.235800	0.183700	0.169500	0.169400	0.154200	0.151700	0.220600	0.196400	0.188700	0.137700
50955.1	0.151800	0.185200	0.243600	0.174700	0.161700	0.177100	0.186500	0.196300	0.195500	0.207000	0.233700	0.186100	0.170500	0.170400	0.156000	0.153800	0.222200	0.198200	0.192100	0.142000
56050.6	0.153600	0.185300	0.241100	0.171300	0.162200	0.178300	0.172500	0.182900	0.182800	0.203600	0.235100	0.181900	0.170000	0.170100	0.156200	0.154200	0.219800	0.197100	0.194000	0.143400
61146.1	0.154700	0.183000	0.239700	0.171500	0.160600	0.177400	0.170600	0.179100	0.182100	0.201500	0.231700	0.179400	0.168400	0.169500	0.156000	0.154700	0.216400	0.196900	0.194400	0.145600
66241.6	0.148800	0.181000	0.239700	0.176000	0.159500	0.176800	0.182800	0.202600	0.199500	0.205000	0.226000	0.184900	0.169500	0.169800	0.153900	0.150800	0.219900	0.192900	0.183900	0.135600
71337.1	0.153000	0.181900	0.239600	0.172700	0.161100	0.176900	0.175200	0.184300	0.184300	0.199800	0.225500	0.181900	0.169100	0.169800	0.156200	0.153400	0.216900	0.196100	0.189400	0.142200
76432.6	0.152200	0.182300	0.241800	0.173700	0.159400	0.174200	0.186400	0.192900	0.193200	0.201400	0.226200	0.178900	0.168100	0.169900	0.154500	0.149600	0.198300	0.189300	0.181800	0.134600
81528.1	0.153200	0.185000	0.242100	0.172300	0.161500	0.178300	0.171000	0.185200	0.185800	0.200600	0.228100	0.181500	0.171100	0.170600	0.156700	0.153000	0.216100	0.193300	0.187400	0.140400
86623.6	0.152000	0.182200	0.242300	0.175100	0.180800	0.176600	0.179800	0.196000	0.195600	0.201700	0.224200	0.184500	0.170400	0.170200	0.155600	0.152300	0.198100	0.190400	0.186100	0.140000
91719.1	0.160700	0.203400	0.244700	0.180000	0.162300	0.176600	0.179000	0.194600	0.194200	0.216900	0.308600	0.186100	0.171500	0.176200	0.156300	0.149800	0.217300	0.196000	0.184400	0.133900
96814.6	0.405700	0.426800	0.258100	0.329400	0.180400	0.344200	0.311700	0.504700	0.272100	0.340400	0.460900	0.199100	0.295000	0.298800	0.204400	0.304700	0.232700	0.335500	0.353100	0.283600
101910.1	0.322600	0.338200	0.301800	0.271500	0.178600	0.351900	0.316300	0.450800	0.263800	0.335400	0.366000	0.296600	0.281100	0.336100	0.243100	0.296300	0.277300	0.294600	0.276000	0.231600
107005.7	0.300900	0.360100	0.323300	0.268900	0.178100	0.342000	0.294700	0.391600	0.250500	0.325400	0.328200	0.302800	0.265100	0.284400	0.223300	0.273600	0.292000	0.285400	0.309300	0.236100
112101.2	0.293600	0.338100	0.326400	0.283000	0.177600	0.328600	0.297400	0.375100	0.250300	0.332000	0.382400	0.316400	0.265500	0.288000	0.244100	0.263200	0.288900	0.267900	0.265800	0.217800
117196.7	0.294700	0.349000	0.320800	0.261800	0.178600	0.311200	0.287100	0.343700	0.239700	0.337900	0.489200	0.326100	0.260400	0.270100	0.216400	0.261800	0.291200	0.261600	0.260300	0.214500
122292.2	0.267300	0.318300	0.309100	0.261300	0.175000	0.285000	0.276200	0.329400	0.234400	0.339800	0.374700	0.335100	0.256700	0.264500	0.227700	0.252100	0.290900	0.256200	0.261900	0.205700
127387.7	0.256300	0.312900	0.298800	0.255200	0.176900	0.262300	0.262000	0.299400	0.220200	0.339200	0.318000	0.333200	0.255200	0.257000	0.222000	0.249300	0.284500	0.254700	0.263400	0.207600
132483.2	0.257200	0.302100	0.290500	0.246400	0.176900	0.239400	0.253800	0.285900	0.217200	0.340300	0.294000	0.338000	0.252800	0.247900	0.211600	0.245100	0.283200	0.253200	0.261200	0.208200
137578.7	0.246800	0.296200	0.286000	0.250600	0.174700	0.223700	0.258800	0.290300	0.219900	0.349300	0.284400	0.346900	0.253200	0.244500	0.218900	0.235100	0.278700	0.246400	0.248700	0.194800
142674.2	0.254500	0.307300	0.280000	0.245100	0.176200	0.214300	0.266800	0.293300	0.226300	0.357000	0.367400	0.351000	0.250500	0.238100	0.213100	0.230700	0.273300	0.244500	0.248200	0.192900
147769.7	0.250300	0.301900	0.274000	0.238100	0.180100	0.207900	0.252100	0.270200	0.217200	0.353700	0.399900	0.353500	0.251600	0.233000	0.204100	0.227400	0.272900	0.246400	0.252200	0.194800
152865.2	0.233200	0.284300	0.270400	0.236200	0.180600	0.201000	0.246500	0.267300	0.214900	0.352700	0.302500	0.357800	0.250600	0.228500	0.202000	0.221200	0.273000	0.242000	0.243400	0.186200
157960.7	0.223200	0.274800	0.265800	0.230500	0.180100	0.196300	0.247500	0.265300	0.215200	0.356800	0.268200	0.361100	0.248500	0.224600	0.201900	0.217000	0.266700	0.240100	0.239800	0.182500
163056.2	0.210800	0.261100	0.260600	0.233300	0.178100	0.191200	0.257000	0.273500	0.223600	0.356500	0.250500	0.358200	0.248200	0.219900	0.200600	0.209400	0.268100	0.234800	0.231500	0.174100
168151.7	0.214200	0.256500	0.257000	0.229200	0.177600	0.186400	0.247600	0.264300	0.218800	0.351400	0.244900	0.356100	0.246700	0.215500	0.193900	0.207900	0.262600	0.232900	0.232400	0.174400
173247.2	0.212100	0.254800	0.258200	0.232100	0.178200	0.186000	0.254000	0.265000	0.223800	0.352200	0.241200	0.356000	0.247600	0.212200	0.188400	0.203700	0.258100	0.232300	0.231700	0.173600
178342.7	0.211900	0.252900	0.256500	0.228800	0.177100	0.184500	0.236800	0.245900	0.212300	0.345700	0.244000	0.348600	0.248000	0.209700	0.184500	0.200400	0.254600	0.232800	0.234800	0.173800
183438.2	0.214400	0.259700	0.258900	0.228600	0.176500	0.186300	0.246200	0.248800	0.216400	0.349600	0.277400	0.343000	0.248300	0.208200	0.181300	0.198700	0.249200	0.231800	0.230500	0.171400
188533.8	0.208500	0.259900	0.256100	0.215700	0.173600	0.181200	0.230400	0.234500	0.205900	0.335700	0.310900	0.331600	0.245500	0.203400	0.173200	0.192300	0.238100	0.228600	0.223300	0.166200
193629.3	0.211600	0.259200	0.257600	0.225500	0.175500	0.186200	0.235300	0.238600	0.211800	0.342300	0.289600	0.335400	0.247500	0.206900	0.173700	0.197400	0.238400	0.231100	0.227400	0.171400
198724.8	0.206000	0.253200	0.255900	0.219700	0.177300	0.185500	0.220100	0.226800	0.201100	0.333500	0.277000	0.330200	0.247600	0.206600	0.172700	0.196600	0.235600	0.231900	0.226100	0.172800
203820.3	0.203700	0.254200	0.256000	0.212600	0.177900	0.183000	0.228700	0.226600	0.201800	0.331800	0.276400	0.319900	0.248100	0.204800	0.171400	0.195100	0.230600	0.231200	0.228200	0.177100
208915.8	0.183800	0.240800	0.252500	0.214200	0.174700	0.180800	0.226200	0.229900	0.208100	0.322600	0.256000	0.312700	0.244700	0.201100	0.166400	0.189100	0.230300	0.227500	0.222000	0.168100
214011.3	0.174500	0.235500	0.251100	0.210400	0.174200	0.179300	0.215900	0.218300	0.197600	0.317300	0.248200	0.301000	0.246200	0.201500	0.165800	0.186300	0.224300	0.227000	0.220100	0.166000
219106.8	0.167900	0.232300	0.250600	0.209700	0.175900	0.180400	0.214800	0.216900	0.198400	0.311800	0.238900	0.297300	0.248600	0.201800	0.166400	0.186700	0.220500	0.228100	0.222100	0.170100
224202.3	0.159200	0.226400	0.249200	0.212000	0.173100	0.176900	0.232600	0.237500	0.214700	0.307500	0.227300	0.292800	0.243700	0.198100	0.162200	0.180900	0.217900	0.223800	0.217500	0.164700
229297.8	0.156300	0.222500	0.249600	0.205300	0.175600	0.179100	0.214600	0.214400	0.198500	0.292600	0.223400	0.276600	0.240200	0.198100	0.164100	0.185100	0.213800	0.229300	0.222600	0.169400
234393.3	0.152100	0.217600	0.249200	0.207800	0.173400	0.176900	0.232200	0.234000	0.215600	0.291300	0.218500	0.275000	0.231300	0.192300	0.159700	0.179300	0.213600	0.229500	0.215000	0.161800
239488.8	0.151300	0.217200	0.246000	0.202900	0.171300	0.174900	0.221100	0.223100	0.205600	0.278500	0.228100	0.262300	0.222700	0.188200	0.157200	0.175500	0.208800	0.231400	0.212300	0.160600
244584.3	0.152900	0.219400	0.247200	0.200400	0.174200	0.175300	0.215200	0.217100	0.206100	0.272700	0.243100	0.256000	0.217100	0.186200	0.157500	0.173100	0.207300	0.234200	0.211800	0.161300
249679.8	0.152000	0.217900	0.248000	0.197500	0.172100	0.173700	0.214000	0.215600	0.204600	0.268000	0.249700	0.254900	0.214200	0.182500	0.155800	0.167700	0.206300	0.233500	0.206900	0.157600
254775.3	0.152500	0.215900	0.245900	0.193500	0.171300	0.172400	0.214300	0.211000	0.201600	0.264600	0.249800	0.247200	0.209100	0.177000	0.154100	0.163300	0.202100	0.230100	0.203000	0.157400
259870.8	0.152200	0.212200	0.246900	0.187600	0.173000	0.174200	0.204500	0.199600	0.194800	0.259600	0.245800	0.245700	0.208100	0.174700	0.155300	0.161100	0.202700	0.231800	0.203100	0.159800
264966.3	0.151900	0.205200	0.244800	0.181100	0.172800	0.173100	0.197000	0.194200	0.192000	0.253000	0.236100	0.242400	0.208600	0.173100	0.155400	0.158300	0.200500	0.230600	0.198600	0.158200
270061.9	0.148100	0.196400	0.242200	0.175100	0.168500	0.170100	0.209200	0.202000	0.200100	0.251500	0.224600	0.239100	0.208200	0.170100	0.151100	0.150900	0.198900	0.220300	0.185200	0.146400
275157.4	0.148100	0.190700	0.238800	0.165900	0.171100	0.172000	0.182200	0.174100	0.179500	0.239500	0.218800	0.231500	0.208500	0.170300	0.154300	0.154700	0.194000	0.222600	0.189900	0.153300
280252.9	0.142600	0.183900	0.238500	0.169000	0.165500	0.166400	0.221900	0.214000	0.212400	0.248500	0.206300	0.236400	0.208900	0.168100	0.147400	0.145500	0.196800	0.208700	0.171300	0.133300
285348.4	0.142100	0.180200	0.236800	0.165000	0.167900	0.165600	0.204600	0.195800	0.197700	0.239700	0.202200	0.233600	0.210900	0.168600	0.149100	0.147600	0.193800	0.208000	0.170000	0.131800
290443.9	0.143200	0.177400	0.237300	0.163200	0.168200	0.165000	0.197100	0.187700	0.191400	0.233700	0.200100	0.228700	0.209100	0.168700	0.149800	0.149100	0.191800	0.206700	0.170000	0.132000
295539.4	0.142000	0.178300	0.237500	0.163200	0.168800	0.162900	0.199500	0.191100	0.194400	0.234500	0.198800	0.228500	0.210200	0.168600	0.149200	0.149400	0.192400	0.204600	0.168000	0.129300
300634.9	0.142700	0.176700	0.235900	0.161800	0.169500	0.162300	0.190000	0.181900	0.188600	0.228300	0.195800	0.222800	0.208000	0.168100	0.150400	0.150000	0.190000	0.203500	0.170100	0.131800
305730.4	0.142900	0.176100	0.237700	0.161000	0.170700	0.161900	0.185700	0.175800	0.182900	0.225900	0.194200	0.225300	0.206600	0.168900	0.151000	0.151300	0.189400	0.202300	0.171000	0.132600
310825.9	0.145200	0.177600	0.237200	0.161000	0.169000	0.159700	0.192600	0.182700	0.188400	0.225900	0.194000	0.219800	0.203600	0.167700	0.151200	0.150600	0.188500	0.199300	0.170900	0.133700
315921.4	0.141200	0.174100	0.241300	0.163300	0.169400	0.158900	0.196100	0.189600	0.195000	0.225300	0.191100	0.223400	0.203600	0.167100	0.150100	0.149500	0.190600	0.193800	0.166200	0.129000
321016.9	0.144600	0.176700	0.242800	0.162100	0.170500	0.159700	0.189900	0.182000	0.188300	0.224100	0.192000	0.218900	0.200700	0.167300	0.151200	0.151200	0.188900	0.193400	0.170400	0.133500
326112.4	0.141400	0.174000	0.240700	0.163500	0.168200	0.157200	0.191100	0.187200	0.194700	0.221200	0.188500	0.219000	0.199200	0.166200	0.148900	0.147700	0.187300	0.186500	0.163900	0.126500
331207.9	0.141800	0.176000	0.241400	0.164500	0.167300	0.156000	0.201600	0.195900	0.199400	0.222200	0.189400	0.220600	0.197600	0.165800	0.148200	0.148000	0.188800	0.185300	0.162900	0.126100
336303.4	0.143200	0.177500	0.240500	0.163400	0.168100	0.157600	0.191700	0.189600	0.192800	0.221500	0.192700	0.217800	0.197700	0.166900	0.148900	0.149000	0.187800	0.185300	0.164000	0.127200
341398.9	0.146900	0.179100	0.239300	0.162700	0.170200	0.158900	0.181200	0.177800	0.183900	0.218200	0.194700	0.214500	0.195400	0.166500	0.151400	0.152000	0.186500	0.187600	0.170000	0.135100
346494.4	0.142100	0.177500	0.238300	0.164800	0.168700	0.158800	0.183300	0.187700	0.193000	0.217400	0.192800	0.214100	0.195700	0.166500	0.149800	0.150700	0.187300	0.184600	0.166900	0.131100
351589.9	0.146200	0.181100	0.240000	0.163700	0.168900	0.157700	0.179100	0.186400	0.189900	0.219800	0.195700	0.212800	0.196500	0.167000	0.150300	0.149700	0.186200	0.183500	0.166400	0.130700
356685.4	0.142500	0.178500	0.240700	0.166300	0.168600	0.158000	0.180900	0.188700	0.192900	0.219200	0.194700	0.214200	0.195100	0.166400	0.149800	0.148800	0.187700	0.184100	0.166100	0.130000
361781.0	0.143100	0.180500	0.241500	0.166100	0.168400	0.159200	0.178400	0.194200	0.197500	0.221700	0.196100	0.213200	0.194200	0.166400	0.149900	0.149100	0.187600	0.184400	0.165300	0.129100
366876.5	0.141400	0.178400	0.241800	0.167400	0.167800	0.158000	0.179100	0.196400	0.201700	0.218400	0.191900	0.213900	0.193500	0.166500	0.148700	0.147500	0.188300	0.183700	0.163900	0.126800
371972.0	0.147600	0.182500	0.242100	0.163000	0.171000	0.161100	0.166100	0.173300	0.181600	0.212400	0.195200	0.209500	0.195000	0.168800	0.153300	0.153900	0.185500	0.189300	0.173900	0.138800
377067.5	0.145500	0.181500	0.243000	0.164300	0.168900	0.159300	0.171900	0.183300	0.191000	0.215000	0.193600	0.209700	0.193300	0.167800	0.151800	0.151500	0.186200	0.187700	0.171100	0.136400
382163.0	0.143500	0.181600	0.242800	0.165800	0.171600	0.160900	0.176300	0.185100	0.191800	0.215400	0.194100	0.211700	0.194700	0.169400	0.152800	0.153100	0.189300	0.189500	0.172100	0.136300
387258.5	0.145800	0.182400	0.243000	0.164600	0.172500	0.161700	0.174700	0.178500	0.185400	0.211300	0.197300	0.209500	0.194200	0.170600	0.154400	0.153900	0.187900	0.190700	0.174800	0.139000
392354.0	0.143700	0.182700	0.242000	0.166000	0.170100	0.160600	0.174000	0.186900	0.191100	0.211900	0.197500	0.209800	0.193200	0.168600	0.150800	0.149700	0.188600	0.186800	0.168000	0.131400
397449.5	0.140800	0.180700	0.238800	0.168400	0.168000	0.159600	0.186200	0.199600	0.203100	0.212500	0.196000	0.213300	0.192400	0.166600	0.149200	0.148400	0.189400	0.185300	0.166000	0.130500
402545.0	0.143500	0.182900	0.241700	0.166900	0.168900	0.160200	0.178900	0.191400	0.196700	0.211800	0.199600	0.211500	0.191500	0.167800	0.150300	0.149800	0.188900	0.186600	0.166700	0.130900
407640.5	0.146100	0.184500	0.241300	0.166700	0.168600	0.159200	0.186700	0.199100	0.203200	0.214500	0.198300	0.210500	0.190100	0.165900	0.149600	0.148800	0.188400	0.186900	0.168200	0.133600
412736.0	0.146600	0.188000	0.241000	0.165100	0.171400	0.162100	0.169900	0.177600	0.184000	0.208100	0.205000	0.207100	0.192000	0.168300	0.153000	0.152400	0.188600	0.190100	0.172800	0.138300
417831.5	0.148800	0.189100	0.241800	0.166600	0.171100	0.161700	0.182500	0.193000	0.196600	0.210400	0.206900	0.207400	0.190200	0.166700	0.151500	0.151000	0.188800	0.188600	0.170300	0.135500
422927.0	0.146700	0.186500	0.241800	0.166400	0.171700	0.164000	0.178500	0.189700	0.194100	0.209200	0.207400	0.207800	0.190600	0.167800	0.152400	0.152200	0.189800	0.189700	0.170600	0.135800
428022.5	0.143500	0.183100	0.240100	0.167500	0.169000	0.160600	0.181400	0.201500	0.205900	0.210100	0.201400	0.209300	0.189700	0.165900	0.148300	0.147700	0.189600	0.185500	0.164500	0.128400
433118.0	0.143300	0.183100	0.238900	0.165600	0.169800	0.163800	0.178800	0.190700	0.195500	0.204800	0.203400	0.205600	0.190700	0.167100	0.150600	0.149600	0.190200	0.188200	0.166300	0.130300
438213.5	0.144300	0.182700	0.238900	0.165500	0.169300	0.162600	0.175200	0.187500	0.192100	0.205200	0.200600	0.205700	0.190200	0.166800	0.150600	0.150700	0.188500	0.189100	0.169800	0.135500
443309.0	0.140800	0.180000	0.238900	0.168400	0.169800	0.163900	0.188000	0.202900	0.206900	0.208800	0.198000	0.210900	0.190200	0.166700	0.148900	0.148000	0.192000	0.188300	0.164200	0.128800
448404.5	0.143200	0.181700	0.239200	0.168100	0.169800	0.164700	0.188400	0.203600	0.206500	0.208800	0.196500	0.210000	0.190600	0.165700	0.149600	0.149300	0.191900	0.187800	0.165700	0.131000
453500.1	0.144400	0.181400	0.239200	0.163300	0.170400	0.166900	0.171700	0.182000	0.188000	0.204000	0.197100	0.204300	0.188500	0.166600	0.151500	0.151800	0.189000	0.189600	0.169100	0.136100
458595.6	0.142900	0.179300	0.239400	0.163000	0.171300	0.169600	0.174700	0.181000	0.188300	0.199900	0.197000	0.204300	0.187600	0.166000	0.151800	0.152800	0.189600	0.191300	0.169700	0.135700
463691.1	0.142300	0.177000	0.240600	0.164500	0.170100	0.170300	0.170800	0.184100	0.191300	0.201000	0.195300	0.205300	0.187600	0.165400	0.150400	0.151900	0.190600	0.190300	0.168000	0.135500
468786.6	0.144500	0.181200	0.244800	0.162800	0.172600	0.173700	0.174200	0.182400	0.189200	0.202800	0.198400	0.204000	0.188300	0.166400	0.151600	0.152700	0.190300	0.191300	0.167600	0.134300
473882.1	0.144200	0.179900	0.247600	0.165000	0.172100	0.175400	0.179500	0.188200	0.195700	0.204600	0.197300	0.206900	0.188900	0.166100	0.151300	0.152700	0.192600	0.192300	0.167800	0.135100
478977.6	0.139700	0.177400	0.247500	0.168400	0.169400	0.174000	0.198800	0.212900	0.218300	0.207700	0.194200	0.210800	0.187000	0.164600	0.147800	0.148000	0.195800	0.187300	0.161000	0.127600
484073.1	0.142600	0.177100	0.246400	0.165800	0.170600	0.175800	0.185900	0.194200	0.201600	0.206400	0.194200	0.206600	0.186500	0.165000	0.149100	0.150200	0.192500	0.188700	0.164700	0.132400
489168.6	0.141800	0.177400	0.246700	0.163000	0.170500	0.177800	0.180900	0.189300	0.196400	0.203800	0.194100	0.203500	0.186800	0.164200	0.149400	0.150600	0.191700	0.188900	0.166400	0.134800
494264.1	0.140100	0.175500	0.249500	0.166400	0.171400	0.179000	0.187300	0.192600	0.199500	0.205900	0.193500	0.208300	0.188000	0.165200	0.149300	0.150000	0.194800	0.188900	0.165200	0.133400
499359.6	0.144300	0.178400	0.250100	0.161400	0.174500	0.181900	0.168000	0.173200	0.183000	0.201900	0.196200	0.201600	0.187100	0.166200	0.152500	0.153700	0.191500	0.192000	0.170800	0.139300
504455.1	0.141500	0.175000	0.249600	0.163800	0.170600	0.180800	0.176400	0.185600	0.194300	0.201200	0.193100	0.205400	0.186300	0.164100	0.148800	0.149000	0.192400	0.187700	0.163800	0.132200
509550.6	0.143200	0.176300	0.252000	0.162200	0.173700	0.183200	0.177700	0.180300	0.189900	0.200900	0.190800	0.205200	0.187600	0.165700	0.151400	0.152700	0.192800	0.191500	0.170400	0.140100
514646.1	0.140300	0.172300	0.252000	0.164000	0.171700	0.184600	0.174700	0.183100	0.191400	0.200700	0.188500	0.206600	0.187900	0.165300	0.149800	0.149400	0.194400	0.188000	0.164200	0.132100
519741.6	0.143600	0.176800	0.255400	0.162900	0.172800	0.185700	0.177200	0.180900	0.186900	0.202200	0.190200	0.204700	0.188600	0.165800	0.150500	0.151100	0.193100	0.189700	0.168000	0.137600
524837.1	0.138900	0.171100	0.254900	0.166200	0.167600	0.183300	0.190700	0.202200	0.207300	0.204800	0.184600	0.209200	0.186700	0.162200	0.145300	0.144000	0.194500	0.182500	0.158000	0.126600
529932.6	0.139700	0.172000	0.258300	0.166200	0.170900	0.186000	0.191700	0.197200	0.202600	0.203600	0.184800	0.209200	0.187900	0.164300	0.148100	0.147900	0.196100	0.187000	0.162800	0.131700
535028.1	0.140700	0.172000	0.261000	0.163300	0.171200	0.187500	0.185800	0.187800	0.194400	0.201700	0.185400	0.209200	0.188000	0.164400	0.148700	0.148800	0.193400	0.186500	0.164100	0.133400
540123.6	0.142900	0.173200	0.260100	0.162600	0.172000	0.189300	0.178000	0.178600	0.188300	0.201800	0.186100	0.205600	0.187900	0.164700	0.149800	0.150100	0.193800	0.187600	0.165800	0.135000
545219.1	0.141100	0.172300	0.261000	0.164200	0.170700	0.188000	0.180600	0.186200	0.193500	0.201600	0.185500	0.206700	0.187000	0.163200	0.148200	0.148000	0.194200	0.187200	0.164000	0.133600
550314.7	0.139300	0.170600	0.260300	0.162500	0.170200	0.189400	0.179600	0.183900	0.192000	0.201300	0.184700	0.205100	0.186300	0.163200	0.148200	0.147600	0.194200	0.185700	0.162100	0.131500
555410.2	0.141600	0.170600	0.261500	0.162500	0.170000	0.190300	0.174700	0.182400	0.190300	0.199300	0.184100	0.204000	0.185900	0.162300	0.147400	0.147900	0.193200	0.185100	0.163000	0.132800
560505.7	0.141600	0.170200	0.262700	0.161100	0.172200	0.192600	0.168100	0.174100	0.182700	0.198100	0.184400	0.201300	0.186600	0.163700	0.149100	0.149500	0.192300	0.187500	0.166000	0.134600
565601.2	0.141200	0.170500	0.264900	0.161800	0.170200	0.189200	0.174500	0.180200	0.188500	0.201500	0.183300	0.203600	0.186300	0.162300	0.147200	0.147200	0.193300	0.183700	0.162100	0.131100
570696.7	0.137600	0.168000	0.267900	0.164800	0.171800	0.188000	0.187900	0.196600	0.203300	0.205000	0.181500	0.209400	0.185900	0.162500	0.146400	0.146300	0.195700	0.184000	0.159800	0.128400
575792.2	0.139500	0.168500	0.266900	0.161100	0.169900	0.188000	0.170600	0.180100	0.187100	0.198800	0.183100	0.204500	0.184800	0.161900	0.146900	0.146700	0.192900	0.183400	0.160100	0.129200
580887.7	0.139300	0.168600	0.268100	0.161600	0.171800	0.189200	0.173300	0.176200	0.185100	0.198500	0.181700	0.204600	0.185000	0.162200	0.147800	0.148900	0.193700	0.186300	0.163900	0.133500
585983.2	0.137900	0.166700	0.268500	0.161700	0.171000	0.187900	0.178900	0.177400	0.185400	0.197500	0.180900	0.203800	0.184000	0.161300	0.146700	0.146900	0.192800	0.184600	0.161800	0.130300
591078.7	0.137900	0.167400	0.271900	0.163500	0.171100	0.187800	0.185000	0.186500	0.192900	0.201000	0.179900	0.205500	0.185700	0.161900	0.146100	0.146700	0.195000	0.183500	0.160000	0.128000
596174.2	0.139100	0.168000	0.272400	0.161600	0.171300	0.187700	0.175400	0.178200	0.187700	0.198500	0.181500	0.202300	0.184500	0.161400	0.146700	0.147200	0.192900	0.184200	0.160900	0.128900
601269.7	0.140800	0.167900	0.275900	0.161500	0.171500	0.188900	0.183300	0.180400	0.189300	0.198800	0.181800	0.201800	0.184200	0.161700	0.147700	0.148400	0.193100	0.185600	0.163300	0.132700
606365.2	0.139200	0.167200	0.278100	0.162700	0.171300	0.187800	0.182100	0.183100	0.189800	0.200100	0.180500	0.203000	0.183700	0.160600	0.146500	0.147200	0.193700	0.184100	0.160800	0.129300
611460.7	0.138000	0.165800	0.277800	0.162200	0.168800	0.186900	0.181900	0.184700	0.192500	0.198000	0.179400	0.200600	0.181900	0.159300	0.145000	0.145300	0.192800	0.182200	0.158300	0.126600
616556.2	0.138900	0.166900	0.280600	0.161400	0.173000	0.189400	0.178000	0.179700	0.188100	0.196600	0.180600	0.200500	0.183100	0.161200	0.146800	0.147800	0.193700	0.184900	0.160900	0.128200
621651.7	0.138200	0.166700	0.283200	0.162400	0.170000	0.186800	0.184300	0.184500	0.191800	0.197900	0.179700	0.202600	0.182600	0.160100	0.145800	0.146000	0.193800	0.182500	0.158900	0.126900
626747.2	0.135000	0.163900	0.282300	0.164500	0.168800	0.187300	0.191100	0.193700	0.199900	0.197300	0.177500	0.202500	0.181700	0.159200	0.143800	0.143500	0.194700	0.179600	0.154800	0.122000
631842.7	0.140500	0.166900	0.283500	0.161000	0.172700	0.189400	0.173600	0.172800	0.181600	0.194800	0.181400	0.197900	0.182500	0.160800	0.148000	0.149200	0.192600	0.185400	0.163700	0.131600
636938.2	0.140400	0.166700	0.284500	0.161600	0.172400	0.188600	0.180900	0.180400	0.187900	0.195300	0.179500	0.198000	0.182600	0.159800	0.146700	0.147900	0.193100	0.183300	0.161400	0.131000
642033.8	0.139400	0.167200	0.287500	0.163600	0.171300	0.188800	0.181300	0.180500	0.187400	0.195400	0.180600	0.199600	0.182200	0.161100	0.147800	0.147400	0.193700	0.183500	0.160200	0.128600
647129.3	0.138800	0.165800	0.286000	0.162800	0.171900	0.188900	0.179800	0.180600	0.187600	0.193600	0.180100	0.198300	0.181300	0.160500	0.147000	0.147000	0.193800	0.182000	0.159500	0.127200
652224.8	0.137400	0.165400	0.287700	0.165300	0.170300	0.185700	0.184000	0.190800	0.197800	0.194100	0.178900	0.200100	0.179800	0.159100	0.145400	0.145600	0.194400	0.180600	0.157200	0.125000
657320.3	0.138800	0.167100	0.289900	0.161500	0.171700	0.185500	0.172600	0.174200	0.182000	0.189100	0.181700	0.196100	0.179600	0.160400	0.147600	0.147900	0.191900	0.182900	0.160600	0.127800
662415.8	0.141000	0.168100	0.289900	0.161400	0.172500	0.185200	0.173800	0.173800	0.182000	0.188400	0.182000	0.195900	0.179600	0.160700	0.148300	0.149500	0.192100	0.186100	0.164300	0.131100
667511.3	0.135900	0.166600	0.288800	0.164900	0.171300	0.182900	0.184600	0.187400	0.192000	0.191200	0.179000	0.197200	0.179900	0.159400	0.145700	0.145900	0.193200	0.182600	0.158600	0.124500
672606.8	0.139100	0.169500	0.291600	0.164300	0.170700	0.180600	0.184900	0.188500	0.193700	0.192200	0.180800	0.197700	0.179300	0.159900	0.146800	0.146400	0.193400	0.183400	0.159300	0.125200
677702.3	0.140100	0.171600	0.295500	0.163500	0.172600	0.180800	0.174000	0.182100	0.186900	0.188900	0.183400	0.196200	0.180200	0.161200	0.148400	0.148900	0.193300	0.185500	0.163100	0.129200
682797.8	0.141500	0.175300	0.300000	0.164000	0.170900	0.178700	0.177000	0.183900	0.189400	0.190500	0.185200	0.198900	0.180200	0.162000	0.148400	0.148300	0.193400	0.187200	0.163000	0.128600
687893.3	0.140700	0.177600	0.303300	0.165000	0.172600	0.179900	0.176900	0.181700	0.186200	0.191300	0.185900	0.199800	0.181700	0.163600	0.149900	0.149100	0.194000	0.189600	0.165700	0.130100
692988.8	0.143300	0.181500	0.307700	0.167700	0.170400	0.178300	0.192700	0.198300	0.196000	0.196700	0.187800	0.200700	0.181800	0.163200	0.149300	0.148500	0.194800	0.189100	0.165100	0.130200
698084.3	0.142500	0.182000	0.308100	0.168000	0.171400	0.177100	0.188200	0.196900	0.196500	0.197500	0.188500	0.201000	0.180900	0.161800	0.148800	0.148300	0.194900	0.189400	0.165100	0.130700
703179.8	0.142400	0.184500	0.313400	0.167300	0.172200	0.177100	0.189500	0.195500	0.196300	0.195900	0.194600	0.202000	0.184000	0.164600	0.150900	0.149600	0.196500	0.190600	0.166100	0.130600
708275.3	0.141700	0.183900	0.314100	0.168300	0.171600	0.175700	0.185800	0.198900	0.197400	0.196700	0.195700	0.200700	0.182900	0.164300	0.149500	0.149700	0.196300	0.189300	0.163900	0.127600
713370.8	0.144300	0.184200	0.319400	0.166400	0.174900	0.178100	0.180200	0.184300	0.186300	0.194000	0.197200	0.198400	0.185100	0.166600	0.152600	0.155300	0.196400	0.193300	0.170000	0.135100
718466.3	0.142400	0.182600	0.321800	0.168100	0.175500	0.179800	0.179600	0.192300	0.193700	0.197300	0.195700	0.201700	0.187600	0.167100	0.151900	0.155800	0.198000	0.192500	0.168000	0.131800
723561.8	0.141000	0.183400	0.322500	0.170300	0.173700	0.178000	0.190200	0.202000	0.201900	0.200400	0.193400	0.202900	0.186700	0.166700	0.150100	0.153900	0.198600	0.189300	0.164700	0.129200
728657.3	0.144000	0.184400	0.323500	0.167400	0.177200	0.177200	0.175600	0.186600	0.188500	0.195500	0.194600	0.198800	0.187800	0.167600	0.152300	0.156000	0.196200	0.191900	0.169600	0.134200
733752.9	0.143100	0.184700	0.326100	0.169100	0.177900	0.178100	0.180600	0.190700	0.191600	0.198400	0.194300	0.201400	0.188200	0.168600	0.152200	0.154700	0.197700	0.192400	0.168800	0.132900
738848.4	0.147600	0.187400	0.325300	0.167600	0.182800	0.178200	0.171600	0.180500	0.181300	0.197600	0.197000	0.196000	0.189300	0.169800	0.154900	0.157300	0.197400	0.196800	0.175000	0.140300
743943.9	0.143100	0.184900	0.325400	0.170500	0.182500	0.177300	0.183300	0.194800	0.193800	0.200300	0.195900	0.201200	0.190300	0.169600	0.152700	0.154200	0.199800	0.194600	0.169800	0.133200
749039.4	0.143200	0.185700	0.325200	0.172500	0.179700	0.174300	0.193500	0.205800	0.202100	0.202800	0.197700	0.203000	0.188800	0.168500	0.150300	0.150400	0.200000	0.193200	0.165900	0.129200
754134.9	0.142600	0.183800	0.323300	0.171000	0.183200	0.176200	0.184600	0.195500	0.196400	0.198800	0.200400	0.201500	0.189500	0.169600	0.152700	0.153100	0.199400	0.196000	0.170000	0.134200
759230.4	0.141100	0.183400	0.325800	0.175400	0.185300	0.176400	0.197500	0.212200	0.210000	0.204200	0.197700	0.206400	0.189600	0.170000	0.151200	0.150700	0.203300	0.195000	0.166300	0.129200
764325.9	0.146900	0.186400	0.329300	0.171000	0.187300	0.177200	0.183000	0.195100	0.195800	0.203400	0.202100	0.201300	0.190600	0.170000	0.153300	0.153300	0.200200	0.198000	0.172600	0.135900
769421.4	0.147600	0.186400	0.329100	0.170600	0.188100	0.179700	0.180800	0.188700	0.192300	0.201900	0.201600	0.200100	0.190000	0.170900	0.154800	0.155100	0.199500	0.199300	0.174300	0.138200
774516.9	0.144000	0.184600	0.327200	0.171600	0.185600	0.178700	0.181600	0.198400	0.199400	0.203500	0.199700	0.202700	0.189300	0.171100	0.153800	0.153100	0.200700	0.197100	0.171600	0.134500
779612.4	0.145500	0.184700	0.327000	0.172000	0.186000	0.177200	0.187600	0.201000	0.201800	0.205800	0.198400	0.201800	0.189600	0.170400	0.153300	0.152600	0.200600	0.196900	0.171200	0.134400
784707.9	0.145200	0.184300	0.326700	0.169800	0.189500	0.178100	0.174400	0.189000	0.192700	0.202400	0.198900	0.199300	0.188300	0.170300	0.154800	0.155500	0.200100	0.199700	0.174400	0.138200
789803.4	0.146200	0.183900	0.325100	0.169700	0.192800	0.178300	0.169100	0.182500	0.187000	0.201300	0.198600	0.199600	0.188500	0.171600	0.156000	0.156600	0.200000	0.201200	0.176300	0.140600
794898.9	0.146600	0.184100	0.327000	0.168900	0.199700	0.178400	0.169900	0.180200	0.184900	0.200700	0.199000	0.198900	0.189200	0.172500	0.157200	0.159600	0.199300	0.203300	0.179900	0.144300
799994.4	0.144600	0.182600	0.328200	0.172500	0.208800	0.176800	0.180000	0.194700	0.198500	0.203700	0.197300	0.203200	0.190000	0.172500	0.155100	0.156700	0.201900	0.200000	0.174500	0.137800
805089.9	0.145100	0.182700	0.330900	0.174000	0.219200	0.176700	0.190300	0.207600	0.209600	0.205700	0.195600	0.205900	0.189000	0.172200	0.152900	0.155100	0.203200	0.197900	0.171000	0.133500
810185.4	0.146200	0.182400	0.330600	0.170300	0.223600	0.179600	0.167700	0.182000	0.189300	0.200200	0.197000	0.199200	0.190700	0.174300	0.155900	0.158000	0.201000	0.200600	0.174800	0.137900
815280.9	0.145100	0.181100	0.331900	0.174100	0.219000	0.178100	0.193900	0.211600	0.211800	0.207200	0.195700	0.204600	0.189600	0.173100	0.153000	0.155200	0.204000	0.197500	0.169400	0.132000
820376.4	0.143300	0.179400	0.333200	0.173300	0.220800	0.178700	0.181900	0.201300	0.204300	0.204300	0.195200	0.203800	0.189800	0.173700	0.153700	0.155700	0.204700	0.201200	0.171800	0.134200
825471.9	0.146100	0.182300	0.332700	0.172100	0.220600	0.179800	0.181600	0.189900	0.195900	0.201300	0.197200	0.201900	0.190000	0.173500	0.155900	0.158400	0.202400	0.203300	0.177400	0.140600
830567.5	0.146700	0.181300	0.331600	0.171900	0.220000	0.179900	0.171800	0.186600	0.192200	0.199300	0.197000	0.201300	0.190600	0.173500	0.155800	0.158600	0.202000	0.203400	0.175500	0.137600
835663.0	0.146300	0.179900	0.335000	0.174300	0.220200	0.178700	0.185300	0.202300	0.205900	0.202300	0.196300	0.204500	0.189800	0.173400	0.155200	0.157300	0.204300	0.202600	0.174500	0.136600
840758.5	0.146600	0.180100	0.334700	0.174400	0.227300	0.178700	0.184900	0.202600	0.204400	0.203700	0.195200	0.204600	0.189500	0.173300	0.154200	0.156400	0.204700	0.201100	0.172000	0.133900
845854.0	0.152900	0.183100	0.334600	0.170300	0.231400	0.179800	0.174100	0.185500	0.189700	0.199500	0.199500	0.198200	0.189500	0.173900	0.158200	0.162200	0.201300	0.205800	0.181800	0.145300
850949.5	0.146200	0.178500	0.331600	0.173500	0.225400	0.177800	0.179400	0.196800	0.200100	0.199900	0.195200	0.201500	0.188000	0.172700	0.154900	0.159100	0.203600	0.201900	0.173800	0.136600
856045.0	0.147500	0.180300	0.336100	0.176000	0.225100	0.178300	0.190600	0.210300	0.210100	0.203300	0.196100	0.205500	0.190000	0.175500	0.156100	0.159800	0.205700	0.203200	0.174600	0.135500
861140.5	0.149000	0.181600	0.337300	0.173100	0.224600	0.178300	0.181600	0.200400	0.203700	0.202400	0.196900	0.200500	0.190000	0.175400	0.156500	0.160700	0.203000	0.206300	0.178800	0.137600
866236.0	0.151200	0.184000	0.336800	0.170300	0.224300	0.179300	0.169600	0.186300	0.190800	0.197800	0.200200	0.197900	0.189700	0.175600	0.158500	0.164100	0.201900	0.210100	0.184700	0.144500
871331.5	0.150800	0.181700	0.339000	0.171700	0.225100	0.180200	0.172500	0.192500	0.193500	0.198500	0.198600	0.200300	0.189000	0.176000	0.158300	0.166100	0.201500	0.210800	0.182600	0.143700
876427.0	0.152400	0.184600	0.340900	0.171300	0.224600	0.179600	0.175600	0.193000	0.192800	0.199100	0.201400	0.199000	0.189000	0.175600	0.158600	0.167100	0.202600	0.211600	0.184800	0.146300
881522.5	0.149300	0.181400	0.341100	0.174000	0.223000	0.176400	0.180900	0.208200	0.205700	0.200500	0.198700	0.200800	0.188200	0.174100	0.156600	0.164100	0.202800	0.207900	0.178600	0.139400
886618.0	0.147700	0.181400	0.347200	0.178000	0.226000	0.176700	0.193700	0.222500	0.217600	0.205700	0.198700	0.204400	0.189200	0.174200	0.155100	0.164200	0.206300	0.207200	0.177500	0.138100
891713.5	0.151400	0.183300	0.347500	0.173600	0.229500	0.178300	0.177300	0.204100	0.201900	0.200000	0.200600	0.201600	0.189700	0.176300	0.158500	0.168700	0.204300	0.211000	0.182600	0.144400
896809.0	0.149600	0.182400	0.352800	0.173700	0.228800	0.177900	0.189400	0.218500	0.211300	0.202800	0.201800	0.200700	0.189200	0.176400	0.157600	0.167600	0.203800	0.208000	0.178100	0.138900
901904.5	0.147800	0.182400	0.350900	0.173400	0.228900	0.176700	0.183100	0.219800	0.209000	0.199000	0.201000	0.200500	0.188400	0.175900	0.157700	0.167300	0.203100	0.207500	0.177700	0.139600
907000.0	0.150400	0.186700	0.353700	0.172400	0.226700	0.177000	0.182400	0.222200	0.207000	0.199800	0.208300	0.200800	0.189200	0.177000	0.158200	0.168100	0.203300	0.208800	0.179100	0.140000
912095.5	0.152100	0.188400	0.356400	0.174700	0.226400	0.175200	0.193400	0.233900	0.213600	0.201600	0.215100	0.202000	0.189100	0.176500	0.156900	0.167300	0.204400	0.209300	0.178000	0.138100
917191.0	0.154100	0.193100	0.358600	0.173100	0.227500	0.177000	0.187100	0.224500	0.203200	0.200400	0.222300	0.199900	0.187800	0.176500	0.158700	0.170800	0.202200	0.212500	0.182500	0.143800
922286.5	0.154400	0.195300	0.360100	0.173300	0.227500	0.176600	0.186100	0.231300	0.206800	0.199100	0.230800	0.200300	0.187900	0.176700	0.158100	0.172600	0.202500	0.212600	0.181600	0.142900
927382.1	0.155900	0.197600	0.362300	0.172600	0.225400	0.179000	0.182500	0.229700	0.204700	0.196400	0.239100	0.199400	0.186900	0.174500	0.157500	0.174400	0.201400	0.212100	0.180600	0.141900
932477.6	0.152700	0.196900	0.364600	0.177000	0.227100	0.179200	0.196600	0.253700	0.221200	0.201300	0.239400	0.204600	0.187900	0.175400	0.156300	0.173700	0.204800	0.211600	0.176400	0.136700
937573.1	0.151000	0.196000	0.365200	0.175600	0.224900	0.176700	0.195300	0.252800	0.220800	0.198000	0.241800	0.203300	0.185300	0.174700	0.154100	0.172200	0.202300	0.208700	0.172900	0.132700
942668.6	0.154000	0.198800	0.368900	0.175700	0.230300	0.177500	0.190100	0.237700	0.212100	0.197000	0.247800	0.201700	0.186500	0.176600	0.157200	0.176000	0.203200	0.212200	0.179400	0.139500
947764.1	0.154300	0.199100	0.373600	0.172400	0.230500	0.178800	0.183700	0.225800	0.203800	0.194300	0.247000	0.200100	0.185900	0.178000	0.158100	0.178100	0.202000	0.213500	0.180100	0.140000
952859.6	0.155700	0.199400	0.377300	0.170600	0.232100	0.177800	0.175700	0.209800	0.193800	0.192300	0.248300	0.196500	0.185900	0.177900	0.159500	0.180100	0.199800	0.215500	0.185200	0.146000
957955.1	0.153500	0.196900	0.383200	0.175100	0.228900	0.176500	0.186100	0.228900	0.209000	0.195700	0.244100	0.202400	0.186100	0.178600	0.157000	0.175400	0.202900	0.211900	0.178900	0.140500
963050.6	0.152700	0.194600	0.385300	0.175100	0.227800	0.174800	0.192900	0.232500	0.214800	0.196100	0.237700	0.200500	0.185100	0.177500	0.155600	0.171700	0.202200	0.209400	0.175800	0.136000
