VERSION	1200
Time[MSec.]	Ratio	Ratio	Ratio	Ratio	Ratio	Ratio	Ratio	Ratio	Ratio	Ratio	Ratio	Ratio	Ratio	Ratio	Ratio	Ratio	Ratio
%.1f	%.4f	%.4f	%.4f	%.4f	%.4f	%.4f	%.4f	%.4f	%.4f	%.4f	%.4f	%.4f	%.4f	%.4f	%.4f	%.4f	%.4f
Time	ROI(1-1)	ROI(1-2)	ROI(1-3)	ROI(1-4)	ROI(1-5)	ROI(1-6)	ROI(1-7)	ROI(1-8)	ROI(1-9)	ROI(1-10)	ROI(1-11)	ROI(1-12)	ROI(1-13)	ROI(1-14)	ROI(1-15)	ROI(1-16)	ROI(1-17)
GraphNo	1	2	3	4	5	6	7	8	9	10	11	12	13	14	15	16	17
0.0	0.325700	0.198700	0.186900	0.163600	0.156100	0.160900	0.177600	0.167000	0.182200	0.172000	0.160900	0.081200	0.194300	0.175300	0.204200	0.224300	0.171900
4957.8	0.221800	0.203700	0.187700	0.161500	0.154500	0.160200	0.169400	0.165500	0.165000	0.172100	0.159600	0.084300	0.189400	0.171800	0.201200	0.221900	0.168300
9915.6	0.234300	0.209100	0.196400	0.162300	0.157100	0.161700	0.168200	0.165500	0.154000	0.168400	0.159600	0.072400	0.189900	0.173000	0.268300	0.231700	0.178100
14873.4	0.216500	0.205200	0.196300	0.159600	0.156300	0.160300	0.171900	0.166300	0.148500	0.157900	0.157600	0.071200	0.185300	0.173600	0.307800	0.228900	0.187300
19831.2	0.201600	0.203200	0.197400	0.157300	0.149800	0.161200	0.175300	0.165200	0.146000	0.167700	0.161300	0.075600	0.185000	0.181000	0.277600	0.225700	0.203300
24788.9	0.195900	0.203900	0.197600	0.158300	0.139000	0.159800	0.181300	0.169100	0.142500	0.172400	0.161000	0.070400	0.183800	0.175500	0.219100	0.225300	0.231500
29746.8	0.186200	0.199000	0.194000	0.158800	0.134300	0.158800	0.177400	0.165500	0.141500	0.180900	0.161300	0.071700	0.182300	0.176300	0.206800	0.224900	0.243800
34704.5	0.178500	0.198000	0.194100	0.158400	0.128800	0.158500	0.177600	0.166900	0.140300	0.182100	0.160900	0.072800	0.179600	0.179300	0.203100	0.223400	0.244900
39662.3	0.171200	0.193600	0.191100	0.156400	0.132000	0.157100	0.177600	0.165100	0.140100	0.178900	0.162300	0.077400	0.241100	0.177100	0.206800	0.226100	0.238200
44620.1	0.168800	0.194800	0.194000	0.228200	0.129800	0.159000	0.176900	0.167600	0.140600	0.172700	0.161800	0.078300	0.227000	0.182900	0.210600	0.225100	0.182400
49577.9	0.167900	0.195200	0.194200	0.163700	0.123700	0.157400	0.175700	0.164800	0.139300	0.168500	0.161700	0.070100	0.204800	0.182400	0.211900	0.224900	0.173500
54535.7	0.167000	0.196300	0.195900	0.164700	0.124200	0.158400	0.187800	0.162300	0.142300	0.166200	0.162000	0.075000	0.200500	0.180700	0.212400	0.224100	0.174800
59493.5	0.166900	0.195800	0.199100	0.162200	0.128700	0.154600	0.191200	0.165800	0.139300	0.162300	0.160700	0.077000	0.194000	0.179400	0.210500	0.224200	0.170600
64451.3	0.173700	0.193700	0.197700	0.163400	0.127100	0.160400	0.197700	0.163800	0.142300	0.165800	0.161900	0.080200	0.190400	0.182000	0.211600	0.225200	0.174700
69409.1	0.166600	0.195200	0.194600	0.162900	0.124500	0.161200	0.198600	0.164200	0.141800	0.167200	0.162000	0.072300	0.189000	0.183100	0.211300	0.226400	0.174200
74366.9	0.164000	0.193500	0.191700	0.161400	0.128100	0.159400	0.192700	0.164000	0.142300	0.169800	0.155800	0.077400	0.188100	0.184900	0.211500	0.228600	0.174400
79324.7	0.164000	0.193000	0.193400	0.160600	0.129000	0.162400	0.195800	0.163300	0.139900	0.175800	0.161600	0.077000	0.189100	0.191400	0.211000	0.227800	0.174600
84282.5	0.164700	0.196900	0.201100	0.161700	0.128000	0.160400	0.201100	0.167200	0.140800	0.175600	0.163900	0.075800	0.182800	0.178600	0.210200	0.226700	0.175100
89240.2	0.165900	0.196600	0.199500	0.161900	0.125600	0.162000	0.198800	0.170100	0.139000	0.176000	0.163200	0.073900	0.183100	0.179300	0.212400	0.227800	0.174900
94198.0	0.166700	0.199000	0.203500	0.163700	0.126600	0.161800	0.198300	0.171800	0.137300	0.176900	0.164800	0.074100	0.183400	0.182100	0.213300	0.227300	0.174900
99155.8	0.164900	0.195800	0.199100	0.161500	0.134800	0.159800	0.194700	0.170300	0.138100	0.181800	0.166000	0.076000	0.184500	0.179800	0.211700	0.227300	0.174500
104113.6	0.164500	0.195800	0.206100	0.161200	0.163000	0.160700	0.194600	0.168800	0.138000	0.179700	0.167600	0.079000	0.185500	0.179900	0.212000	0.227800	0.174500
109071.4	0.166400	0.198100	0.209700	0.174800	0.163600	0.161500	0.195900	0.168400	0.137300	0.179300	0.169100	0.073100	0.190100	0.179300	0.212700	0.229100	0.176600
114029.2	0.163500	0.192100	0.198300	0.166100	0.153000	0.164100	0.193500	0.167300	0.138600	0.175100	0.164400	0.076900	0.194900	0.184400	0.213200	0.229600	0.175200
118987.0	0.168700	0.192400	0.192200	0.160900	0.144600	0.163500	0.191300	0.165800	0.139200	0.173300	0.167800	0.078500	0.196300	0.185600	0.213000	0.228800	0.174900
123944.8	0.168000	0.195400	0.196900	0.163800	0.146600	0.167500	0.192800	0.164700	0.136800	0.171600	0.195200	0.074100	0.192200	0.181700	0.214600	0.230200	0.175600
128902.6	0.167200	0.196600	0.196900	0.163000	0.137500	0.164100	0.187300	0.164400	0.144100	0.175700	0.174100	0.075400	0.147500	0.176100	0.211800	0.227600	0.173700
133860.4	0.168000	0.195900	0.197600	0.165500	0.145000	0.169500	0.183500	0.165500	0.140300	0.175100	0.167400	0.079600	0.190300	0.171900	0.212000	0.226900	0.174200
138818.2	0.169800	0.196800	0.199800	0.167000	0.143000	0.167600	0.187700	0.171400	0.139300	0.174500	0.168900	0.078200	0.190000	0.180900	0.205100	0.227000	0.173900
143776.0	0.173400	0.198200	0.200800	0.167000	0.141400	0.164700	0.195600	0.165200	0.138400	0.172900	0.169900	0.073500	0.188800	0.181100	0.212500	0.231000	0.176300
148733.7	0.170100	0.198000	0.205100	0.166700	0.139500	0.162200	0.192500	0.165100	0.138100	0.161900	0.167200	0.077500	0.186500	0.175900	0.208500	0.226900	0.177100
153691.5	0.168200	0.195500	0.200500	0.166400	0.144700	0.160700	0.181600	0.163500	0.139200	0.165800	0.164400	0.079000	0.243400	0.181600	0.212200	0.237800	0.177900
158649.3	0.169700	0.196500	0.203000	0.167500	0.127400	0.158500	0.173700	0.157100	0.138100	0.160800	0.161300	0.078000	0.181500	0.168500	0.211600	0.215800	0.180400
163607.1	0.169200	0.197800	0.208300	0.151600	0.134700	0.163300	0.212900	0.172600	0.140900	0.167200	0.164300	0.079700	0.181700	0.164200	0.213600	0.217200	0.188600
168564.9	0.171000	0.195600	0.201200	0.183700	0.139500	0.166300	0.177000	0.161700	0.144800	0.172400	0.168000	0.091300	0.181500	0.165000	0.215700	0.216100	0.199100
173522.7	0.181000	0.205000	0.211800	0.189100	0.138500	0.166100	0.185600	0.172000	0.145400	0.173400	0.168300	0.077300	0.187500	0.167600	0.218100	0.221000	0.210900
178480.5	0.201000	0.207000	0.202400	0.207000	0.147700	0.168800	0.176600	0.263200	0.144400	0.184400	0.175200	0.075900	0.192300	0.173800	0.224400	0.225300	0.197700
183438.3	0.216000	0.206200	0.207600	0.222800	0.163400	0.175100	0.177500	0.174700	0.156800	0.192100	0.188600	0.079300	0.206100	0.207400	0.229000	0.231200	0.199800
188396.1	0.224900	0.222900	0.207400	0.227500	0.175500	0.180100	0.178800	0.178300	0.170300	0.194300	0.202200	0.085600	0.224700	0.191300	0.234900	0.237900	0.204900
193353.9	0.248600	0.239400	0.216900	0.224800	0.168100	0.181900	0.180700	0.188600	0.184400	0.192300	0.210600	0.082400	0.221000	0.187900	0.241000	0.243200	0.211100
198311.7	0.261700	0.243900	0.216100	0.218700	0.166300	0.187900	0.179300	0.199900	0.209500	0.190900	0.221200	0.086600	0.224400	0.184500	0.244300	0.259900	0.212000
203269.4	0.259400	0.246500	0.214500	0.218000	0.168300	0.193200	0.176500	0.210700	0.220100	0.189900	0.225700	0.094800	0.228500	0.181100	0.246900	0.249900	0.212700
208227.2	0.259400	0.254900	0.220800	0.216400	0.156100	0.188700	0.170700	0.206500	0.178800	0.183400	0.221300	0.087500	0.225800	0.176800	0.252000	0.252200	0.211800
213185.0	0.261300	0.260200	0.223500	0.214600	0.171700	0.197500	0.168300	0.201600	0.208000	0.180000	0.215200	0.090900	0.227200	0.175000	0.257000	0.255600	0.212700
218142.8	0.256800	0.259500	0.220700	0.210800	0.144900	0.203400	0.165700	0.197200	0.202400	0.177700	0.211700	0.094800	0.226700	0.173500	0.260900	0.258500	0.214700
223100.6	0.259800	0.266400	0.222400	0.206300	0.162500	0.204300	0.152200	0.184200	0.196500	0.172100	0.204400	0.097000	0.224900	0.171600	0.264600	0.260000	0.213100
228058.4	0.261600	0.270800	0.223700	0.205600	0.163400	0.206000	0.159400	0.192500	0.193300	0.167200	0.197300	0.096300	0.222700	0.169400	0.266700	0.261200	0.214300
233016.2	0.253300	0.266800	0.218900	0.201600	0.166900	0.209100	0.156500	0.183500	0.189800	0.166000	0.186600	0.099800	0.222100	0.169500	0.266800	0.262700	0.214000
237974.0	0.249500	0.266800	0.216300	0.195000	0.162000	0.210400	0.152500	0.175200	0.185000	0.163800	0.207100	0.104100	0.223000	0.170400	0.266500	0.267200	0.213800
242931.8	0.245400	0.264900	0.220800	0.197400	0.150900	0.214100	0.153600	0.184600	0.181500	0.163300	0.186200	0.110100	0.225500	0.170300	0.268700	0.268100	0.214400
247889.6	0.241900	0.265500	0.216400	0.190100	0.147500	0.212300	0.146900	0.173200	0.176200	0.160900	0.181400	0.106700	0.228500	0.171100	0.288600	0.266100	0.212400
252847.4	0.238400	0.266300	0.218200	0.187800	0.143900	0.208900	0.149800	0.173000	0.174100	0.169500	0.173000	0.101200	0.217100	0.173700	0.255700	0.268100	0.210800
257805.1	0.221100	0.237500	0.203200	0.185800	0.141800	0.258100	0.148400	0.170900	0.171400	0.158800	0.175700	0.112600	0.229100	0.168100	0.284300	0.266400	0.211700
262762.9	0.245000	0.271900	0.218700	0.184800	0.139100	0.214900	0.148600	0.169900	0.168700	0.157200	0.173000	0.108600	0.226800	0.167900	0.269800	0.266100	0.212700
267720.7	0.242900	0.269600	0.219300	0.180000	0.136600	0.214400	0.147100	0.166600	0.166200	0.156000	0.170600	0.111700	0.307100	0.181800	0.266900	0.265200	0.210700
272678.5	0.238600	0.267200	0.216300	0.178200	0.133900	0.210400	0.146500	0.163500	0.164800	0.155700	0.167300	0.108200	0.220400	0.166100	0.267200	0.264700	0.209800
277636.3	0.237500	0.268600	0.219800	0.177200	0.132400	0.203900	0.145500	0.162200	0.159900	0.155700	0.166600	0.109800	0.219300	0.166000	0.268100	0.264000	0.209900
282594.1	0.233600	0.265800	0.218200	0.174400	0.129600	0.199500	0.145500	0.160600	0.158900	0.153400	0.163800	0.108100	0.217700	0.164400	0.266500	0.261900	0.208200
287551.9	0.230000	0.261800	0.215300	0.172200	0.129900	0.198700	0.145400	0.161400	0.157500	0.153500	0.164200	0.116700	0.216600	0.163700	0.265500	0.260900	0.208000
292509.7	0.228500	0.259400	0.213200	0.171100	0.128300	0.199700	0.144700	0.158200	0.155800	0.152900	0.162700	0.115900	0.215400	0.163400	0.264000	0.259100	0.206300
297467.5	0.227300	0.257600	0.212200	0.168800	0.127300	0.199500	0.145100	0.153500	0.156100	0.152900	0.164400	0.115700	0.187000	0.164100	0.263900	0.258900	0.200100
302425.3	0.222600	0.253400	0.209000	0.167100	0.127300	0.197200	0.144100	0.154200	0.154200	0.185800	0.160100	0.114800	0.210900	0.160600	0.260700	0.257100	0.204200
307383.1	0.228700	0.264300	0.216900	0.168000	0.122300	0.192600	0.144800	0.156900	0.148700	0.151700	0.159000	0.108900	0.209400	0.156400	0.263000	0.257600	0.205400
312340.8	0.224100	0.259700	0.217700	0.167400	0.123000	0.193000	0.144500	0.158900	0.149800	0.151800	0.161000	0.109500	0.231800	0.171300	0.262600	0.256200	0.204300
317298.6	0.219000	0.249200	0.207300	0.164100	0.125500	0.193100	0.143200	0.153000	0.150700	0.151300	0.159500	0.119400	0.203800	0.159800	0.259300	0.253900	0.202000
322256.4	0.218600	0.251700	0.209400	0.164400	0.122500	0.189200	0.143100	0.153100	0.146700	0.151300	0.158600	0.115800	0.205300	0.159900	0.260600	0.254200	0.202300
327214.2	0.217000	0.252900	0.212000	0.163900	0.119400	0.184600	0.143100	0.153400	0.145300	0.150000	0.157200	0.107800	0.202100	0.157400	0.261400	0.252800	0.201800
332172.0	0.215600	0.251600	0.211700	0.163800	0.118500	0.183500	0.142600	0.152800	0.145000	0.150400	0.156700	0.111500	0.200500	0.158700	0.261200	0.252400	0.202000
337129.8	0.209700	0.244400	0.205500	0.160800	0.122300	0.184800	0.143200	0.152200	0.146400	0.150500	0.156900	0.123500	0.199500	0.157900	0.260000	0.250500	0.200200
342087.6	0.213600	0.252300	0.214000	0.163200	0.117800	0.177600	0.143600	0.154800	0.140600	0.149500	0.155100	0.111200	0.198800	0.158400	0.262800	0.251400	0.201000
347045.4	0.209700	0.246800	0.209100	0.161800	0.119000	0.177500	0.142900	0.151500	0.143200	0.150000	0.155300	0.112000	0.198600	0.157900	0.262400	0.251500	0.200500
352003.2	0.205200	0.241700	0.205000	0.160600	0.121600	0.180200	0.142700	0.152700	0.144100	0.150900	0.157700	0.125200	0.193600	0.158500	0.254400	0.249000	0.195300
356961.0	0.206500	0.244200	0.206000	0.162400	0.119900	0.179000	0.143400	0.153300	0.141200	0.151500	0.157600	0.116800	0.198300	0.156400	0.260200	0.248300	0.199700
361918.7	0.205700	0.244200	0.207500	0.163600	0.119900	0.176500	0.143400	0.153200	0.141200	0.151600	0.158500	0.118400	0.198600	0.156200	0.259000	0.247400	0.200400
366876.5	0.201100	0.242700	0.207000	0.161800	0.115800	0.172600	0.142500	0.153500	0.137800	0.149600	0.155000	0.106200	0.195700	0.154200	0.257400	0.245500	0.198200
371834.3	0.201200	0.238500	0.203400	0.160800	0.117000	0.171500	0.141700	0.150700	0.137000	0.149900	0.155800	0.111800	0.194600	0.153700	0.254800	0.245400	0.198000
376792.1	0.199200	0.237100	0.202300	0.159300	0.115000	0.167400	0.141300	0.150400	0.136800	0.147600	0.152700	0.107600	0.192800	0.152000	0.252700	0.243100	0.196200
381749.9	0.200600	0.239300	0.205200	0.161500	0.116000	0.170000	0.142700	0.152000	0.137900	0.149500	0.154400	0.112800	0.193500	0.152900	0.253900	0.242400	0.197600
386707.7	0.196200	0.233000	0.199100	0.159000	0.118600	0.170300	0.142500	0.151200	0.138600	0.150200	0.155100	0.118500	0.191500	0.153200	0.252800	0.241600	0.196100
391665.5	0.194800	0.231700	0.199200	0.159200	0.116000	0.164500	0.141400	0.150800	0.135100	0.148700	0.153800	0.113200	0.190500	0.152700	0.252400	0.241200	0.195600
396623.3	0.192400	0.228300	0.196100	0.157600	0.115700	0.163200	0.141000	0.149000	0.136400	0.147500	0.152600	0.112800	0.187600	0.151900	0.252000	0.239600	0.194600
401581.1	0.189600	0.225400	0.192600	0.157300	0.117100	0.164100	0.140400	0.148500	0.136700	0.147400	0.152300	0.121300	0.187400	0.150900	0.251000	0.238800	0.193800
406538.9	0.190800	0.227300	0.195700	0.157600	0.114700	0.161200	0.140900	0.147700	0.133900	0.146900	0.152100	0.111100	0.187800	0.151400	0.251600	0.239500	0.194300
411496.6	0.192400	0.230200	0.199200	0.158200	0.111800	0.158800	0.140500	0.150000	0.132900	0.146100	0.150900	0.103900	0.187900	0.151100	0.251700	0.239700	0.195300
416454.4	0.188400	0.224600	0.194400	0.156700	0.113300	0.159200	0.140100	0.147700	0.133900	0.147300	0.151000	0.110300	0.187200	0.151000	0.250400	0.238800	0.194700
421412.2	0.190700	0.228300	0.197400	0.158900	0.115400	0.161000	0.142800	0.151300	0.136000	0.148700	0.153400	0.115400	0.188400	0.153000	0.252600	0.240600	0.196000
426370.0	0.187200	0.225100	0.193900	0.157200	0.114500	0.160400	0.141000	0.148000	0.135300	0.148300	0.153100	0.111600	0.186700	0.150300	0.248900	0.237800	0.194500
431327.8	0.190100	0.229100	0.197300	0.159200	0.114200	0.159300	0.141500	0.150500	0.134900	0.148000	0.153300	0.114500	0.187800	0.150500	0.249600	0.236400	0.194700
436285.6	0.189900	0.231600	0.200600	0.159400	0.110300	0.155600	0.141200	0.152600	0.131200	0.147700	0.151400	0.099700	0.185700	0.149800	0.249500	0.235500	0.194600
441243.4	0.185600	0.224000	0.194100	0.157000	0.113600	0.155900	0.141900	0.150200	0.134400	0.148000	0.151000	0.112800	0.183200	0.148700	0.247100	0.233500	0.192000
446201.2	0.184700	0.224200	0.194400	0.158100	0.111900	0.153900	0.140700	0.150400	0.132700	0.147400	0.150700	0.106700	0.183700	0.148600	0.245300	0.233400	0.192400
451159.0	0.181300	0.218400	0.190000	0.156000	0.113300	0.153700	0.139000	0.147600	0.133000	0.147400	0.151000	0.107000	0.181900	0.147900	0.244100	0.232400	0.191100
456116.8	0.183000	0.222000	0.193200	0.156800	0.111100	0.153400	0.140100	0.148900	0.132800	0.145800	0.149900	0.106400	0.181500	0.147500	0.246800	0.231800	0.190700
461074.6	0.183300	0.223100	0.193900	0.156700	0.111400	0.152300	0.140100	0.147600	0.132000	0.146400	0.149300	0.106700	0.181500	0.148000	0.246600	0.231800	0.190300
466032.3	0.181900	0.221600	0.193400	0.155500	0.110200	0.150300	0.139500	0.148300	0.130700	0.145100	0.148700	0.098700	0.180500	0.147100	0.245800	0.230600	0.189600
470990.1	0.179900	0.217500	0.190000	0.155200	0.111100	0.151300	0.138900	0.147200	0.130700	0.145800	0.149400	0.103000	0.179800	0.147100	0.244500	0.230300	0.189500
475947.9	0.179500	0.219000	0.191100	0.154400	0.110200	0.149000	0.139400	0.148600	0.132000	0.144600	0.147900	0.107400	0.178300	0.146400	0.243700	0.228700	0.188000
480905.7	0.179100	0.217000	0.189300	0.154600	0.111400	0.150300	0.139700	0.147100	0.132400	0.146200	0.149100	0.104900	0.179200	0.148100	0.245200	0.230600	0.189100
485863.5	0.178000	0.216600	0.189400	0.153900	0.109800	0.147700	0.138400	0.146900	0.129800	0.144300	0.147500	0.100600	0.177200	0.145800	0.243000	0.228800	0.187700
490821.3	0.176600	0.214200	0.187200	0.153900	0.111400	0.147700	0.138700	0.147300	0.130800	0.145400	0.148200	0.105300	0.177500	0.146300	0.243000	0.229300	0.187300
495779.1	0.177700	0.215900	0.188700	0.153800	0.110500	0.148000	0.139500	0.147100	0.131600	0.144700	0.148300	0.107700	0.177000	0.146000	0.242700	0.228500	0.187000
500736.9	0.178000	0.217400	0.190700	0.154700	0.108200	0.146400	0.139400	0.147400	0.129600	0.144900	0.147600	0.100100	0.177400	0.145100	0.242100	0.228300	0.187300
505694.7	0.175400	0.211700	0.184900	0.152300	0.110700	0.146800	0.138200	0.144700	0.130400	0.145300	0.147400	0.102300	0.176000	0.145400	0.241900	0.228200	0.185800
510652.4	0.174000	0.210300	0.183600	0.152600	0.111200	0.147900	0.137800	0.144900	0.131800	0.144500	0.147500	0.106900	0.175300	0.144900	0.242600	0.227400	0.185200
515610.2	0.177200	0.215700	0.190200	0.154800	0.109400	0.146800	0.139400	0.145900	0.130900	0.144900	0.146900	0.102300	0.177300	0.145500	0.243400	0.227500	0.186800
520568.0	0.174900	0.213000	0.186000	0.153700	0.109500	0.144900	0.137500	0.144200	0.129600	0.144300	0.146900	0.102500	0.175500	0.144200	0.242100	0.227100	0.185400
525525.8	0.176200	0.215100	0.188300	0.154800	0.108800	0.144600	0.138000	0.145700	0.129200	0.144200	0.146600	0.098800	0.175500	0.144000	0.242800	0.226700	0.185700
530483.6	0.172400	0.207900	0.182900	0.152100	0.111100	0.146600	0.137700	0.143700	0.130900	0.144900	0.147400	0.102600	0.175200	0.144900	0.241500	0.226600	0.184600
535441.4	0.174200	0.211900	0.185800	0.152700	0.108500	0.144700	0.137700	0.143700	0.129600	0.143800	0.145700	0.101800	0.174000	0.143200	0.242600	0.224900	0.184300
540399.2	0.174700	0.213500	0.187400	0.153500	0.108000	0.144100	0.138200	0.145200	0.129700	0.143800	0.145600	0.101800	0.173400	0.142600	0.240800	0.224400	0.183400
545357.0	0.172900	0.210600	0.185000	0.152100	0.109000	0.142400	0.136900	0.144400	0.130200	0.143700	0.145200	0.103000	0.172900	0.142500	0.239800	0.223600	0.182500
550314.8	0.173000	0.210700	0.184500	0.152700	0.107800	0.142600	0.137200	0.144100	0.129400	0.144000	0.145600	0.097100	0.173600	0.142100	0.239200	0.224000	0.182700
555272.6	0.173300	0.210600	0.185000	0.152500	0.108200	0.142900	0.137300	0.144100	0.129600	0.144100	0.145100	0.095700	0.172500	0.142500	0.240100	0.223600	0.182500
560230.3	0.170800	0.206800	0.182100	0.150800	0.108400	0.142700	0.136300	0.143700	0.130700	0.144400	0.145300	0.100300	0.172000	0.141500	0.237600	0.222500	0.181200
565188.1	0.172900	0.209900	0.185000	0.152000	0.107400	0.141700	0.136500	0.144400	0.129200	0.142500	0.144200	0.097400	0.171300	0.140700	0.237900	0.221700	0.181800
570145.9	0.173500	0.210800	0.185600	0.152900	0.106400	0.140500	0.135700	0.144200	0.127100	0.143800	0.144900	0.093500	0.173600	0.142100	0.238000	0.222700	0.181500
575103.7	0.171100	0.207100	0.181500	0.150900	0.107500	0.141600	0.136500	0.142700	0.129500	0.143300	0.145100	0.095300	0.171500	0.140800	0.237200	0.220700	0.180400
580061.5	0.171700	0.207800	0.183400	0.151800	0.108000	0.140700	0.137000	0.144600	0.130300	0.143100	0.144800	0.099700	0.171400	0.140400	0.235500	0.220200	0.180900
585019.3	0.171600	0.208500	0.183200	0.151000	0.107200	0.139700	0.136400	0.143000	0.129600	0.142000	0.143700	0.098100	0.170300	0.139400	0.235500	0.218900	0.179900
589977.1	0.170000	0.204700	0.180700	0.151300	0.108600	0.141100	0.135000	0.142400	0.129800	0.142900	0.144100	0.097900	0.170600	0.139700	0.233500	0.218400	0.180000
594934.9	0.171600	0.208200	0.183300	0.151300	0.107000	0.139400	0.135700	0.143400	0.128600	0.142600	0.144200	0.091600	0.170700	0.139500	0.233600	0.219000	0.179900
599892.7	0.169700	0.204800	0.181000	0.150000	0.106100	0.139300	0.134600	0.141500	0.128700	0.141300	0.143200	0.094300	0.169400	0.138300	0.231900	0.217200	0.178100
604850.4	0.170800	0.206700	0.182700	0.150500	0.107200	0.138000	0.135800	0.145200	0.129600	0.141100	0.143000	0.095000	0.169000	0.138500	0.231400	0.216700	0.178500
609808.2	0.167200	0.200600	0.177000	0.149400	0.108400	0.141400	0.134800	0.141500	0.129700	0.142100	0.143500	0.098200	0.169100	0.138700	0.231200	0.216400	0.177400
614766.0	0.166900	0.199200	0.176000	0.148900	0.109600	0.141100	0.135000	0.141700	0.131400	0.142500	0.144600	0.102600	0.168900	0.138700	0.229900	0.215600	0.177100
619723.8	0.168300	0.202100	0.179000	0.148700	0.107200	0.139000	0.135500	0.143300	0.129800	0.140900	0.142600	0.097700	0.167900	0.136800	0.231100	0.214900	0.176500
624681.6	0.168600	0.202000	0.179100	0.151000	0.108500	0.139600	0.135900	0.142800	0.129400	0.142400	0.144800	0.100300	0.169900	0.139400	0.230900	0.215300	0.177500
629639.4	0.165200	0.197100	0.174000	0.148200	0.109500	0.139700	0.134200	0.140400	0.130700	0.141800	0.143400	0.101200	0.167400	0.137100	0.229200	0.213700	0.175900
634597.2	0.163800	0.195000	0.172300	0.147800	0.110600	0.141600	0.134300	0.140800	0.131900	0.142100	0.144200	0.102000	0.167800	0.138000	0.228600	0.213500	0.175100
639555.0	0.168400	0.200900	0.177800	0.149700	0.106600	0.137500	0.134800	0.141800	0.129400	0.141400	0.142300	0.093500	0.168300	0.137000	0.228100	0.213100	0.175900
644512.8	0.166600	0.198500	0.175900	0.149700	0.108400	0.138600	0.134800	0.141900	0.129800	0.141000	0.142500	0.097700	0.167400	0.137200	0.226900	0.213100	0.175900
649470.6	0.167800	0.200600	0.177700	0.149000	0.105600	0.135700	0.133900	0.141200	0.127700	0.139700	0.141100	0.087500	0.166500	0.136300	0.226500	0.212100	0.174600
654428.3	0.166600	0.198500	0.175800	0.148700	0.107500	0.137200	0.134900	0.141100	0.130500	0.140900	0.141900	0.097000	0.166500	0.136800	0.226300	0.211600	0.174300
659386.1	0.168500	0.201700	0.179100	0.149500	0.104800	0.135500	0.134000	0.141500	0.127200	0.139500	0.141200	0.088500	0.167500	0.136800	0.226600	0.211600	0.174800
664343.9	0.165900	0.197500	0.174600	0.147900	0.106500	0.137500	0.134100	0.141600	0.128200	0.140300	0.141400	0.091600	0.166000	0.135900	0.225800	0.210700	0.173600
669301.7	0.164300	0.193600	0.171500	0.146800	0.108600	0.138000	0.133900	0.138400	0.130000	0.140100	0.142300	0.098200	0.165600	0.135900	0.224300	0.209800	0.172800
674259.5	0.164700	0.195100	0.172300	0.148100	0.107800	0.138800	0.134100	0.141400	0.130600	0.139800	0.141700	0.096800	0.165400	0.135800	0.224500	0.210100	0.173400
679217.3	0.169300	0.201800	0.179600	0.150500	0.104900	0.135100	0.134900	0.141800	0.129100	0.140200	0.142600	0.086500	0.165900	0.135800	0.225400	0.210400	0.174700
684175.1	0.165100	0.195300	0.172800	0.147500	0.106300	0.135900	0.133500	0.139700	0.128400	0.140000	0.143100	0.091300	0.165400	0.134700	0.223800	0.209300	0.172300
689132.9	0.165200	0.196100	0.173100	0.147100	0.105800	0.136500	0.134100	0.140000	0.130200	0.139200	0.142800	0.090900	0.164500	0.134400	0.222000	0.208400	0.172200
694090.7	0.165000	0.195500	0.172600	0.147700	0.106800	0.135300	0.133500	0.138600	0.129400	0.139200	0.142700	0.093700	0.164800	0.134100	0.222600	0.207900	0.172100
699048.5	0.166400	0.197300	0.174400	0.147500	0.105400	0.135400	0.133100	0.140400	0.128500	0.138800	0.141600	0.089700	0.164300	0.134400	0.222100	0.207900	0.172600
704006.2	0.167500	0.199500	0.176900	0.148900	0.103300	0.133600	0.134100	0.143700	0.128100	0.137500	0.140300	0.084900	0.164600	0.133700	0.223200	0.207700	0.172100
708964.0	0.164900	0.194400	0.172700	0.147600	0.106100	0.135200	0.133100	0.140500	0.129700	0.139100	0.142100	0.092500	0.163800	0.133700	0.221000	0.207000	0.171400
713921.8	0.163400	0.191900	0.169500	0.145800	0.107700	0.135200	0.133000	0.139200	0.129800	0.138400	0.141500	0.098900	0.162700	0.133000	0.220100	0.205400	0.170300
718879.6	0.165100	0.194200	0.172000	0.147300	0.105100	0.134600	0.133300	0.141600	0.129100	0.138800	0.142000	0.089000	0.164300	0.133600	0.221100	0.206400	0.171800
723837.4	0.164400	0.193600	0.171400	0.146800	0.106100	0.134900	0.133100	0.139200	0.128700	0.139000	0.141400	0.087800	0.163700	0.133500	0.218600	0.205900	0.171500
728795.2	0.163100	0.189900	0.168800	0.147000	0.107800	0.135700	0.132700	0.140300	0.129900	0.138700	0.141500	0.094800	0.162800	0.133600	0.219600	0.204500	0.170900
733753.0	0.165000	0.194500	0.172700	0.146600	0.104300	0.134200	0.132600	0.140700	0.128000	0.137600	0.139900	0.085600	0.163000	0.132700	0.217900	0.204100	0.170700
738710.8	0.164900	0.194300	0.172300	0.147000	0.105100	0.134400	0.133100	0.139500	0.126900	0.137500	0.139800	0.086800	0.162500	0.132300	0.218500	0.203500	0.170300
743668.6	0.165000	0.194100	0.173000	0.147100	0.104800	0.134500	0.133400	0.141200	0.126300	0.138400	0.140500	0.085300	0.163400	0.133200	0.220000	0.204000	0.171300
748626.3	0.166400	0.195900	0.174200	0.148500	0.105000	0.134200	0.133300	0.141500	0.127500	0.138800	0.141400	0.088200	0.164400	0.133000	0.218800	0.203900	0.171200
753584.1	0.163200	0.189700	0.168900	0.145700	0.106100	0.134200	0.132100	0.140400	0.128900	0.138100	0.140900	0.088200	0.162600	0.132300	0.218600	0.202800	0.170000
758541.9	0.165600	0.193900	0.172200	0.146500	0.103600	0.132200	0.133300	0.141600	0.127000	0.136900	0.139400	0.082800	0.162500	0.131900	0.218000	0.202400	0.170200
763499.7	0.164300	0.192500	0.171200	0.145500	0.104000	0.132900	0.132700	0.141300	0.127800	0.136700	0.138700	0.087000	0.161100	0.131200	0.216800	0.201100	0.169500
768457.5	0.162900	0.188700	0.167000	0.145700	0.106700	0.134500	0.132400	0.139000	0.128900	0.137400	0.140100	0.089500	0.162300	0.131600	0.215500	0.201500	0.170000
773415.3	0.163800	0.190900	0.169200	0.145500	0.105000	0.133100	0.131500	0.139600	0.126700	0.136300	0.139300	0.088000	0.161300	0.131500	0.215700	0.200600	0.169300
778373.1	0.164500	0.190800	0.169100	0.146300	0.105100	0.132100	0.132100	0.139500	0.126400	0.137500	0.140000	0.085800	0.162400	0.131900	0.215600	0.201400	0.169600
783330.9	0.159500	0.183000	0.162000	0.144600	0.108900	0.135200	0.131900	0.138700	0.130600	0.137200	0.140500	0.097300	0.160900	0.131300	0.213600	0.199600	0.167800
788288.7	0.163600	0.190300	0.169100	0.145700	0.104500	0.132300	0.132700	0.141200	0.127700	0.136300	0.138400	0.086600	0.161300	0.130100	0.215000	0.199500	0.168600
793246.5	0.160300	0.183600	0.162800	0.144300	0.108400	0.135300	0.132400	0.138300	0.129400	0.137400	0.140600	0.095200	0.161500	0.131300	0.212400	0.199000	0.168200
798204.2	0.162700	0.187600	0.166900	0.145700	0.105500	0.133100	0.132200	0.139900	0.127500	0.136300	0.139300	0.087400	0.162700	0.131000	0.213900	0.199400	0.167900
803162.0	0.162600	0.187000	0.166200	0.144800	0.104500	0.133200	0.131900	0.139200	0.126300	0.135600	0.138600	0.082500	0.161300	0.130400	0.212100	0.198500	0.167900
808119.8	0.162000	0.185700	0.165600	0.144900	0.104800	0.132700	0.131300	0.139500	0.126700	0.136300	0.138900	0.083900	0.160800	0.130300	0.211000	0.198400	0.167500
813077.6	0.161500	0.183800	0.164000	0.144400	0.106600	0.134300	0.131900	0.138500	0.127800	0.136100	0.139400	0.089100	0.160900	0.130300	0.212200	0.197500	0.167000
818035.4	0.163100	0.187300	0.167700	0.145000	0.103600	0.131500	0.131500	0.138200	0.125300	0.134900	0.138400	0.080700	0.160300	0.129700	0.210900	0.197600	0.166700
822993.2	0.160700	0.182900	0.162200	0.144000	0.106700	0.133700	0.131700	0.138900	0.129400	0.135200	0.138700	0.091000	0.159700	0.129900	0.209300	0.196500	0.165600
827951.0	0.162700	0.186400	0.167000	0.144900	0.104000	0.131600	0.132400	0.139600	0.126700	0.134200	0.137200	0.085700	0.159600	0.128600	0.209400	0.195300	0.166300
832908.8	0.164800	0.188800	0.169200	0.146000	0.103600	0.131300	0.132500	0.140000	0.126700	0.134600	0.137800	0.081600	0.160200	0.129700	0.210300	0.196200	0.166800
837866.6	0.161300	0.183100	0.162900	0.143900	0.105800	0.133200	0.131800	0.139000	0.128300	0.135100	0.138400	0.085800	0.160200	0.130000	0.209800	0.195400	0.165600
842824.4	0.159700	0.180500	0.160500	0.143200	0.106000	0.133600	0.130700	0.136500	0.127800	0.134500	0.138800	0.088300	0.159900	0.129500	0.207100	0.194500	0.165100
847782.1	0.159600	0.179200	0.159600	0.142900	0.106600	0.133500	0.130600	0.136400	0.127700	0.135200	0.138700	0.088000	0.159900	0.129500	0.207000	0.194800	0.165200
852739.9	0.162900	0.184200	0.165600	0.145000	0.104400	0.131400	0.132100	0.139600	0.126400	0.134200	0.138000	0.082400	0.160200	0.129400	0.206300	0.195000	0.165900
857697.7	0.161000	0.182100	0.162600	0.144500	0.105600	0.132300	0.131900	0.138600	0.127300	0.135100	0.138200	0.085400	0.160200	0.129300	0.206000	0.194200	0.165700
862655.5	0.161300	0.181900	0.162700	0.144000	0.105700	0.132100	0.131300	0.137400	0.127500	0.134100	0.137900	0.084400	0.159200	0.128900	0.204000	0.193500	0.164700
867613.3	0.162100	0.183000	0.164200	0.144000	0.103900	0.130500	0.131600	0.138300	0.126700	0.134000	0.137000	0.080300	0.159000	0.128300	0.204600	0.193100	0.164400
872571.1	0.160300	0.179300	0.161000	0.143300	0.105100	0.132400	0.131300	0.138300	0.126400	0.133900	0.138400	0.083100	0.159400	0.128600	0.203400	0.193000	0.164600
877528.9	0.160000	0.180500	0.162500	0.143500	0.105600	0.131000	0.131300	0.139700	0.127700	0.133400	0.136700	0.085900	0.158700	0.128400	0.202500	0.191800	0.164300
882486.7	0.160500	0.180100	0.161200	0.143400	0.105700	0.132100	0.131200	0.137800	0.127500	0.133900	0.137700	0.084000	0.159600	0.128500	0.203400	0.192300	0.164100
887444.5	0.161900	0.182400	0.164600	0.143800	0.104100	0.130200	0.131700	0.140000	0.127300	0.133400	0.136800	0.084100	0.158800	0.127600	0.202600	0.191700	0.163300
892402.2	0.158100	0.175400	0.157100	0.141600	0.107500	0.134600	0.130600	0.135700	0.128900	0.134300	0.138000	0.089800	0.159300	0.128200	0.199900	0.191000	0.162700
897360.0	0.161000	0.180500	0.162000	0.144000	0.104200	0.131400	0.131500	0.138300	0.127800	0.133700	0.137000	0.081700	0.158900	0.127100	0.201100	0.191000	0.163600
902317.8	0.159600	0.177900	0.160000	0.142500	0.104300	0.132700	0.131200	0.138600	0.127900	0.133800	0.137400	0.082500	0.158100	0.127100	0.200100	0.190800	0.162900
907275.6	0.162400	0.181600	0.163400	0.143900	0.103200	0.131300	0.131500	0.138700	0.126300	0.132700	0.136900	0.081500	0.159200	0.126900	0.200200	0.190400	0.163300
912233.4	0.160500	0.178600	0.161400	0.143000	0.103800	0.132500	0.130500	0.137400	0.126500	0.133300	0.137100	0.078800	0.158200	0.127300	0.198600	0.190200	0.162500
917191.2	0.159700	0.176600	0.158900	0.142100	0.105500	0.132300	0.129800	0.137500	0.127800	0.133100	0.137000	0.085100	0.158300	0.126800	0.197700	0.189200	0.161600
922149.0	0.159300	0.177000	0.159400	0.141900	0.105300	0.132000	0.130600	0.137200	0.127200	0.132500	0.137100	0.081200	0.158200	0.126600	0.197800	0.189500	0.162100
927106.8	0.161400	0.180600	0.163600	0.142700	0.102700	0.130300	0.131100	0.139800	0.127500	0.132400	0.135900	0.078700	0.157300	0.126300	0.196900	0.189100	0.162200
932064.6	0.160900	0.179000	0.161600	0.142200	0.102000	0.130000	0.131300	0.138800	0.126100	0.132700	0.135900	0.074300	0.157700	0.126100	0.197400	0.188900	0.161500
937022.4	0.160600	0.177900	0.159700	0.142500	0.104700	0.131700	0.131100	0.138000	0.126500	0.132800	0.136700	0.079000	0.157700	0.126200	0.196100	0.188700	0.161500
941980.1	0.161100	0.177800	0.161000	0.142700	0.103400	0.130800	0.130900	0.138000	0.126600	0.132500	0.136500	0.078500	0.157800	0.126500	0.196000	0.188500	0.161400
946937.9	0.160200	0.177800	0.161000	0.142300	0.102900	0.129100	0.130500	0.137400	0.126200	0.132600	0.135700	0.075900	0.157400	0.126000	0.194200	0.187800	0.161300
951895.7	0.161400	0.178500	0.161300	0.142600	0.102500	0.130200	0.131100	0.138600	0.125300	0.132700	0.135600	0.076500	0.158100	0.126500	0.194900	0.187800	0.161300
956853.5	0.159700	0.174700	0.158200	0.141200	0.103200	0.130200	0.130400	0.138700	0.126700	0.132500	0.136100	0.077400	0.157100	0.125800	0.193500	0.187100	0.160200
961811.3	0.162300	0.179700	0.162600	0.142700	0.101600	0.129400	0.130900	0.139000	0.125800	0.131300	0.135400	0.074800	0.158200	0.125300	0.191700	0.186900	0.160500
966769.1	0.160300	0.176300	0.159400	0.141800	0.101900	0.128900	0.130700	0.136600	0.126300	0.131400	0.134900	0.076100	0.157400	0.124900	0.191700	0.186400	0.159800
971726.9	0.157300	0.171800	0.155300	0.140200	0.105100	0.130900	0.129000	0.136500	0.127000	0.132300	0.135800	0.079900	0.157100	0.125800	0.190800	0.185500	0.158900
976684.7	0.161200	0.178000	0.161000	0.141800	0.102000	0.128800	0.129900	0.137500	0.125500	0.131100	0.135000	0.077100	0.156900	0.124900	0.191500	0.185500	0.159400
981642.5	0.157300	0.170800	0.155000	0.140700	0.106000	0.131600	0.130200	0.136100	0.128200	0.132700	0.136900	0.082500	0.157600	0.126100	0.190300	0.185800	0.159200
986600.2	0.159500	0.173800	0.157900	0.141100	0.104100	0.130400	0.129900	0.136900	0.127100	0.131800	0.135500	0.079200	0.156500	0.125000	0.188800	0.184600	0.158600
991558.0	0.158200	0.172600	0.155800	0.140300	0.104400	0.130100	0.129700	0.136100	0.125900	0.131700	0.135600	0.079000	0.156500	0.125100	0.187600	0.184900	0.158200
996515.8	0.160100	0.175100	0.158600	0.141400	0.103600	0.129200	0.130000	0.137800	0.125800	0.131700	0.134900	0.078100	0.157100	0.125400	0.188300	0.184800	0.158600
1001473.6	0.157500	0.171900	0.156000	0.140500	0.104600	0.131100	0.129500	0.136400	0.126800	0.131100	0.135800	0.078700	0.156800	0.125000	0.187400	0.184200	0.157700
1006431.4	0.156800	0.169800	0.154300	0.139500	0.105300	0.131000	0.129700	0.135700	0.128800	0.131300	0.135500	0.086300	0.156200	0.124100	0.185200	0.182900	0.157300
1011389.2	0.158700	0.172500	0.156000	0.140300	0.103100	0.130400	0.130200	0.136500	0.127000	0.131200	0.135300	0.079500	0.156400	0.124100	0.186100	0.183600	0.157700
1016347.0	0.157500	0.170500	0.155200	0.140000	0.104100	0.131100	0.129700	0.135300	0.127100	0.131200	0.135800	0.081100	0.156900	0.125500	0.185500	0.183900	0.157300
1021304.8	0.159500	0.173900	0.158000	0.140800	0.102600	0.129200	0.130200	0.136200	0.126600	0.130800	0.134900	0.073500	0.156800	0.124700	0.186300	0.183600	0.157800
1026262.6	0.157100	0.170000	0.154600	0.140200	0.105300	0.131100	0.129500	0.137200	0.127400	0.131200	0.135200	0.082900	0.155800	0.124700	0.185000	0.182500	0.157000
1031220.4	0.159400	0.173200	0.158100	0.140500	0.102100	0.129400	0.129900	0.140100	0.127400	0.129900	0.134600	0.075500	0.155700	0.123300	0.183700	0.182200	0.157600
1036178.1	0.158500	0.171300	0.156000	0.140100	0.102700	0.129200	0.129600	0.138300	0.126100	0.130300	0.135700	0.075800	0.156300	0.125000	0.184000	0.182500	0.157400
1041135.9	0.161400	0.175400	0.159400	0.140900	0.100600	0.127100	0.130700	0.138900	0.125100	0.130500	0.134100	0.071300	0.156600	0.124300	0.184400	0.182600	0.157800
1046093.7	0.155400	0.166600	0.151600	0.138800	0.106000	0.131900	0.129600	0.135100	0.128300	0.130700	0.135700	0.081000	0.156400	0.125000	0.182900	0.182100	0.156400
1051051.5	0.157400	0.169400	0.154300	0.139800	0.103800	0.129700	0.129400	0.136300	0.126500	0.130100	0.135600	0.077600	0.156400	0.124600	0.183700	0.181600	0.156600
1056009.3	0.159100	0.172100	0.156400	0.139600	0.101900	0.128000	0.129700	0.138800	0.125400	0.129700	0.134300	0.073400	0.155800	0.124000	0.183700	0.181800	0.156300
1060967.1	0.157300	0.169600	0.153700	0.139600	0.102900	0.128900	0.128800	0.135800	0.125500	0.130300	0.134300	0.076100	0.156000	0.124000	0.182800	0.181300	0.156000
1065924.9	0.158200	0.170900	0.155700	0.139600	0.101700	0.127400	0.129200	0.137100	0.126300	0.130200	0.134300	0.074000	0.155300	0.123900	0.182300	0.181000	0.156300
1070882.7	0.158200	0.170000	0.154900	0.139400	0.103000	0.130400	0.130100	0.137700	0.128300	0.130400	0.134600	0.078100	0.156000	0.124100	0.182900	0.180900	0.156300
1075840.5	0.159600	0.173000	0.157900	0.140400	0.100700	0.127600	0.129700	0.137600	0.123300	0.129700	0.133800	0.070800	0.156000	0.124300	0.182700	0.181200	0.156600
1080798.2	0.157200	0.168300	0.152800	0.138900	0.102100	0.128900	0.128800	0.135300	0.126100	0.129500	0.134600	0.072300	0.155600	0.123900	0.181900	0.180500	0.155200
1085756.0	0.156500	0.167300	0.152300	0.139600	0.104000	0.129400	0.129500	0.136400	0.126100	0.130300	0.135200	0.077000	0.155600	0.124100	0.181800	0.180600	0.155600
1090713.8	0.158800	0.170400	0.155000	0.139900	0.102600	0.128800	0.129800	0.136700	0.125300	0.129900	0.134700	0.074500	0.155900	0.124700	0.183100	0.180500	0.155700
1095671.6	0.160000	0.172200	0.157400	0.140500	0.100800	0.127800	0.130400	0.137600	0.125000	0.129900	0.134600	0.071900	0.156000	0.124000	0.183700	0.180500	0.156000
1100629.4	0.157300	0.167900	0.153000	0.138900	0.102200	0.128700	0.129400	0.135900	0.125900	0.129300	0.134000	0.074400	0.155300	0.123800	0.181000	0.179600	0.155000
1105587.2	0.158800	0.169100	0.154500	0.139600	0.101400	0.128200	0.129400	0.137100	0.125500	0.129100	0.134100	0.074300	0.155100	0.124100	0.181800	0.179600	0.155300
1110545.0	0.158600	0.169700	0.154500	0.139100	0.101200	0.126600	0.129400	0.137400	0.125600	0.129100	0.133900	0.072300	0.155000	0.123500	0.181500	0.179300	0.154500
1115502.8	0.158500	0.168600	0.153000	0.139300	0.101700	0.128300	0.129500	0.135500	0.126600	0.129500	0.133700	0.073300	0.155100	0.123300	0.182400	0.179100	0.154600
1120460.6	0.158800	0.168600	0.153900	0.139300	0.102800	0.128900	0.129800	0.137500	0.128100	0.129800	0.134200	0.076500	0.155500	0.123700	0.181200	0.178900	0.154200
1125418.3	0.157300	0.167100	0.151800	0.138900	0.102800	0.128000	0.128800	0.135500	0.126000	0.129400	0.134500	0.074900	0.154600	0.122900	0.181600	0.178500	0.154100
1130376.1	0.157900	0.168500	0.153900	0.138500	0.101200	0.127900	0.130000	0.136700	0.126100	0.128200	0.133700	0.074400	0.154100	0.123500	0.180700	0.178100	0.153700
1135333.9	0.156800	0.165400	0.151000	0.138200	0.102900	0.128500	0.128700	0.135200	0.125500	0.129100	0.134900	0.074000	0.154800	0.123500	0.180500	0.178100	0.153400
1140291.7	0.158800	0.168700	0.154100	0.139300	0.101600	0.127500	0.129900	0.137700	0.125600	0.128800	0.133800	0.073000	0.154600	0.123800	0.180200	0.177800	0.154200
1145249.5	0.157100	0.166400	0.152300	0.138000	0.102800	0.128000	0.128800	0.135900	0.126800	0.128800	0.133600	0.076000	0.153700	0.122800	0.179300	0.176700	0.152900
1150207.3	0.157800	0.166700	0.151300	0.138500	0.103100	0.127900	0.129800	0.136700	0.127900	0.129100	0.134400	0.077900	0.155400	0.123400	0.179400	0.176500	0.153100
1155165.1	0.160200	0.170900	0.155300	0.139400	0.101200	0.126900	0.130300	0.138300	0.125900	0.129100	0.134100	0.072500	0.155500	0.122900	0.181200	0.175400	0.152600
1160122.9	0.157700	0.165800	0.150800	0.139300	0.105400	0.130000	0.129500	0.135600	0.127900	0.131000	0.136500	0.080100	0.156500	0.124600	0.180000	0.175200	0.152700
1165080.7	0.161800	0.171900	0.157000	0.141000	0.101300	0.128000	0.130800	0.140100	0.126500	0.130100	0.136200	0.069000	0.156200	0.124000	0.181400	0.175500	0.152600
1170038.5	0.160600	0.170200	0.154600	0.140400	0.102900	0.128700	0.130900	0.140000	0.128000	0.130400	0.136700	0.071200	0.157100	0.123900	0.180000	0.174000	0.152100
1174996.2	0.161200	0.169900	0.155100	0.140800	0.102900	0.128700	0.130900	0.137300	0.129000	0.131200	0.136700	0.074000	0.156300	0.124200	0.179000	0.173900	0.151400
1179954.0	0.160800	0.168600	0.153200	0.139600	0.103800	0.129300	0.129900	0.137100	0.128600	0.130600	0.137200	0.074100	0.157300	0.124200	0.179100	0.173600	0.150500
1184911.8	0.161100	0.170000	0.155100	0.140200	0.103200	0.128500	0.131000	0.138500	0.128600	0.130400	0.136600	0.072300	0.156500	0.124300	0.178300	0.173300	0.151000
1189869.6	0.159400	0.167000	0.152400	0.139500	0.102800	0.128200	0.129200	0.138300	0.126600	0.130000	0.135600	0.072600	0.156000	0.123400	0.177900	0.173400	0.149600
1194827.4	0.160500	0.168300	0.153700	0.139300	0.100600	0.126800	0.130300	0.138200	0.127300	0.129500	0.135000	0.067500	0.154700	0.123300	0.178300	0.173100	0.149700
1199785.2	0.160000	0.168000	0.152700	0.139900	0.102500	0.128000	0.129300	0.137000	0.127200	0.129300	0.135500	0.072500	0.155800	0.123600	0.178100	0.172300	0.149300
1204743.0	0.159100	0.166700	0.152300	0.138900	0.102400	0.127400	0.129700	0.136900	0.128500	0.129100	0.135100	0.071200	0.155500	0.123400	0.177300	0.172500	0.149500
1209700.8	0.158700	0.166000	0.151900	0.139100	0.102300	0.127900	0.130300	0.137300	0.128800	0.129100	0.134800	0.070700	0.155200	0.123200	0.179600	0.172900	0.149500
1214658.6	0.159000	0.166100	0.151400	0.138600	0.101200	0.126600	0.129500	0.136500	0.126400	0.128700	0.134800	0.067600	0.154500	0.123300	0.179900	0.172900	0.148600
1219616.3	0.160000	0.167500	0.153500	0.138600	0.100500	0.125900	0.129600	0.137300	0.126100	0.128700	0.134000	0.068500	0.154100	0.122600	0.180300	0.172500	0.148900
1224574.1	0.160100	0.168600	0.154300	0.138900	0.099500	0.124900	0.128200	0.137000	0.125100	0.127700	0.133500	0.065800	0.151200	0.121600	0.179600	0.172300	0.149000
1229531.9	0.159500	0.167200	0.152800	0.138300	0.100900	0.127000	0.129200	0.138100	0.127200	0.128900	0.134200	0.066900	0.153900	0.122900	0.180500	0.172200	0.148300
1234489.7	0.159000	0.165300	0.150800	0.138300	0.101600	0.127300	0.129300	0.136600	0.127900	0.128600	0.134200	0.069500	0.154300	0.123000	0.181000	0.171900	0.148200
1239447.5	0.158200	0.165000	0.150400	0.138400	0.102300	0.128600	0.130000	0.136400	0.127500	0.129400	0.134900	0.071700	0.155100	0.123600	0.180800	0.172000	0.148400
1244405.3	0.160900	0.168600	0.154000	0.139100	0.099500	0.126400	0.129200	0.136700	0.125100	0.128300	0.133000	0.062100	0.154600	0.123300	0.181000	0.172000	0.148500
1249363.1	0.160600	0.168500	0.154100	0.139000	0.100600	0.126100	0.129400	0.138300	0.125600	0.129000	0.133800	0.066600	0.154900	0.122900	0.182200	0.172100	0.148300
1254320.9	0.161300	0.169000	0.154400	0.139100	0.100300	0.125900	0.129700	0.139000	0.124800	0.129200	0.134000	0.062400	0.155500	0.123900	0.183500	0.172600	0.148700
1259278.7	0.158400	0.163800	0.149500	0.138500	0.103800	0.129200	0.128700	0.135800	0.127800	0.130300	0.135500	0.071300	0.154900	0.124200	0.181700	0.172600	0.148500
1264236.5	0.161500	0.168500	0.155000	0.140100	0.101200	0.127200	0.129500	0.137300	0.124600	0.132200	0.135100	0.064900	0.156000	0.124700	0.181800	0.173000	0.149200
1269194.2	0.161000	0.166400	0.152600	0.139800	0.102900	0.127900	0.130700	0.136700	0.127100	0.133700	0.136200	0.068400	0.155100	0.124800	0.183000	0.173600	0.150200
1274152.0	0.158700	0.164000	0.150400	0.139200	0.105900	0.129400	0.129800	0.138700	0.128000	0.134300	0.137100	0.072600	0.156200	0.125700	0.183700	0.174200	0.150500
1279109.8	0.162500	0.167900	0.154400	0.141000	0.104300	0.128600	0.129600	0.138700	0.127600	0.134700	0.135700	0.069700	0.156200	0.125500	0.184400	0.174600	0.150500
1284067.6	0.177900	0.178600	0.166000	0.153800	0.109200	0.129800	0.136400	0.145300	0.131200	0.146700	0.139100	0.069400	0.160100	0.129700	0.186900	0.179800	0.161800
1289025.4	0.202200	0.191000	0.179400	0.173800	0.119300	0.133400	0.148100	0.154200	0.147000	0.162300	0.142500	0.074500	0.165300	0.134700	0.189200	0.185700	0.178500
1293983.2	0.232300	0.203000	0.192900	0.199600	0.134300	0.140200	0.163100	0.165500	0.167900	0.181400	0.149400	0.081300	0.176300	0.142900	0.194900	0.193600	0.198600
1298941.0	0.273900	0.221700	0.209600	0.227300	0.147300	0.145100	0.180900	0.178600	0.192100	0.194600	0.153600	0.091300	0.186600	0.151300	0.196500	0.200700	0.216300
1303898.8	0.320600	0.243500	0.230000	0.257800	0.154600	0.150600	0.199000	0.193300	0.216200	0.204400	0.158000	0.088900	0.199400	0.161100	0.202000	0.208300	0.232600
1308856.6	0.340000	0.251500	0.236700	0.277300	0.166400	0.156800	0.216500	0.201100	0.244000	0.211700	0.163600	0.097600	0.208300	0.169500	0.204200	0.215100	0.242800
1313814.3	0.354600	0.262900	0.248600	0.294900	0.172000	0.165500	0.229700	0.210600	0.266100	0.219500	0.168400	0.098000	0.218000	0.179200	0.208600	0.221900	0.252900
1318772.1	0.366600	0.275000	0.258500	0.307400	0.181300	0.178100	0.246300	0.222300	0.294500	0.226300	0.175800	0.112700	0.229000	0.186300	0.209900	0.227300	0.262900
1323729.9	0.369200	0.280800	0.262000	0.314100	0.189300	0.194700	0.260200	0.227400	0.308900	0.231200	0.183500	0.127100	0.239500	0.193300	0.214100	0.234800	0.269900
1328687.7	0.383800	0.294400	0.272500	0.322400	0.192200	0.207500	0.273300	0.233200	0.319400	0.234000	0.187800	0.132400	0.247300	0.201000	0.218300	0.241800	0.277300
1333645.5	0.393700	0.306600	0.282500	0.331600	0.191700	0.218600	0.283400	0.236200	0.329100	0.240700	0.194600	0.130000	0.253900	0.207700	0.222400	0.248100	0.285300
1338603.3	0.397300	0.309300	0.283600	0.338400	0.200300	0.232700	0.292300	0.239800	0.341300	0.245800	0.201800	0.156900	0.259300	0.212900	0.225600	0.253300	0.290500
1343561.1	0.409600	0.322000	0.291800	0.346300	0.198700	0.242100	0.300900	0.241300	0.347700	0.249900	0.208100	0.149300	0.265400	0.218800	0.229200	0.259100	0.298200
1348518.9	0.412000	0.322700	0.291400	0.347500	0.206800	0.254100	0.304800	0.242500	0.356000	0.254600	0.212300	0.170500	0.268700	0.223600	0.230900	0.260700	0.303000
1353476.7	0.428600	0.335700	0.300600	0.355700	0.205200	0.255800	0.312700	0.246100	0.357900	0.256800	0.214800	0.164400	0.274900	0.227100	0.235100	0.264100	0.309200
1358434.4	0.428800	0.334600	0.296600	0.358500	0.206300	0.260100	0.312200	0.243300	0.363200	0.258600	0.218600	0.165000	0.277000	0.231800	0.238100	0.264700	0.310200
1363392.3	0.441100	0.347800	0.306100	0.363800	0.203400	0.261300	0.317100	0.248200	0.366100	0.258500	0.219200	0.168300	0.279300	0.235000	0.238800	0.267600	0.312600
1368350.0	0.450100	0.351300	0.308800	0.369000	0.208300	0.265200	0.323100	0.250200	0.368600	0.263500	0.224600	0.174500	0.283500	0.241100	0.242100	0.271600	0.315700
1373307.8	0.453300	0.350100	0.305100	0.366800	0.208500	0.266100	0.322700	0.246100	0.371200	0.264800	0.226200	0.174100	0.283300	0.242200	0.241600	0.270900	0.315200
1378265.6	0.456600	0.347100	0.300500	0.366500	0.213300	0.267700	0.323400	0.245900	0.373900	0.267100	0.227600	0.190000	0.284800	0.244600	0.243200	0.271000	0.315800
1383223.4	0.464900	0.356000	0.306000	0.371200	0.208200	0.266800	0.323200	0.245200	0.371700	0.268200	0.230400	0.171000	0.288000	0.249000	0.246100	0.273900	0.318400
1388181.2	0.472100	0.358100	0.307900	0.373700	0.206900	0.264500	0.323500	0.245600	0.368600	0.266400	0.229700	0.178300	0.290000	0.249500	0.246900	0.271900	0.318300
1393139.0	0.475600	0.357900	0.304800	0.376300	0.209500	0.267700	0.326400	0.244800	0.365300	0.271700	0.231700	0.173300	0.294500	0.251900	0.248200	0.273600	0.319700
1398096.8	0.479000	0.357700	0.305900	0.378200	0.216700	0.272400	0.333100	0.246700	0.372600	0.275300	0.234600	0.189300	0.296400	0.252800	0.251000	0.274100	0.321700
1403054.5	0.473000	0.354500	0.303200	0.374300	0.213400	0.267700	0.326700	0.240500	0.358700	0.270400	0.232500	0.178700	0.296300	0.249500	0.251100	0.271800	0.317400
1408012.3	0.479800	0.357900	0.307000	0.373800	0.213900	0.265200	0.331400	0.243500	0.359600	0.270200	0.231900	0.176600	0.297100	0.251500	0.251500	0.271200	0.315300
1412970.1	0.482500	0.357300	0.307200	0.378000	0.215400	0.266400	0.332300	0.241800	0.358800	0.272800	0.233100	0.178500	0.298700	0.252000	0.250800	0.271800	0.313600
1417927.9	0.483500	0.356800	0.306100	0.380500	0.216000	0.269000	0.330500	0.241800	0.360700	0.272500	0.234000	0.176200	0.299900	0.254100	0.251900	0.272100	0.313200
1422885.7	0.492700	0.361700	0.309900	0.382100	0.215600	0.267500	0.331100	0.241700	0.356400	0.269900	0.234600	0.169000	0.304800	0.255700	0.253700	0.272100	0.313000
1427843.5	0.491400	0.357900	0.306000	0.378200	0.219700	0.269600	0.335100	0.241200	0.362000	0.270400	0.235200	0.181000	0.304000	0.255200	0.252300	0.271400	0.311400
1432801.3	0.496300	0.359200	0.307400	0.378500	0.218000	0.266700	0.336100	0.240900	0.358000	0.271800	0.236200	0.171700	0.305900	0.255600	0.253500	0.272100	0.311300
1437759.1	0.490000	0.348800	0.295500	0.374400	0.224600	0.272400	0.332400	0.237900	0.358400	0.270700	0.238200	0.188900	0.306300	0.257900	0.251700	0.272000	0.310300
1442716.9	0.492800	0.351200	0.296100	0.367100	0.223100	0.268300	0.327200	0.235900	0.344400	0.265500	0.236600	0.189900	0.305500	0.255200	0.250400	0.269800	0.306400
1447674.7	0.496700	0.355100	0.299500	0.364400	0.219600	0.264700	0.325700	0.236800	0.336100	0.262900	0.236100	0.181800	0.307800	0.252900	0.248600	0.270800	0.304300
1452632.4	0.448200	0.327000	0.274400	0.318000	0.207200	0.252900	0.295600	0.222300	0.295900	0.240000	0.226500	0.176900	0.296500	0.240700	0.241900	0.260100	0.273700
1457590.2	0.391700	0.298600	0.248700	0.272900	0.188200	0.236500	0.265900	0.207100	0.251100	0.214000	0.215700	0.148000	0.280400	0.224200	0.234200	0.246800	0.242300
1462548.0	0.350800	0.279500	0.232800	0.244500	0.173600	0.223500	0.243000	0.196100	0.220100	0.193800	0.203700	0.134300	0.266700	0.210200	0.227600	0.234900	0.220700
1467505.8	0.319300	0.263400	0.220000	0.224200	0.164000	0.213600	0.227100	0.187400	0.198900	0.181200	0.196300	0.125100	0.257500	0.202100	0.222500	0.226600	0.207200
1472463.6	0.289800	0.244600	0.205400	0.207000	0.157400	0.205800	0.213700	0.178600	0.185400	0.171400	0.189300	0.126600	0.245400	0.191500	0.215300	0.217800	0.195600
1477421.4	0.270200	0.234600	0.198100	0.197200	0.150700	0.197800	0.202500	0.171300	0.173300	0.165300	0.184300	0.115300	0.240100	0.185800	0.212500	0.213000	0.187600
1482379.2	0.257400	0.230200	0.197000	0.188900	0.141300	0.189200	0.194900	0.170400	0.164300	0.159700	0.177400	0.102000	0.232700	0.180200	0.208700	0.207600	0.181600
1487337.0	0.242200	0.220400	0.189600	0.181500	0.136200	0.183600	0.187200	0.162800	0.156600	0.155100	0.173600	0.099800	0.225100	0.174800	0.205900	0.202700	0.176400
1492294.8	0.227400	0.209500	0.180800	0.174800	0.134600	0.181100	0.180600	0.159300	0.152900	0.153100	0.170400	0.096200	0.219800	0.171500	0.203100	0.199000	0.171400
1497252.5	0.217800	0.202200	0.175900	0.170000	0.132200	0.175600	0.176300	0.157500	0.150400	0.149800	0.166900	0.096000	0.214200	0.167900	0.200300	0.194900	0.167900
1502210.3	0.209200	0.196300	0.171900	0.164900	0.130200	0.171400	0.171500	0.154200	0.146700	0.147500	0.164300	0.096100	0.210200	0.165400	0.196700	0.191900	0.165300
1507168.1	0.203600	0.192600	0.171000	0.163500	0.127400	0.167800	0.168400	0.151300	0.143100	0.146100	0.162400	0.091000	0.208100	0.163200	0.195100	0.189500	0.163900
1512125.9	0.201100	0.192600	0.170900	0.162500	0.121000	0.163200	0.166400	0.151900	0.139900	0.144200	0.158200	0.079800	0.203900	0.160200	0.192800	0.187700	0.162500
1517083.7	0.193600	0.184800	0.165500	0.158600	0.122100	0.161700	0.162800	0.149500	0.140700	0.142700	0.157600	0.081500	0.200400	0.159500	0.191100	0.185500	0.160600
1522041.5	0.190600	0.183600	0.165500	0.157800	0.119600	0.158300	0.161700	0.147100	0.137700	0.142500	0.156200	0.081100	0.198900	0.158100	0.190400	0.184500	0.159400
1526999.3	0.186200	0.180200	0.163400	0.155500	0.118600	0.157300	0.160000	0.148300	0.138300	0.142400	0.154800	0.076500	0.195900	0.157200	0.188300	0.182600	0.158200
1531957.1	0.180400	0.173100	0.156200	0.153000	0.121000	0.157000	0.157500	0.145900	0.139300	0.141900	0.155400	0.083100	0.193200	0.156200	0.185100	0.180800	0.156600
1536914.9	0.182500	0.177900	0.161700	0.154500	0.116300	0.152400	0.157000	0.146800	0.136700	0.139900	0.151900	0.075100	0.191500	0.154300	0.186200	0.179900	0.156600
1541872.6	0.179300	0.175000	0.159400	0.152600	0.116100	0.151700	0.155200	0.146500	0.136700	0.139600	0.152100	0.074700	0.190200	0.153300	0.185300	0.178600	0.155700
1546830.4	0.176800	0.171600	0.157300	0.152000	0.117500	0.152300	0.154500	0.144800	0.137500	0.140200	0.151600	0.078700	0.189300	0.153100	0.184900	0.177900	0.155700
1551788.2	0.179200	0.176000	0.163000	0.154200	0.115200	0.150200	0.154500	0.146500	0.135500	0.139900	0.150700	0.073700	0.189000	0.152600	0.185300	0.178400	0.156500
1556746.0	0.175700	0.172600	0.158200	0.152000	0.113700	0.149000	0.154200	0.144900	0.136200	0.139300	0.149600	0.073400	0.186100	0.150700	0.184000	0.176600	0.154800
1561703.8	0.174600	0.171800	0.157600	0.151500	0.112900	0.147400	0.152900	0.145800	0.135800	0.139500	0.148600	0.070300	0.185300	0.150500	0.183400	0.176200	0.154400
1566661.6	0.171100	0.167800	0.154300	0.149600	0.114600	0.148400	0.152500	0.143900	0.136600	0.138600	0.148800	0.075300	0.184000	0.150500	0.182700	0.175300	0.153300
1571619.4	0.173600	0.172200	0.158800	0.150200	0.110700	0.144500	0.152300	0.145200	0.135300	0.137800	0.146400	0.069500	0.182700	0.148900	0.182900	0.173900	0.153600
1576577.2	0.171100	0.167900	0.155100	0.149600	0.112400	0.146600	0.151600	0.142500	0.136000	0.138600	0.148600	0.070500	0.183200	0.149900	0.183000	0.174800	0.153200
1581535.0	0.170200	0.167800	0.154500	0.149200	0.112200	0.144500	0.150700	0.142300	0.135600	0.137700	0.147100	0.071300	0.182000	0.149200	0.182900	0.174000	0.152700
1586492.7	0.172400	0.171300	0.159000	0.149900	0.110600	0.142200	0.151600	0.145100	0.135200	0.137900	0.146300	0.068700	0.181700	0.148200	0.183100	0.173200	0.153200
1591450.5	0.169500	0.167400	0.155000	0.148200	0.110800	0.144100	0.151100	0.143800	0.136400	0.137700	0.147000	0.069400	0.181000	0.148500	0.181100	0.173300	0.152400
1596408.3	0.169100	0.165900	0.153800	0.147800	0.112100	0.144400	0.150000	0.142500	0.136000	0.138400	0.147300	0.073300	0.181000	0.147800	0.180600	0.172400	0.151600
1601366.1	0.169800	0.167200	0.155100	0.148200	0.110200	0.142800	0.150200	0.144100	0.134300	0.136700	0.145200	0.069700	0.179300	0.147600	0.181000	0.171500	0.151700
1606323.9	0.168100	0.165800	0.154000	0.147200	0.110000	0.142600	0.149800	0.143400	0.135200	0.136800	0.145400	0.068400	0.177900	0.146600	0.180000	0.171200	0.151000
1611281.7	0.167300	0.165000	0.153400	0.147000	0.110600	0.142000	0.148000	0.140800	0.134300	0.137300	0.146400	0.067800	0.178000	0.147100	0.180200	0.171500	0.151300
1616239.5	0.167600	0.164500	0.152400	0.146900	0.110000	0.141900	0.149100	0.142200	0.135400	0.136500	0.144900	0.068800	0.178400	0.146900	0.180200	0.170800	0.150300
1621197.3	0.167500	0.164900	0.152500	0.148300	0.110600	0.140800	0.148500	0.140500	0.134000	0.137300	0.145500	0.068700	0.177900	0.146400	0.180200	0.170900	0.151100
