VERSION	1200
Time[MSec.]	Ratio	Ratio	Ratio	Ratio	Ratio	Ratio	Ratio	Ratio	Ratio	Ratio	Ratio	Ratio	Ratio	Ratio	Ratio	Ratio	Ratio	Ratio	Ratio	Ratio	Ratio	Ratio	Ratio	Ratio	Ratio	Ratio	Ratio	Ratio	Ratio	Ratio
%.1f	%.4f	%.4f	%.4f	%.4f	%.4f	%.4f	%.4f	%.4f	%.4f	%.4f	%.4f	%.4f	%.4f	%.4f	%.4f	%.4f	%.4f	%.4f	%.4f	%.4f	%.4f	%.4f	%.4f	%.4f	%.4f	%.4f	%.4f	%.4f	%.4f	%.4f
Time	ROI(1-1)	ROI(1-2)	ROI(1-3)	ROI(1-4)	ROI(1-5)	ROI(1-6)	ROI(1-7)	ROI(1-8)	ROI(1-9)	ROI(1-10)	ROI(1-11)	ROI(1-12)	ROI(1-13)	ROI(1-14)	ROI(1-15)	ROI(1-16)	ROI(1-17)	ROI(1-18)	ROI(1-19)	ROI(1-20)	ROI(1-21)	ROI(1-22)	ROI(1-23)	ROI(1-24)	ROI(1-25)	ROI(1-26)	ROI(1-27)	ROI(1-28)	ROI(1-29)	ROI(1-30)
GraphNo	1	2	3	4	5	6	7	8	9	10	11	12	13	14	15	16	17	18	19	20	21	22	23	24	25	26	27	28	29	30
0.0	0.197900	0.176900	0.179900	0.174200	0.181700	0.187800	0.170600	0.185900	0.176900	0.180200	0.231300	0.184600	0.166300	0.158800	0.174500	0.176500	0.219100	0.181400	0.172800	0.172700	0.140700	0.190600	0.228000	0.176300	0.152800	0.122600	0.125000	0.095000	0.174800	0.169800
4957.8	0.194900	0.176900	0.176300	0.170700	0.174900	0.179400	0.168100	0.182000	0.173900	0.176900	0.218400	0.180700	0.163900	0.158800	0.175100	0.176600	0.219200	0.177700	0.171700	0.171400	0.138600	0.189900	0.225700	0.162300	0.154100	0.119200	0.121500	0.093100	0.180100	0.169700
9915.6	0.196700	0.178000	0.180000	0.173500	0.179900	0.187300	0.168900	0.182900	0.175500	0.178000	0.214400	0.181700	0.163500	0.157200	0.174700	0.177000	0.224300	0.177400	0.171400	0.171700	0.138800	0.190900	0.230300	0.160800	0.153600	0.120300	0.121700	0.094700	0.172300	0.170600
14873.4	0.193200	0.176100	0.177000	0.170800	0.178800	0.185800	0.169200	0.186300	0.175600	0.176700	0.212200	0.180800	0.163100	0.156900	0.175300	0.175000	0.225600	0.176000	0.172000	0.171500	0.141600	0.187800	0.228600	0.154200	0.154000	0.120500	0.122100	0.094700	0.170400	0.169800
19831.2	0.197100	0.177200	0.179700	0.172400	0.179400	0.186100	0.168700	0.188500	0.179500	0.178900	0.215200	0.180400	0.162700	0.156100	0.169600	0.174800	0.221900	0.178300	0.174100	0.174400	0.138500	0.185700	0.223200	0.156500	0.154000	0.117100	0.119100	0.090000	0.171600	0.171300
24789.0	0.199500	0.179000	0.181500	0.171100	0.184600	0.190100	0.168400	0.186500	0.176500	0.174300	0.211400	0.181700	0.163600	0.163000	0.179300	0.178300	0.216200	0.171200	0.165000	0.164800	0.146200	0.191800	0.224500	0.160000	0.156000	0.125400	0.127100	0.099500	0.175800	0.175200
29746.7	0.199500	0.180400	0.184200	0.174700	0.187600	0.191300	0.169400	0.187700	0.178000	0.181200	0.214000	0.181500	0.162900	0.159400	0.178400	0.178100	0.225300	0.179700	0.177700	0.176400	0.141100	0.188200	0.222000	0.156000	0.157200	0.120600	0.120300	0.092400	0.175000	0.178800
34704.5	0.198000	0.178800	0.181600	0.171300	0.180400	0.194800	0.168700	0.192800	0.177000	0.173900	0.224400	0.182200	0.164600	0.162200	0.180800	0.177200	0.238800	0.167500	0.162400	0.165900	0.145700	0.199100	0.241400	0.170100	0.155300	0.125700	0.126000	0.100200	0.176500	0.174200
39662.3	0.198400	0.178100	0.181100	0.171500	0.178300	0.197800	0.169600	0.190900	0.175500	0.176100	0.244200	0.184800	0.163900	0.161900	0.179600	0.172800	0.242600	0.171800	0.166400	0.167600	0.144600	0.199800	0.249500	0.210900	0.156000	0.124300	0.125000	0.098500	0.176400	0.173400
44620.1	0.202300	0.180200	0.182700	0.173300	0.178700	0.199400	0.170800	0.193800	0.177300	0.179300	0.271800	0.187100	0.163800	0.160900	0.179700	0.174000	0.235100	0.173600	0.169500	0.170700	0.145500	0.200300	0.262400	0.221400	0.160000	0.122600	0.123400	0.098700	0.176300	0.177100
49577.9	0.204000	0.179800	0.181800	0.174700	0.178500	0.199400	0.170200	0.193800	0.176300	0.181100	0.267300	0.187000	0.163200	0.160500	0.178800	0.172900	0.233300	0.175000	0.171900	0.173200	0.147500	0.198200	0.264200	0.205500	0.157800	0.121600	0.122900	0.094500	0.175400	0.176300
54535.7	0.205800	0.181500	0.186000	0.177600	0.182400	0.200400	0.172700	0.196200	0.180000	0.190600	0.254800	0.188000	0.163800	0.159400	0.177900	0.174200	0.232800	0.182500	0.182500	0.180600	0.147800	0.191800	0.243500	0.191600	0.159300	0.118300	0.121100	0.089700	0.174800	0.178600
59493.5	0.199800	0.179600	0.181300	0.174500	0.182200	0.195700	0.171000	0.188100	0.172700	0.177900	0.248200	0.185500	0.163500	0.160900	0.182500	0.176000	0.235000	0.173100	0.169100	0.170200	0.160000	0.192400	0.235900	0.194700	0.156400	0.123100	0.123800	0.094800	0.174800	0.178200
64451.3	0.201900	0.178700	0.182400	0.178800	0.179700	0.197400	0.170100	0.189700	0.177600	0.186800	0.267800	0.186600	0.163200	0.160100	0.196400	0.175700	0.233300	0.178900	0.177200	0.177600	0.172100	0.191300	0.241400	0.204200	0.156400	0.121000	0.122200	0.091100	0.175800	0.177400
69409.1	0.201300	0.178700	0.182300	0.176500	0.177200	0.198900	0.168900	0.187200	0.175600	0.180300	0.254900	0.185900	0.164000	0.161800	0.211400	0.177300	0.235500	0.175000	0.171300	0.170700	0.187000	0.196200	0.253500	0.216400	0.156400	0.123500	0.123900	0.096500	0.177100	0.177800
74366.9	0.199800	0.177100	0.180300	0.174400	0.173600	0.198900	0.168000	0.188500	0.172700	0.174900	0.269600	0.184200	0.165200	0.164400	0.203700	0.178000	0.242000	0.167500	0.160300	0.163100	0.188000	0.201900	0.255100	0.213000	0.156800	0.128600	0.128400	0.100800	0.182300	0.176700
79324.7	0.203600	0.178800	0.185200	0.180600	0.179200	0.205200	0.173400	0.195800	0.180400	0.187400	0.263400	0.186500	0.164200	0.161700	0.192400	0.176800	0.231100	0.181800	0.179400	0.178000	0.169400	0.191700	0.240900	0.190400	0.158600	0.122000	0.123700	0.091800	0.178800	0.182400
84282.4	0.201000	0.178800	0.183800	0.181300	0.178400	0.204700	0.170500	0.198100	0.177500	0.183000	0.257800	0.184900	0.164400	0.161900	0.187500	0.175900	0.228600	0.175800	0.171600	0.171800	0.176100	0.193700	0.237800	0.179100	0.157800	0.126000	0.125600	0.096500	0.176700	0.178900
89240.2	0.202800	0.179600	0.183200	0.178500	0.178500	0.211700	0.172700	0.193700	0.178900	0.185000	0.237900	0.182900	0.163100	0.160300	0.184400	0.175700	0.218200	0.178000	0.176500	0.174100	0.182600	0.189700	0.232000	0.165200	0.157200	0.121700	0.123400	0.091000	0.175300	0.182200
94198.0	0.204000	0.176100	0.183000	0.178400	0.176600	0.215300	0.172200	0.191200	0.177400	0.181800	0.220500	0.177900	0.162500	0.160100	0.183500	0.173600	0.203000	0.173600	0.170500	0.169300	0.190100	0.188600	0.225300	0.166900	0.155800	0.122200	0.123700	0.093700	0.172400	0.175800
99155.8	0.201800	0.176900	0.182400	0.180100	0.175500	0.213600	0.170600	0.185800	0.175800	0.181100	0.212900	0.175700	0.161100	0.160300	0.183300	0.172000	0.188100	0.172100	0.168100	0.167700	0.187200	0.186700	0.218700	0.163400	0.154700	0.121200	0.123400	0.093200	0.168500	0.175900
104113.6	0.203100	0.177800	0.182700	0.180300	0.176600	0.213200	0.171100	0.185300	0.179500	0.183000	0.208400	0.176200	0.161900	0.160700	0.180400	0.173900	0.175300	0.174300	0.170900	0.169200	0.174900	0.187000	0.216700	0.160600	0.156300	0.120100	0.122600	0.092000	0.167000	0.175900
109071.4	0.203700	0.177000	0.180800	0.175600	0.174400	0.208300	0.170200	0.185400	0.179100	0.178600	0.203000	0.175200	0.161100	0.162000	0.177400	0.172900	0.165600	0.171200	0.166800	0.166200	0.166400	0.187700	0.218100	0.158200	0.154200	0.121400	0.124000	0.093300	0.165000	0.175300
114029.2	0.204500	0.177100	0.182200	0.177000	0.176300	0.204200	0.169800	0.182400	0.177500	0.184200	0.197700	0.174200	0.159800	0.158600	0.175400	0.173400	0.156600	0.176200	0.174100	0.170800	0.157400	0.184600	0.215400	0.156800	0.154200	0.118600	0.120200	0.091900	0.163600	0.174900
118987.0	0.203400	0.176600	0.180500	0.174300	0.177300	0.202300	0.168100	0.178100	0.172400	0.180400	0.188700	0.173000	0.159600	0.158600	0.175000	0.172800	0.151600	0.171400	0.168100	0.166100	0.155400	0.185300	0.213000	0.153600	0.153200	0.121300	0.123200	0.094400	0.163800	0.175100
123944.8	0.205500	0.176200	0.180600	0.173100	0.174100	0.205300	0.167600	0.176500	0.171500	0.178300	0.184300	0.171700	0.159200	0.155400	0.171100	0.171700	0.148800	0.171000	0.168900	0.166000	0.152000	0.185200	0.215600	0.152900	0.152800	0.118200	0.120600	0.089800	0.162600	0.174000
128902.6	0.208600	0.177400	0.182700	0.174900	0.175500	0.205300	0.168100	0.176900	0.176300	0.181600	0.184400	0.172800	0.158700	0.155400	0.171300	0.172200	0.145700	0.174400	0.172700	0.168700	0.153400	0.184200	0.220200	0.160100	0.152600	0.119100	0.120800	0.091000	0.163200	0.175900
133860.3	0.209200	0.177000	0.182700	0.177700	0.175600	0.193800	0.166200	0.176100	0.176300	0.179200	0.183000	0.173900	0.159200	0.156700	0.170000	0.171100	0.142600	0.172100	0.170500	0.167800	0.146800	0.183900	0.214000	0.155300	0.151900	0.119300	0.121800	0.091700	0.163300	0.175700
138818.1	0.206600	0.176500	0.181300	0.177100	0.174200	0.186500	0.164700	0.174800	0.173500	0.176800	0.182300	0.172800	0.159700	0.156200	0.169100	0.172100	0.141200	0.172700	0.169600	0.166100	0.143600	0.183600	0.212500	0.154800	0.150600	0.119300	0.120500	0.091500	0.162700	0.175400
143775.9	0.205400	0.176800	0.183600	0.180700	0.175100	0.183700	0.164400	0.177800	0.174100	0.179600	0.182000	0.173000	0.160100	0.156600	0.168700	0.172200	0.140100	0.175800	0.173500	0.169100	0.143600	0.181200	0.210400	0.151100	0.152700	0.118900	0.120800	0.090000	0.163300	0.175100
148733.7	0.198200	0.173600	0.178600	0.177400	0.172500	0.179100	0.162600	0.175600	0.168200	0.171200	0.178200	0.170800	0.158700	0.156900	0.170500	0.170800	0.139400	0.166600	0.162000	0.160900	0.145000	0.182000	0.209100	0.148400	0.148800	0.120300	0.122300	0.092200	0.162000	0.170200
153691.5	0.198100	0.175100	0.180400	0.180900	0.175200	0.182600	0.163900	0.176000	0.167900	0.173800	0.178600	0.172500	0.158900	0.156200	0.174500	0.172600	0.139100	0.168900	0.165700	0.164100	0.144300	0.184600	0.214100	0.147800	0.152600	0.120000	0.122300	0.093300	0.162500	0.172400
158649.3	0.197200	0.174400	0.181800	0.182500	0.174900	0.182200	0.163900	0.175300	0.167000	0.172600	0.179000	0.173400	0.159200	0.156100	0.172800	0.171400	0.139200	0.169500	0.165600	0.164000	0.144500	0.189400	0.225000	0.145900	0.152100	0.121400	0.123000	0.094000	0.162400	0.171300
163607.1	0.197100	0.176000	0.180900	0.180400	0.174100	0.180200	0.163800	0.180100	0.171900	0.175700	0.182200	0.172700	0.158600	0.154600	0.170800	0.170800	0.138700	0.172900	0.169100	0.167000	0.143200	0.186900	0.226300	0.142500	0.152500	0.118900	0.121000	0.089900	0.161500	0.172000
168564.9	0.199600	0.176300	0.181600	0.182000	0.174800	0.178400	0.163600	0.182000	0.171100	0.175100	0.184100	0.172600	0.158600	0.156100	0.170500	0.173200	0.139200	0.172100	0.170300	0.167300	0.148400	0.187500	0.225300	0.138100	0.151700	0.118600	0.120200	0.088700	0.162400	0.171300
173522.7	0.202500	0.177700	0.183000	0.181600	0.174300	0.179200	0.164800	0.181200	0.170300	0.177400	0.186300	0.173300	0.159000	0.157100	0.172400	0.173500	0.139100	0.174500	0.171800	0.167500	0.154100	0.187200	0.219500	0.135000	0.151800	0.119200	0.121900	0.088800	0.163000	0.173300
178480.5	0.203300	0.179000	0.180700	0.175800	0.174000	0.177900	0.164400	0.178900	0.168400	0.172500	0.190800	0.173500	0.159600	0.161700	0.178300	0.179300	0.140200	0.168600	0.164000	0.162300	0.166900	0.192200	0.216400	0.138000	0.152000	0.123900	0.125600	0.096400	0.164200	0.170600
183438.3	0.211300	0.181800	0.185200	0.179500	0.178100	0.183100	0.167600	0.182700	0.172700	0.178300	0.196300	0.176000	0.161300	0.164200	0.186700	0.185600	0.141100	0.171300	0.166800	0.165100	0.175100	0.193900	0.219400	0.141100	0.153300	0.125600	0.125800	0.097200	0.166100	0.176100
188396.0	0.220000	0.187800	0.193000	0.187700	0.185700	0.193200	0.173200	0.190500	0.180700	0.191600	0.202300	0.180900	0.163800	0.165900	0.193700	0.192000	0.140800	0.181100	0.178200	0.175100	0.192300	0.192600	0.226700	0.139800	0.158400	0.122900	0.124300	0.092200	0.169300	0.182200
193353.8	0.232300	0.194300	0.199000	0.192100	0.189000	0.204900	0.178000	0.197900	0.186400	0.195200	0.203600	0.186700	0.165600	0.172400	0.217200	0.203600	0.139900	0.179100	0.176100	0.173800	0.189100	0.201700	0.243500	0.142500	0.161500	0.126500	0.128000	0.091000	0.173700	0.185700
198311.6	0.276100	0.204000	0.212400	0.208400	0.194500	0.216400	0.184100	0.206700	0.194400	0.206000	0.203900	0.189500	0.168300	0.178600	0.247200	0.217800	0.144500	0.183400	0.181300	0.180000	0.183200	0.207000	0.252900	0.142900	0.164500	0.127100	0.129600	0.095400	0.177900	0.191100
203269.4	0.286500	0.212100	0.224500	0.234500	0.200800	0.232600	0.192000	0.215000	0.206100	0.219800	0.204500	0.194100	0.171500	0.184000	0.249400	0.231200	0.146800	0.186600	0.184900	0.186500	0.182700	0.215500	0.256800	0.147700	0.170500	0.132300	0.134300	0.103100	0.182700	0.200900
208227.2	0.283100	0.216100	0.236400	0.269000	0.203700	0.238500	0.198000	0.219500	0.207400	0.225500	0.204600	0.198900	0.175300	0.193600	0.248100	0.244200	0.149700	0.185500	0.180400	0.185700	0.186000	0.224400	0.261200	0.153200	0.173300	0.139500	0.140700	0.111100	0.188100	0.204900
213185.0	0.281800	0.223800	0.241900	0.266600	0.212600	0.243600	0.204700	0.224200	0.209300	0.239000	0.207900	0.207500	0.178600	0.196600	0.249600	0.254600	0.149100	0.199000	0.195100	0.197900	0.182100	0.226600	0.255900	0.148900	0.177700	0.138800	0.141000	0.106100	0.192100	0.214100
218142.8	0.280900	0.229700	0.242500	0.255800	0.215300	0.244600	0.207300	0.223800	0.206000	0.238600	0.205500	0.212100	0.181200	0.199200	0.245300	0.264100	0.148300	0.200700	0.196600	0.200700	0.181400	0.231600	0.253000	0.147700	0.179800	0.140700	0.144200	0.105300	0.194400	0.223900
223100.6	0.287200	0.240700	0.249000	0.257100	0.221400	0.247400	0.215500	0.227900	0.208600	0.245800	0.206800	0.220700	0.184900	0.204700	0.251500	0.278400	0.150500	0.209900	0.208100	0.211600	0.182900	0.240100	0.254200	0.148500	0.192900	0.143000	0.146700	0.107000	0.199700	0.243200
228058.4	0.286700	0.246800	0.250300	0.253500	0.223600	0.245100	0.215000	0.224500	0.201500	0.235800	0.201900	0.223100	0.187600	0.210100	0.247100	0.282800	0.150400	0.203600	0.201100	0.206900	0.181100	0.248000	0.251400	0.149300	0.197700	0.146400	0.149700	0.112300	0.202900	0.251900
233016.1	0.288700	0.253900	0.252100	0.250900	0.226600	0.242000	0.216900	0.225700	0.201500	0.238900	0.201700	0.227800	0.188900	0.213000	0.243900	0.288300	0.149800	0.209700	0.209000	0.215000	0.178100	0.251800	0.248900	0.148300	0.204300	0.149400	0.153500	0.113400	0.204800	0.260500
237973.9	0.288500	0.257900	0.253900	0.248400	0.229600	0.239000	0.218700	0.226200	0.199400	0.237300	0.199400	0.230100	0.192200	0.216100	0.242000	0.289000	0.149700	0.210800	0.209700	0.217100	0.174400	0.254200	0.247700	0.147600	0.207900	0.153900	0.157400	0.114800	0.207300	0.262400
242931.7	0.289500	0.263200	0.256900	0.249900	0.237800	0.238600	0.227300	0.228600	0.200100	0.241100	0.200600	0.232400	0.196000	0.217800	0.241500	0.293100	0.148500	0.219900	0.221000	0.226800	0.172300	0.254300	0.246100	0.144100	0.211900	0.152800	0.158000	0.111500	0.210000	0.265700
247889.5	0.289800	0.265300	0.258300	0.247600	0.238400	0.235800	0.235100	0.226800	0.197300	0.237900	0.197400	0.235300	0.197600	0.222500	0.239200	0.295300	0.148400	0.219000	0.217600	0.226400	0.173000	0.257500	0.244100	0.144200	0.213300	0.158700	0.164300	0.117400	0.212700	0.259900
252847.3	0.290300	0.268700	0.261600	0.248300	0.243900	0.234200	0.234800	0.226800	0.197100	0.238400	0.197700	0.238300	0.200400	0.223700	0.235600	0.297100	0.147500	0.225400	0.226400	0.231500	0.170600	0.255300	0.241000	0.141000	0.217000	0.159200	0.163700	0.113600	0.214500	0.257500
257805.1	0.288000	0.266600	0.257500	0.242200	0.240600	0.228300	0.227700	0.220700	0.191400	0.228300	0.193300	0.238000	0.200900	0.226200	0.231700	0.297000	0.148000	0.221800	0.217400	0.223600	0.170800	0.259800	0.240000	0.144400	0.215600	0.167800	0.174000	0.122000	0.215100	0.249100
262762.9	0.289600	0.270400	0.261400	0.242700	0.242600	0.226200	0.225500	0.217800	0.190700	0.229800	0.192400	0.242500	0.202900	0.226000	0.230500	0.295100	0.147600	0.225300	0.220100	0.226500	0.168900	0.261500	0.239700	0.144100	0.217300	0.171300	0.176400	0.121900	0.218100	0.246000
267720.7	0.292400	0.275800	0.265000	0.245100	0.248500	0.225100	0.224400	0.218300	0.192000	0.234400	0.193800	0.247600	0.204900	0.226500	0.231200	0.295600	0.146400	0.235400	0.234100	0.235100	0.163200	0.255500	0.234900	0.138700	0.217200	0.167900	0.175000	0.117200	0.219500	0.245000
272678.5	0.290000	0.273600	0.264700	0.241900	0.248400	0.220800	0.220900	0.212800	0.188400	0.228200	0.191300	0.248000	0.205300	0.228200	0.233100	0.288100	0.146300	0.232700	0.230500	0.229500	0.162200	0.259300	0.232600	0.139900	0.213800	0.174300	0.180700	0.124400	0.219700	0.238100
277636.3	0.303200	0.277000	0.270200	0.231700	0.162800	0.209600	0.218300	0.209900	0.186300	0.228400	0.190300	0.248800	0.206500	0.228600	0.229700	0.286000	0.146200	0.234600	0.232900	0.232200	0.159100	0.257300	0.231300	0.139200	0.213500	0.176900	0.183500	0.124900	0.224300	0.232900
282594.0	0.288200	0.269900	0.265500	0.238300	0.248000	0.214500	0.217100	0.206400	0.184000	0.222300	0.187700	0.247500	0.206300	0.229800	0.227800	0.283300	0.145600	0.231300	0.229800	0.227800	0.158800	0.257700	0.228700	0.140500	0.213200	0.181200	0.188300	0.126700	0.221000	0.229100
287551.8	0.288400	0.268500	0.267700	0.239500	0.251900	0.214100	0.216900	0.206100	0.184400	0.223700	0.189000	0.249300	0.207500	0.227300	0.222100	0.277300	0.144800	0.235900	0.234800	0.232300	0.155500	0.254100	0.225900	0.138200	0.210300	0.180600	0.188500	0.124000	0.220500	0.224100
292509.6	0.288500	0.264200	0.268200	0.241700	0.252400	0.210600	0.215000	0.202400	0.182400	0.220000	0.187200	0.247000	0.206400	0.226600	0.214900	0.273900	0.144900	0.235200	0.234400	0.229600	0.154900	0.254200	0.225100	0.139000	0.208200	0.183600	0.190800	0.124500	0.221500	0.221000
297467.4	0.285600	0.265600	0.265700	0.237500	0.249500	0.206100	0.210000	0.198200	0.179100	0.216700	0.184700	0.244700	0.204100	0.224500	0.213400	0.270100	0.143900	0.231000	0.232300	0.226300	0.152900	0.253100	0.222600	0.137700	0.208700	0.186900	0.191900	0.124200	0.219600	0.217900
302425.2	0.282900	0.261200	0.264100	0.235500	0.248100	0.203600	0.208400	0.195900	0.177300	0.212500	0.183400	0.242700	0.204400	0.224300	0.209100	0.266200	0.144500	0.225900	0.226900	0.222900	0.152400	0.252300	0.222100	0.138600	0.207500	0.189800	0.196800	0.124900	0.219000	0.213900
307383.0	0.281700	0.260200	0.264100	0.235000	0.249400	0.202400	0.207600	0.194900	0.178600	0.212600	0.184000	0.243200	0.203900	0.220900	0.204700	0.262700	0.142400	0.231600	0.234700	0.226000	0.149700	0.246000	0.219400	0.135700	0.206600	0.185200	0.192500	0.118500	0.218400	0.210700
312340.8	0.280100	0.258500	0.262800	0.230300	0.244300	0.198900	0.205000	0.191700	0.176100	0.210900	0.182200	0.238600	0.202000	0.218100	0.198500	0.258400	0.141100	0.229800	0.234500	0.225400	0.146500	0.242000	0.216500	0.133000	0.205500	0.182300	0.190500	0.113800	0.217300	0.208600
317298.6	0.275800	0.253600	0.259400	0.226500	0.240400	0.195400	0.201500	0.187700	0.173100	0.202400	0.179700	0.234600	0.200500	0.216300	0.198300	0.253700	0.142600	0.222800	0.224700	0.218200	0.147200	0.243800	0.216800	0.136100	0.203600	0.187300	0.194200	0.121500	0.216000	0.204600
322256.4	0.272600	0.249800	0.255500	0.224200	0.239600	0.192800	0.201200	0.186400	0.171800	0.199700	0.178000	0.231900	0.199500	0.215000	0.194300	0.247000	0.141700	0.222700	0.224100	0.216000	0.145500	0.237700	0.214200	0.134700	0.198600	0.185600	0.193500	0.118900	0.213700	0.198700
327214.1	0.273900	0.251800	0.257000	0.224800	0.241600	0.191400	0.201800	0.187100	0.174100	0.206700	0.179000	0.229100	0.197000	0.209000	0.190800	0.244000	0.138500	0.234300	0.240000	0.225700	0.140600	0.233300	0.210500	0.130800	0.199500	0.180000	0.187200	0.112400	0.211600	0.200900
332171.9	0.270800	0.248800	0.254600	0.221600	0.240600	0.191000	0.201400	0.186100	0.172000	0.201700	0.178400	0.228700	0.197900	0.210500	0.188100	0.243200	0.139100	0.227900	0.231800	0.221600	0.141100	0.233700	0.211100	0.131800	0.197600	0.181800	0.188600	0.115600	0.212400	0.196700
337129.7	0.270400	0.249800	0.252400	0.220500	0.238900	0.189200	0.199400	0.183600	0.170400	0.198900	0.177400	0.226000	0.197300	0.207300	0.186300	0.243000	0.138700	0.227700	0.230400	0.220900	0.140100	0.233200	0.210800	0.131300	0.198200	0.180900	0.187800	0.114900	0.211600	0.196400
342087.5	0.265500	0.244100	0.246700	0.214500	0.234000	0.185600	0.196100	0.180300	0.168600	0.196000	0.174900	0.221600	0.195100	0.204700	0.182900	0.235800	0.137400	0.224200	0.227500	0.217100	0.138700	0.228300	0.208200	0.130800	0.194700	0.179300	0.188000	0.111800	0.209300	0.192500
347045.3	0.263800	0.243800	0.246400	0.212900	0.233200	0.183600	0.195300	0.180300	0.168800	0.197200	0.175000	0.220500	0.194200	0.202900	0.181600	0.235600	0.136600	0.228700	0.232200	0.218600	0.136000	0.226700	0.207100	0.128800	0.195200	0.179500	0.187100	0.111100	0.207800	0.192000
352003.1	0.260000	0.239500	0.242800	0.209300	0.227900	0.180600	0.192400	0.176100	0.166000	0.187800	0.172300	0.219400	0.193500	0.202600	0.179300	0.232600	0.137400	0.220000	0.220400	0.210300	0.135800	0.227400	0.207300	0.129900	0.192400	0.182300	0.188800	0.111400	0.207100	0.188400
356960.9	0.259200	0.239300	0.241200	0.208200	0.228600	0.180900	0.192500	0.176800	0.165700	0.189800	0.172100	0.219200	0.193100	0.201200	0.177900	0.231100	0.136400	0.222400	0.223200	0.212400	0.135000	0.227800	0.207100	0.129700	0.191400	0.181600	0.188300	0.112700	0.206200	0.187300
361918.7	0.259900	0.239000	0.241100	0.207100	0.229600	0.180800	0.193000	0.177000	0.167200	0.191300	0.173100	0.220100	0.193700	0.200500	0.176900	0.229900	0.136100	0.229800	0.228900	0.215700	0.133400	0.225700	0.206000	0.128600	0.190500	0.182400	0.190000	0.109900	0.206400	0.187000
366876.5	0.261700	0.239000	0.241900	0.208700	0.229800	0.180300	0.192000	0.177300	0.168100	0.193500	0.173400	0.219600	0.193000	0.200500	0.175500	0.230000	0.135700	0.233100	0.234000	0.219800	0.132500	0.225400	0.205300	0.127800	0.193400	0.178200	0.187100	0.107200	0.206600	0.188300
371834.2	0.256400	0.236000	0.235900	0.202400	0.224500	0.177800	0.189500	0.173200	0.163500	0.184100	0.170500	0.216400	0.192400	0.202500	0.174900	0.228500	0.137200	0.224000	0.221500	0.209200	0.134800	0.230200	0.206300	0.130300	0.190200	0.185300	0.192600	0.113500	0.206900	0.183900
376792.0	0.256400	0.236200	0.238100	0.202900	0.227000	0.177800	0.188700	0.173700	0.164100	0.186900	0.171000	0.216100	0.191800	0.199900	0.173400	0.227300	0.135400	0.232300	0.230300	0.214500	0.131900	0.229000	0.204800	0.129300	0.190800	0.181400	0.188800	0.111400	0.205800	0.183600
381749.8	0.256300	0.233400	0.237700	0.204200	0.227400	0.178200	0.189400	0.173700	0.164700	0.188300	0.172200	0.216000	0.193000	0.200400	0.172300	0.224200	0.136200	0.235800	0.234000	0.216500	0.132100	0.229900	0.204400	0.128600	0.190300	0.180800	0.188500	0.109400	0.206000	0.184600
386707.6	0.253700	0.232400	0.236400	0.201200	0.226900	0.176500	0.187600	0.173000	0.164800	0.185400	0.170700	0.214200	0.191900	0.200100	0.171200	0.222300	0.135500	0.233300	0.232500	0.215000	0.130400	0.226800	0.202800	0.126500	0.188600	0.177900	0.185000	0.106100	0.204900	0.181700
391665.4	0.252000	0.231600	0.233400	0.197400	0.225200	0.174800	0.186100	0.170800	0.162200	0.181400	0.169400	0.215100	0.190800	0.201000	0.170700	0.221000	0.135900	0.228200	0.227200	0.210200	0.132000	0.229100	0.202600	0.128800	0.188600	0.180800	0.187600	0.110400	0.205600	0.180400
396623.2	0.252000	0.231100	0.236100	0.200200	0.228000	0.176300	0.186900	0.172700	0.165500	0.187100	0.171300	0.214800	0.191100	0.198100	0.168400	0.219200	0.135000	0.233500	0.234400	0.217100	0.130100	0.228200	0.202100	0.126900	0.189900	0.177900	0.184000	0.107400	0.204800	0.180900
401581.0	0.246300	0.226100	0.229500	0.192300	0.220800	0.172300	0.182000	0.167300	0.159700	0.174400	0.166700	0.211300	0.189400	0.199500	0.168900	0.219000	0.136800	0.216800	0.215800	0.203500	0.132600	0.232000	0.202900	0.130800	0.186100	0.183900	0.189800	0.115500	0.203400	0.176700
406538.8	0.248400	0.227800	0.235000	0.197000	0.227700	0.174400	0.184600	0.170300	0.163200	0.181700	0.169300	0.213600	0.190600	0.198100	0.166700	0.218100	0.135300	0.225000	0.228200	0.212700	0.130000	0.227600	0.200600	0.127800	0.187700	0.179000	0.185600	0.109800	0.204700	0.178800
411496.6	0.246600	0.226700	0.230800	0.191900	0.223900	0.172900	0.182300	0.168500	0.160400	0.174000	0.167700	0.211400	0.190200	0.202600	0.169200	0.217400	0.136600	0.216900	0.218500	0.206000	0.131900	0.231500	0.202400	0.130800	0.186600	0.183700	0.189500	0.114600	0.205300	0.177100
416454.3	0.246400	0.224100	0.230900	0.192300	0.223100	0.172100	0.182200	0.168000	0.161100	0.177500	0.167400	0.212000	0.189300	0.200900	0.167100	0.216000	0.135800	0.219600	0.223000	0.208400	0.131400	0.231000	0.201300	0.130000	0.187400	0.179800	0.185800	0.115500	0.204500	0.176400
421412.1	0.245200	0.225000	0.229800	0.192200	0.223400	0.172100	0.182100	0.168300	0.160400	0.174800	0.168600	0.212800	0.189700	0.201100	0.166600	0.214700	0.135900	0.217500	0.220200	0.207200	0.131600	0.230200	0.202000	0.130600	0.187900	0.180000	0.186000	0.114900	0.205600	0.176200
426369.9	0.244600	0.224000	0.229200	0.191900	0.221400	0.172100	0.181400	0.167100	0.160000	0.176000	0.168200	0.211000	0.188900	0.198700	0.164700	0.211700	0.135500	0.221800	0.225000	0.210000	0.130000	0.225900	0.199400	0.127800	0.187900	0.175900	0.181500	0.109900	0.204700	0.175700
431327.7	0.243000	0.220600	0.226100	0.188400	0.217700	0.169600	0.180200	0.166400	0.159500	0.172600	0.166400	0.210100	0.188200	0.198600	0.163800	0.209200	0.135300	0.215300	0.218800	0.205800	0.130600	0.226500	0.199500	0.129800	0.185800	0.176700	0.182100	0.112100	0.203100	0.174500
436285.5	0.242500	0.220400	0.227900	0.191000	0.218800	0.170400	0.180500	0.167700	0.161700	0.176500	0.168300	0.209200	0.187300	0.194900	0.162200	0.207500	0.133500	0.222400	0.226300	0.211900	0.127900	0.222300	0.197900	0.126700	0.185800	0.172000	0.177500	0.108600	0.202200	0.174300
441243.3	0.242400	0.220000	0.228600	0.191000	0.219500	0.170900	0.180200	0.168100	0.161400	0.176900	0.168800	0.208500	0.187500	0.194400	0.160900	0.207400	0.133900	0.223800	0.228000	0.213500	0.127000	0.220500	0.198100	0.125900	0.184700	0.168700	0.176500	0.106100	0.202400	0.174000
446201.1	0.238600	0.217300	0.224700	0.186900	0.215000	0.168700	0.177600	0.165000	0.158300	0.170200	0.166000	0.207000	0.186700	0.194500	0.160000	0.206000	0.135200	0.215200	0.216800	0.205300	0.128800	0.222900	0.198300	0.127200	0.183000	0.172300	0.177500	0.108300	0.201400	0.171000
451158.9	0.237100	0.215000	0.222400	0.185200	0.213100	0.167800	0.176700	0.164700	0.158100	0.170200	0.166000	0.205900	0.186500	0.193700	0.159700	0.204800	0.134500	0.214300	0.216800	0.205200	0.127900	0.222400	0.198500	0.127900	0.181700	0.171500	0.177600	0.110900	0.200500	0.170100
456116.7	0.238100	0.215700	0.225600	0.188000	0.216500	0.169700	0.178100	0.166300	0.161000	0.175300	0.167800	0.208600	0.186000	0.192200	0.159100	0.204500	0.133800	0.222200	0.225500	0.213300	0.126700	0.220700	0.197900	0.126400	0.183200	0.168100	0.173000	0.108300	0.200100	0.172200
461074.5	0.233900	0.213300	0.221300	0.183100	0.212200	0.166800	0.175600	0.163300	0.158100	0.169200	0.165700	0.205600	0.184600	0.192600	0.159300	0.203600	0.134500	0.215500	0.217100	0.205300	0.127700	0.221500	0.198100	0.128500	0.182200	0.169600	0.174400	0.110400	0.199500	0.168900
466032.2	0.232800	0.211400	0.220500	0.183800	0.210300	0.167200	0.174500	0.163700	0.158400	0.170000	0.165500	0.204300	0.184200	0.190800	0.156500	0.200000	0.133000	0.216800	0.219800	0.207900	0.125800	0.217300	0.196100	0.126100	0.181100	0.164200	0.170400	0.104500	0.197900	0.169300
470990.0	0.231900	0.209700	0.221300	0.183200	0.211300	0.167400	0.174500	0.164000	0.158800	0.171400	0.165800	0.204800	0.184500	0.191100	0.156500	0.199000	0.133500	0.215300	0.218900	0.209200	0.126400	0.218100	0.197000	0.126700	0.179500	0.164400	0.169600	0.105400	0.198500	0.168100
475947.8	0.229300	0.209100	0.217300	0.179800	0.207800	0.165700	0.173000	0.161500	0.156000	0.166300	0.164300	0.203500	0.183700	0.191300	0.156600	0.197900	0.134200	0.208200	0.210000	0.202300	0.126600	0.216700	0.196700	0.126400	0.179400	0.164900	0.169300	0.105800	0.197300	0.167300
480905.6	0.227900	0.208100	0.216300	0.178500	0.206800	0.164500	0.172100	0.161300	0.155900	0.165800	0.163200	0.200600	0.182900	0.190600	0.156400	0.197700	0.134000	0.208300	0.211200	0.202300	0.126800	0.217500	0.197000	0.128000	0.179400	0.166500	0.170600	0.108300	0.196900	0.166200
485863.4	0.228800	0.207900	0.217700	0.180500	0.209200	0.166500	0.173100	0.162500	0.158000	0.169200	0.165500	0.200300	0.183300	0.188900	0.155300	0.196400	0.132900	0.210800	0.217100	0.208300	0.124400	0.212700	0.194800	0.125000	0.180400	0.160100	0.163600	0.101400	0.196200	0.167200
490821.2	0.225900	0.206200	0.215700	0.178900	0.207000	0.164900	0.171600	0.162500	0.157100	0.168600	0.164700	0.199200	0.181800	0.187200	0.154100	0.193700	0.132800	0.209700	0.216700	0.205800	0.124100	0.211300	0.193900	0.124600	0.178100	0.158600	0.163400	0.101100	0.194900	0.165700
495779.0	0.224800	0.204200	0.215300	0.179400	0.206400	0.165000	0.170200	0.161400	0.156300	0.165100	0.164100	0.198400	0.182100	0.187400	0.153900	0.193600	0.133700	0.204300	0.209600	0.202300	0.125500	0.214800	0.195800	0.126200	0.177600	0.161800	0.165900	0.105000	0.195300	0.165900
500736.8	0.225100	0.204100	0.213300	0.178900	0.205400	0.164000	0.170400	0.162200	0.157100	0.167500	0.164800	0.197900	0.181900	0.186300	0.152900	0.192600	0.133000	0.205700	0.213200	0.206200	0.124100	0.211100	0.194200	0.125100	0.177500	0.157300	0.162700	0.100800	0.194500	0.164700
505694.6	0.222300	0.202200	0.212100	0.175900	0.203400	0.163500	0.168900	0.160100	0.154800	0.164800	0.162600	0.195500	0.181000	0.185600	0.153600	0.191400	0.132600	0.201800	0.206300	0.201300	0.124500	0.211600	0.193600	0.125200	0.176400	0.158600	0.163700	0.102800	0.193800	0.162800
510652.3	0.221200	0.200500	0.210800	0.176300	0.203300	0.162700	0.168100	0.160200	0.155400	0.163600	0.162100	0.193700	0.179700	0.184100	0.153100	0.191100	0.132500	0.199800	0.206600	0.201100	0.124800	0.211500	0.193300	0.126300	0.176900	0.159700	0.163600	0.106500	0.193000	0.163400
515610.1	0.221500	0.200500	0.212300	0.177900	0.205000	0.164100	0.168500	0.160900	0.156700	0.168700	0.163500	0.195000	0.180000	0.182500	0.151500	0.190000	0.131400	0.204000	0.213000	0.206300	0.122000	0.206000	0.191500	0.123200	0.175500	0.153700	0.158200	0.098600	0.192600	0.163800
520567.9	0.219900	0.199000	0.210900	0.176300	0.202200	0.163200	0.167700	0.161100	0.156600	0.167400	0.163100	0.193200	0.179400	0.181500	0.150900	0.188500	0.130700	0.204100	0.213500	0.206200	0.122700	0.206500	0.191800	0.123400	0.174900	0.153500	0.157300	0.099600	0.190700	0.163100
525525.7	0.220500	0.198800	0.212000	0.176900	0.203700	0.164300	0.168200	0.160600	0.157200	0.168900	0.164300	0.194200	0.180300	0.181500	0.150400	0.188200	0.131500	0.205800	0.215100	0.207900	0.123000	0.206100	0.192400	0.124000	0.174800	0.153100	0.157900	0.098400	0.191600	0.162700
530483.5	0.217700	0.196800	0.209500	0.175500	0.199700	0.162700	0.166500	0.159500	0.154900	0.165300	0.162700	0.191500	0.179100	0.181600	0.150800	0.186000	0.132200	0.199400	0.205900	0.201500	0.123400	0.206000	0.192100	0.124400	0.172300	0.153400	0.157500	0.099600	0.191300	0.162300
535441.3	0.215700	0.196300	0.206800	0.171400	0.196900	0.161600	0.165000	0.158400	0.154500	0.162900	0.161900	0.189100	0.177300	0.180500	0.150500	0.186400	0.131100	0.198400	0.206400	0.201000	0.123200	0.206000	0.192500	0.124600	0.172800	0.154000	0.158100	0.101900	0.190100	0.161500
540399.1	0.210600	0.192700	0.201300	0.166800	0.191700	0.159200	0.162000	0.154500	0.150200	0.152800	0.157500	0.187000	0.177000	0.181700	0.151000	0.184500	0.134100	0.182500	0.186200	0.187100	0.126700	0.211300	0.194300	0.129500	0.169000	0.161800	0.164600	0.111300	0.189500	0.157900
545356.9	0.214900	0.193900	0.206500	0.174100	0.198900	0.162900	0.165700	0.159400	0.156200	0.166400	0.162700	0.190100	0.176900	0.177500	0.148500	0.184300	0.130200	0.201400	0.210900	0.204600	0.121600	0.200300	0.190400	0.122100	0.171300	0.149200	0.153400	0.096300	0.188900	0.159900
550314.7	0.214400	0.194600	0.205700	0.172600	0.196800	0.161700	0.164900	0.158600	0.155700	0.165700	0.162500	0.188400	0.175900	0.176900	0.148400	0.183200	0.130000	0.200900	0.210200	0.203900	0.121200	0.200200	0.190700	0.122700	0.171000	0.148600	0.152600	0.095900	0.188500	0.161000
555272.5	0.212700	0.192400	0.204000	0.170900	0.194100	0.160800	0.162900	0.157200	0.153700	0.160700	0.161500	0.188400	0.175600	0.178700	0.149900	0.183300	0.131600	0.194800	0.201500	0.197900	0.122800	0.202100	0.191900	0.124000	0.169500	0.150500	0.154300	0.097800	0.188500	0.159600
560230.2	0.211600	0.190500	0.203800	0.170300	0.194200	0.160600	0.163400	0.157800	0.153800	0.163000	0.161200	0.187100	0.174800	0.177000	0.147800	0.180800	0.129900	0.198600	0.206400	0.199700	0.121100	0.197800	0.189600	0.122000	0.169200	0.146700	0.151100	0.096400	0.187000	0.158500
565188.0	0.209500	0.191700	0.201400	0.168500	0.191500	0.159900	0.161500	0.156600	0.151700	0.157600	0.159600	0.185000	0.174400	0.177500	0.149600	0.181300	0.131800	0.192400	0.198300	0.193400	0.123600	0.204100	0.192700	0.126600	0.169800	0.153100	0.155800	0.104200	0.187600	0.159300
570145.8	0.211100	0.191500	0.203700	0.170900	0.192700	0.160800	0.162900	0.158000	0.154100	0.162500	0.162000	0.186300	0.174300	0.175500	0.149200	0.180400	0.130800	0.197800	0.205900	0.199200	0.121700	0.197600	0.190300	0.122900	0.168200	0.146900	0.151700	0.095700	0.187100	0.160100
575103.6	0.210100	0.190400	0.200700	0.168200	0.190000	0.159800	0.161100	0.157500	0.152600	0.160000	0.160400	0.183800	0.173000	0.175300	0.148400	0.179300	0.130700	0.194400	0.202400	0.195600	0.121500	0.197500	0.190700	0.123000	0.168200	0.148300	0.152300	0.098100	0.186300	0.158300
580061.4	0.208600	0.188600	0.200800	0.168900	0.189400	0.159800	0.161100	0.156300	0.152500	0.160300	0.160300	0.183900	0.172900	0.174900	0.148400	0.178600	0.130900	0.193000	0.201600	0.195400	0.121300	0.196700	0.191100	0.123900	0.167100	0.148000	0.151500	0.097500	0.186100	0.158300
585019.2	0.207400	0.187500	0.200100	0.167500	0.189400	0.159500	0.161100	0.156600	0.153300	0.161400	0.160000	0.183900	0.172500	0.173600	0.147400	0.176700	0.129900	0.195400	0.204100	0.195800	0.120600	0.193800	0.189700	0.121200	0.167300	0.145100	0.147900	0.092700	0.184800	0.157100
589977.0	0.204600	0.187300	0.196700	0.165600	0.185600	0.158100	0.159400	0.154700	0.150000	0.155300	0.157600	0.181200	0.171900	0.175300	0.148600	0.177000	0.131600	0.186900	0.193800	0.188600	0.123300	0.198500	0.191500	0.126100	0.166800	0.150200	0.153400	0.103200	0.185000	0.157300
594934.8	0.203800	0.185500	0.197900	0.166500	0.186200	0.158600	0.159700	0.155900	0.151900	0.158100	0.158700	0.180900	0.170800	0.172300	0.146900	0.174300	0.130000	0.190500	0.198900	0.192800	0.121300	0.193900	0.190000	0.122600	0.165300	0.145600	0.149700	0.099100	0.183400	0.156700
599892.5	0.203600	0.185800	0.197400	0.166400	0.186200	0.159500	0.159000	0.156400	0.152200	0.158700	0.159400	0.181200	0.171200	0.172900	0.147000	0.175100	0.130400	0.190900	0.199200	0.193200	0.121200	0.193400	0.190300	0.122700	0.165000	0.144900	0.148700	0.097600	0.184200	0.155700
604850.3	0.203400	0.184300	0.196900	0.166100	0.185500	0.159200	0.159400	0.156500	0.152500	0.160200	0.159800	0.180500	0.170200	0.172200	0.145800	0.173400	0.128800	0.191900	0.201600	0.194900	0.119900	0.189900	0.188500	0.120600	0.164500	0.141700	0.145900	0.093000	0.183500	0.155900
609808.1	0.201500	0.183600	0.195900	0.166100	0.185000	0.158700	0.158900	0.156500	0.151700	0.159800	0.159900	0.179300	0.169900	0.171500	0.146000	0.172600	0.129300	0.189900	0.200900	0.193900	0.119900	0.189900	0.189200	0.121600	0.163900	0.143600	0.146600	0.096200	0.182700	0.155900
614765.9	0.200600	0.183500	0.195100	0.164900	0.184300	0.159200	0.158800	0.155100	0.151700	0.158000	0.159700	0.179000	0.170600	0.171800	0.146000	0.171900	0.129700	0.187500	0.197200	0.191300	0.120900	0.190500	0.189100	0.122400	0.161500	0.143800	0.146800	0.095900	0.183200	0.154100
619723.7	0.198600	0.181800	0.192700	0.163300	0.181400	0.157500	0.157600	0.154200	0.149600	0.154500	0.158200	0.177100	0.169000	0.171200	0.145900	0.172200	0.130500	0.184000	0.192600	0.187800	0.121700	0.190900	0.189900	0.123600	0.161000	0.145200	0.148600	0.097200	0.181600	0.154100
624681.5	0.200500	0.182500	0.195800	0.167100	0.184300	0.159500	0.159100	0.156700	0.153300	0.160100	0.160600	0.177800	0.168400	0.170000	0.145600	0.171100	0.129100	0.190500	0.201900	0.195000	0.119700	0.188900	0.189000	0.122000	0.161500	0.142100	0.145000	0.095500	0.182100	0.156000
629639.3	0.196400	0.179500	0.190700	0.162700	0.180000	0.157100	0.156600	0.153500	0.149200	0.153900	0.158000	0.176500	0.167900	0.170500	0.145400	0.170500	0.130000	0.181300	0.190300	0.185800	0.121100	0.189300	0.188500	0.123300	0.159400	0.144000	0.146800	0.098200	0.180600	0.152200
634597.1	0.198100	0.181700	0.193400	0.165300	0.181600	0.158600	0.158300	0.155800	0.151100	0.156500	0.159400	0.176700	0.168400	0.170500	0.146300	0.171300	0.130000	0.185600	0.194400	0.190500	0.121300	0.188900	0.189100	0.121900	0.160700	0.142500	0.145400	0.095000	0.181500	0.153100
639554.9	0.197200	0.180200	0.192100	0.164200	0.180200	0.157800	0.157400	0.154700	0.150700	0.157300	0.158700	0.175300	0.167400	0.168600	0.144400	0.169500	0.128500	0.185900	0.196700	0.190900	0.119300	0.184800	0.186500	0.120000	0.159300	0.139700	0.143300	0.091800	0.181200	0.154100
644512.6	0.194500	0.179400	0.189800	0.161300	0.177400	0.156400	0.155600	0.152700	0.148400	0.152100	0.156900	0.174700	0.167400	0.171000	0.145600	0.169400	0.130900	0.178100	0.186900	0.183800	0.122200	0.189900	0.188500	0.124300	0.160200	0.145400	0.147800	0.098800	0.180500	0.153300
649470.4	0.195600	0.178200	0.191300	0.163100	0.180000	0.157200	0.157200	0.154600	0.151000	0.157000	0.159200	0.175200	0.166900	0.167900	0.145900	0.168400	0.129900	0.185000	0.194600	0.190300	0.120000	0.186900	0.187000	0.122100	0.158600	0.141200	0.144600	0.096100	0.179700	0.152300
654428.2	0.195300	0.178600	0.192200	0.164600	0.180000	0.158300	0.157500	0.155200	0.151300	0.158500	0.159700	0.175100	0.166600	0.168100	0.145400	0.167200	0.129600	0.186100	0.196600	0.191800	0.120100	0.185800	0.187200	0.121400	0.159400	0.140800	0.144000	0.094900	0.180200	0.153000
659386.0	0.194800	0.179800	0.192000	0.165200	0.179800	0.158700	0.157600	0.155400	0.152100	0.160000	0.159700	0.174500	0.166500	0.166400	0.144200	0.166300	0.128700	0.188400	0.199500	0.193100	0.119000	0.183200	0.186100	0.120200	0.158800	0.138300	0.141400	0.090900	0.179500	0.153600
664343.8	0.192400	0.176200	0.188700	0.161000	0.176500	0.156400	0.155400	0.153000	0.148800	0.153500	0.157000	0.173500	0.166200	0.167400	0.144200	0.165200	0.129900	0.180200	0.188500	0.184600	0.121200	0.185500	0.186400	0.121800	0.157500	0.140900	0.144200	0.093600	0.179700	0.151700
669301.6	0.193500	0.176700	0.190400	0.163700	0.177900	0.157300	0.155700	0.154000	0.149800	0.155200	0.158300	0.172600	0.165600	0.165800	0.144200	0.165000	0.129200	0.182800	0.192200	0.187400	0.119900	0.184500	0.185800	0.122100	0.157600	0.141100	0.143600	0.094400	0.179800	0.152500
674259.4	0.191600	0.175200	0.188200	0.161600	0.176600	0.156600	0.154800	0.153200	0.149200	0.155400	0.157600	0.171100	0.164200	0.165100	0.143800	0.163800	0.128600	0.182900	0.193300	0.186600	0.119500	0.184900	0.185700	0.120900	0.156800	0.140000	0.141700	0.094300	0.177600	0.151800
679217.2	0.191400	0.174800	0.188600	0.163100	0.177400	0.157400	0.155400	0.153400	0.149100	0.155800	0.158600	0.171600	0.165000	0.164000	0.143100	0.162600	0.128700	0.182100	0.191500	0.187300	0.120000	0.183100	0.186200	0.121300	0.155700	0.139400	0.141600	0.093700	0.178000	0.150600
684175.0	0.189400	0.174200	0.187000	0.161600	0.176000	0.156700	0.154700	0.153300	0.149300	0.154200	0.157900	0.171600	0.164600	0.164300	0.142100	0.161900	0.128900	0.181600	0.190600	0.185100	0.119400	0.181200	0.185400	0.119800	0.154500	0.136900	0.139900	0.091200	0.176900	0.150400
689132.7	0.188900	0.173800	0.185100	0.159300	0.173000	0.154800	0.153500	0.151300	0.147300	0.152000	0.156500	0.170500	0.164300	0.164400	0.143400	0.162900	0.129700	0.176700	0.185100	0.181900	0.121100	0.185200	0.186400	0.124500	0.155600	0.142100	0.145300	0.098600	0.176900	0.151500
694090.5	0.189900	0.174300	0.187400	0.162900	0.175700	0.157100	0.154900	0.153500	0.148800	0.155200	0.158300	0.170500	0.164300	0.163200	0.143900	0.161600	0.129200	0.179800	0.189700	0.185700	0.120500	0.182500	0.186300	0.122100	0.154500	0.140300	0.141900	0.093800	0.177500	0.150600
699048.3	0.189900	0.172700	0.187200	0.162400	0.174400	0.156600	0.154400	0.153200	0.149100	0.154500	0.158300	0.170200	0.164100	0.161900	0.142400	0.159500	0.128700	0.180100	0.189200	0.184400	0.119600	0.180500	0.185700	0.121100	0.154900	0.138600	0.140600	0.093400	0.176000	0.150800
704006.1	0.189100	0.172900	0.188000	0.163700	0.175900	0.157600	0.155000	0.153800	0.149800	0.158300	0.158800	0.170500	0.163600	0.160900	0.141300	0.159100	0.127600	0.184100	0.193900	0.188100	0.117800	0.177300	0.185300	0.117900	0.154100	0.134600	0.137400	0.088700	0.175500	0.150500
708963.9	0.189200	0.172700	0.187500	0.163500	0.176700	0.157500	0.155000	0.154000	0.150900	0.158900	0.159500	0.169200	0.163700	0.161400	0.142300	0.161000	0.128000	0.184500	0.196100	0.189600	0.118300	0.177600	0.184700	0.119700	0.153900	0.135500	0.138100	0.091300	0.175300	0.151400
713921.7	0.185600	0.170500	0.184100	0.160400	0.172300	0.155200	0.152300	0.151100	0.146500	0.150800	0.155900	0.168000	0.162400	0.163000	0.143400	0.160000	0.129100	0.171400	0.179000	0.177100	0.120600	0.182100	0.185900	0.123400	0.153900	0.140400	0.142700	0.097100	0.175000	0.148700
718879.5	0.186400	0.170500	0.184900	0.160700	0.172100	0.155400	0.153100	0.152100	0.148200	0.153500	0.156300	0.167500	0.161800	0.160900	0.141900	0.158900	0.127900	0.178000	0.186800	0.180900	0.119000	0.177600	0.184800	0.120200	0.151500	0.135700	0.139100	0.090300	0.174300	0.148900
723837.3	0.187100	0.171800	0.185100	0.162600	0.174000	0.157100	0.153500	0.153200	0.148800	0.154800	0.158100	0.168400	0.162600	0.161400	0.142300	0.159400	0.128500	0.178200	0.187800	0.182500	0.119500	0.178900	0.185600	0.121200	0.153500	0.136800	0.139400	0.093600	0.174800	0.151200
728795.1	0.185000	0.169800	0.183200	0.160300	0.172300	0.155500	0.151500	0.151000	0.146700	0.152300	0.156300	0.166900	0.162000	0.161400	0.142000	0.157600	0.128600	0.174400	0.182400	0.179300	0.119600	0.177200	0.184600	0.120600	0.150900	0.135600	0.138300	0.091200	0.174300	0.148600
733752.8	0.185900	0.170200	0.183700	0.161200	0.171600	0.155700	0.152600	0.152000	0.148400	0.154100	0.157200	0.166200	0.162000	0.159200	0.142700	0.158300	0.127300	0.177100	0.187700	0.181900	0.117900	0.174800	0.183300	0.119200	0.150900	0.132400	0.135700	0.089300	0.173000	0.150200
738710.6	0.183900	0.168500	0.181700	0.160000	0.170100	0.154500	0.150800	0.150300	0.145600	0.150100	0.155700	0.165900	0.161600	0.160200	0.141600	0.157400	0.128600	0.171200	0.178800	0.176100	0.119900	0.177700	0.184900	0.121300	0.150800	0.136800	0.138800	0.094000	0.172900	0.147900
743668.4	0.184600	0.170100	0.182300	0.160300	0.170500	0.155100	0.151500	0.151200	0.147500	0.152900	0.156500	0.164800	0.161200	0.159000	0.141500	0.157200	0.128400	0.174900	0.182900	0.178500	0.119500	0.175500	0.183800	0.120500	0.151600	0.134300	0.136700	0.092300	0.172400	0.149000
748626.2	0.184000	0.169300	0.182900	0.161000	0.171500	0.156000	0.151800	0.151300	0.148400	0.154100	0.157200	0.165600	0.160800	0.157600	0.140700	0.157000	0.126900	0.177600	0.187300	0.181700	0.117800	0.172200	0.182700	0.118900	0.150500	0.131500	0.134100	0.088600	0.171500	0.148600
753584.0	0.182700	0.168300	0.180700	0.158300	0.169800	0.154800	0.150600	0.149400	0.146000	0.150800	0.155700	0.163600	0.161100	0.158300	0.141600	0.155900	0.128400	0.171700	0.180300	0.176100	0.119600	0.175500	0.184200	0.121200	0.151300	0.134600	0.137100	0.091600	0.171500	0.147700
758541.8	0.181900	0.166800	0.179200	0.158300	0.169100	0.154300	0.150000	0.149500	0.146200	0.149100	0.155600	0.163200	0.160400	0.157400	0.141000	0.156800	0.128200	0.172900	0.179700	0.176900	0.119200	0.175900	0.184100	0.122000	0.150100	0.135800	0.137700	0.094800	0.170800	0.147700
763499.6	0.182800	0.168700	0.181800	0.162300	0.172300	0.156500	0.151800	0.152400	0.149100	0.158800	0.158100	0.165100	0.160000	0.154700	0.139300	0.156600	0.126700	0.180200	0.191900	0.185700	0.117200	0.171900	0.182800	0.118100	0.150000	0.130700	0.133500	0.089700	0.170200	0.148900
768457.4	0.181500	0.166600	0.180700	0.160700	0.171000	0.155500	0.150500	0.150200	0.146900	0.153100	0.156800	0.164600	0.160300	0.156500	0.139900	0.156200	0.127600	0.173100	0.181900	0.178500	0.118800	0.172900	0.183600	0.120500	0.149200	0.133200	0.136000	0.091000	0.170400	0.147000
773415.2	0.181200	0.167400	0.178500	0.157900	0.167900	0.154400	0.149400	0.148900	0.144900	0.150200	0.155700	0.163000	0.160500	0.155700	0.141200	0.156100	0.127300	0.169500	0.177600	0.174800	0.118900	0.172600	0.183900	0.119900	0.148100	0.133200	0.135600	0.090000	0.170100	0.146500
778373.0	0.180300	0.166600	0.178200	0.158400	0.168300	0.154600	0.148800	0.150000	0.146100	0.149600	0.155300	0.162400	0.159700	0.155800	0.140200	0.155100	0.127400	0.169400	0.177700	0.175400	0.119100	0.172900	0.184300	0.120500	0.147800	0.133300	0.135400	0.091800	0.169600	0.146900
783330.7	0.180300	0.164300	0.177600	0.157700	0.168500	0.153800	0.149500	0.149000	0.145200	0.147800	0.154700	0.161400	0.159000	0.155800	0.141400	0.155000	0.127300	0.167700	0.176500	0.174000	0.119200	0.173300	0.183700	0.121300	0.147300	0.133600	0.136100	0.094200	0.169300	0.145900
788288.5	0.179600	0.165300	0.177500	0.157600	0.167500	0.154000	0.148400	0.148500	0.144400	0.147100	0.154500	0.161500	0.159600	0.156100	0.141100	0.155900	0.128500	0.165600	0.172800	0.172200	0.120100	0.175100	0.185100	0.123000	0.148100	0.135400	0.137200	0.096200	0.169300	0.146400
793246.3	0.180400	0.165800	0.179000	0.159400	0.169000	0.155000	0.149500	0.150300	0.147300	0.152300	0.156400	0.161500	0.159500	0.153600	0.138600	0.154200	0.126000	0.172600	0.182100	0.178000	0.116400	0.168500	0.181400	0.118400	0.146700	0.127200	0.131500	0.088400	0.168000	0.146700
798204.1	0.178900	0.164600	0.177300	0.157600	0.167000	0.154000	0.148800	0.148900	0.144800	0.147700	0.154500	0.160800	0.158800	0.154900	0.139800	0.154300	0.127600	0.166600	0.175500	0.173300	0.118500	0.171800	0.184000	0.120100	0.147400	0.132200	0.134200	0.092400	0.168300	0.146500
803161.9	0.178300	0.165000	0.177100	0.158300	0.168200	0.154500	0.149100	0.150200	0.146500	0.151400	0.155900	0.160900	0.158600	0.153300	0.138200	0.154700	0.126300	0.168300	0.178800	0.176700	0.117800	0.168900	0.182900	0.118700	0.146400	0.129700	0.132400	0.089600	0.167700	0.145700
808119.7	0.179400	0.165800	0.175800	0.156600	0.166200	0.154100	0.148700	0.149000	0.145400	0.149100	0.154400	0.160200	0.159000	0.153200	0.140200	0.154400	0.126900	0.166900	0.176400	0.174700	0.118600	0.170300	0.183300	0.120000	0.146800	0.130500	0.133000	0.089200	0.167500	0.146200
813077.5	0.178400	0.165000	0.175700	0.156700	0.166300	0.153600	0.148400	0.148900	0.144900	0.149000	0.154200	0.159900	0.157300	0.153500	0.140000	0.154600	0.127300	0.165000	0.174900	0.172500	0.118600	0.171200	0.183700	0.120800	0.145900	0.132300	0.133900	0.093100	0.167300	0.146800
818035.3	0.178600	0.164100	0.176800	0.158600	0.167500	0.154900	0.149300	0.149800	0.147200	0.151500	0.155500	0.160600	0.158300	0.152200	0.138000	0.153200	0.126000	0.170700	0.181000	0.177100	0.117300	0.167600	0.182900	0.118000	0.146000	0.129300	0.130500	0.087900	0.167000	0.146600
822993.0	0.178800	0.163900	0.176200	0.157800	0.167300	0.155200	0.149000	0.150000	0.147200	0.151700	0.155900	0.160700	0.157700	0.151800	0.139200	0.153700	0.126600	0.170300	0.180300	0.177300	0.117100	0.168300	0.183000	0.118900	0.144900	0.128600	0.131000	0.089700	0.166600	0.147000
827950.8	0.178500	0.163300	0.176300	0.158500	0.166500	0.154400	0.149800	0.149900	0.146600	0.151300	0.156200	0.160300	0.157500	0.151900	0.138600	0.153200	0.126300	0.168800	0.178700	0.176700	0.117500	0.167400	0.182600	0.119300	0.144700	0.128800	0.130800	0.089000	0.166900	0.144700
832908.6	0.178200	0.163600	0.176400	0.158200	0.167600	0.155300	0.149200	0.150700	0.147500	0.153400	0.156400	0.159900	0.158000	0.151500	0.137900	0.152500	0.125700	0.171500	0.182300	0.178100	0.116700	0.165600	0.181600	0.118100	0.144800	0.126200	0.127900	0.085700	0.166700	0.146100
837866.4	0.177200	0.162600	0.175500	0.157300	0.166800	0.154200	0.148700	0.149200	0.146300	0.151700	0.155800	0.158900	0.157500	0.151100	0.138400	0.152800	0.125900	0.169700	0.178800	0.176000	0.115900	0.165400	0.181000	0.118100	0.143500	0.127100	0.129400	0.086000	0.166200	0.144400
842824.2	0.176500	0.162900	0.174500	0.157100	0.165400	0.154000	0.147900	0.148900	0.146300	0.149400	0.154400	0.158800	0.157300	0.151200	0.138800	0.152800	0.126400	0.166800	0.176700	0.174100	0.117200	0.166400	0.182000	0.118700	0.144100	0.127900	0.130200	0.087800	0.166100	0.144800
847782.0	0.176300	0.161700	0.174800	0.156400	0.164900	0.154600	0.148100	0.149500	0.146200	0.150400	0.154600	0.159300	0.157400	0.150600	0.138200	0.151900	0.125900	0.167500	0.177700	0.175100	0.116300	0.165200	0.181000	0.117800	0.144700	0.126000	0.128800	0.086800	0.165600	0.145300
852739.8	0.176500	0.162900	0.175100	0.157000	0.166800	0.154800	0.148700	0.149800	0.146400	0.150900	0.156100	0.159300	0.158100	0.151300	0.139600	0.152200	0.126400	0.167100	0.176500	0.175100	0.117800	0.166300	0.183100	0.119700	0.144100	0.128000	0.130600	0.089500	0.166800	0.145000
857697.6	0.175400	0.162000	0.174100	0.156800	0.164600	0.154000	0.148000	0.149400	0.145700	0.149900	0.154800	0.157600	0.157100	0.150200	0.138800	0.151900	0.125700	0.166300	0.176300	0.173300	0.116700	0.164300	0.181300	0.117700	0.142800	0.125100	0.127700	0.086000	0.165700	0.144500
862655.4	0.175400	0.161500	0.173700	0.156500	0.165600	0.154500	0.148100	0.149600	0.146300	0.150900	0.156200	0.158100	0.157000	0.150300	0.139000	0.152400	0.126000	0.167100	0.177900	0.175000	0.116500	0.164400	0.182000	0.119100	0.143900	0.126300	0.128400	0.088600	0.165100	0.143800
867613.2	0.174500	0.159600	0.172500	0.156900	0.165800	0.154000	0.147600	0.149000	0.145400	0.149700	0.155000	0.157600	0.157000	0.150100	0.138400	0.151300	0.125900	0.166400	0.176100	0.173500	0.116700	0.163500	0.181700	0.118100	0.142500	0.125300	0.128100	0.086000	0.164900	0.144000
872570.9	0.172000	0.159200	0.170900	0.153900	0.161700	0.152400	0.145900	0.146200	0.143300	0.144600	0.153200	0.155800	0.155900	0.150700	0.138300	0.151100	0.126600	0.159900	0.167900	0.167300	0.118700	0.166400	0.182700	0.120600	0.141500	0.129200	0.130300	0.091200	0.164400	0.141700
877528.7	0.173400	0.159500	0.170700	0.153900	0.162200	0.152300	0.146400	0.147500	0.143500	0.145700	0.153100	0.155800	0.156700	0.150500	0.139000	0.150900	0.126900	0.161200	0.169800	0.167800	0.118500	0.165800	0.182800	0.120200	0.141300	0.127800	0.129900	0.089200	0.164500	0.142300
882486.5	0.174200	0.160200	0.172700	0.156000	0.164700	0.153800	0.147800	0.149100	0.145900	0.150600	0.154800	0.157000	0.156500	0.150000	0.137000	0.150800	0.125900	0.165500	0.175700	0.173300	0.117400	0.163600	0.181700	0.119100	0.141600	0.125900	0.127800	0.086900	0.164400	0.143300
887444.3	0.173100	0.159100	0.171600	0.156500	0.163200	0.153000	0.146400	0.147600	0.144400	0.147600	0.154300	0.156600	0.156500	0.150500	0.137900	0.150900	0.126700	0.161800	0.171500	0.169100	0.117900	0.165500	0.183700	0.120900	0.140800	0.127400	0.128900	0.090400	0.164800	0.142400
892402.1	0.173900	0.159900	0.173300	0.157900	0.165000	0.154300	0.147700	0.149000	0.145600	0.152700	0.155800	0.156800	0.156300	0.148600	0.137000	0.150600	0.124900	0.168700	0.179500	0.175000	0.116000	0.162200	0.182000	0.117300	0.142100	0.122800	0.126000	0.084600	0.163800	0.143400
897359.9	0.174300	0.159800	0.173500	0.157900	0.165400	0.155300	0.148600	0.150000	0.146900	0.154000	0.156200	0.157900	0.155900	0.148500	0.137300	0.149500	0.125200	0.170200	0.182200	0.177400	0.115600	0.161700	0.182500	0.116500	0.142300	0.122200	0.125200	0.085200	0.164200	0.144300
902317.7	0.172000	0.157400	0.170900	0.154900	0.162500	0.152600	0.145700	0.147100	0.143800	0.147200	0.153500	0.154900	0.155400	0.148500	0.137200	0.149600	0.126400	0.161000	0.171000	0.169000	0.116900	0.163800	0.183600	0.119200	0.140600	0.125900	0.128300	0.088700	0.163400	0.141200
907275.5	0.171500	0.158300	0.170200	0.154300	0.161600	0.153200	0.145600	0.148100	0.143800	0.147300	0.153900	0.155300	0.155800	0.148400	0.137400	0.149500	0.125400	0.162800	0.171500	0.168900	0.117400	0.163500	0.183400	0.119500	0.140800	0.125200	0.127500	0.089300	0.163100	0.141900
912233.3	0.172300	0.158300	0.170700	0.156000	0.162900	0.153300	0.146500	0.148100	0.144400	0.149900	0.154700	0.156100	0.155700	0.147900	0.138000	0.149800	0.125400	0.165000	0.174800	0.171100	0.116700	0.162200	0.183000	0.119000	0.140800	0.124600	0.126800	0.087500	0.163000	0.142800
917191.0	0.171500	0.156700	0.170100	0.154600	0.161900	0.152900	0.146000	0.147600	0.144000	0.148500	0.154200	0.155000	0.155200	0.147000	0.136200	0.149100	0.124900	0.163700	0.172600	0.169200	0.117000	0.162500	0.183000	0.118300	0.139700	0.123500	0.127100	0.088500	0.161900	0.141600
922148.8	0.171600	0.157500	0.170500	0.155500	0.163300	0.153200	0.146500	0.148200	0.144400	0.148700	0.154700	0.155500	0.156100	0.148300	0.136800	0.149400	0.125900	0.163200	0.173100	0.171100	0.117600	0.162800	0.184400	0.119700	0.140500	0.125600	0.127300	0.087500	0.162600	0.141700
927106.6	0.171300	0.156700	0.169300	0.155200	0.161600	0.152500	0.145600	0.147100	0.144500	0.148200	0.153700	0.154500	0.155400	0.147100	0.137200	0.148600	0.125200	0.162000	0.171600	0.169500	0.117600	0.162300	0.183000	0.119100	0.140200	0.124900	0.127200	0.087200	0.161500	0.142000
932064.4	0.170300	0.156400	0.168800	0.154400	0.161300	0.152000	0.145300	0.147900	0.144500	0.148400	0.154200	0.154000	0.155600	0.146600	0.135400	0.147900	0.124300	0.162200	0.172700	0.168800	0.115600	0.159700	0.181300	0.117200	0.139100	0.121300	0.124300	0.084600	0.161800	0.141000
937022.2	0.170200	0.156200	0.169000	0.154200	0.160500	0.152400	0.145100	0.146900	0.143800	0.147000	0.153200	0.153300	0.154600	0.146300	0.136100	0.147200	0.124400	0.162100	0.172500	0.167600	0.116500	0.159700	0.181400	0.116800	0.138800	0.122700	0.125300	0.085600	0.160900	0.141500
941980.0	0.169800	0.155900	0.169100	0.154800	0.161200	0.152600	0.144900	0.147400	0.143600	0.148600	0.154100	0.153200	0.154500	0.145600	0.135600	0.146500	0.124500	0.162000	0.172300	0.168300	0.116500	0.160700	0.183400	0.118800	0.138900	0.124100	0.125300	0.086800	0.160700	0.140700
946937.8	0.169400	0.155500	0.167400	0.152300	0.159500	0.151400	0.144300	0.145700	0.142500	0.144900	0.152000	0.153100	0.154800	0.147000	0.136700	0.148000	0.125500	0.158300	0.165800	0.164600	0.118600	0.162100	0.183800	0.120200	0.139000	0.125500	0.128200	0.088900	0.161100	0.140500
951895.6	0.169700	0.154700	0.167000	0.153600	0.159800	0.150700	0.144000	0.145800	0.142700	0.145800	0.152500	0.152100	0.154000	0.146200	0.137200	0.147200	0.125500	0.158800	0.167800	0.164600	0.117600	0.161200	0.183000	0.119400	0.138500	0.124800	0.126300	0.088400	0.160200	0.140400
956853.4	0.170500	0.156300	0.168700	0.154200	0.162500	0.152500	0.145100	0.147800	0.144400	0.148600	0.154000	0.152400	0.154300	0.144900	0.136000	0.147500	0.124700	0.164300	0.172800	0.168800	0.116400	0.160500	0.183100	0.118000	0.139400	0.122700	0.124700	0.086600	0.160100	0.142100
961811.1	0.168400	0.154200	0.166800	0.151400	0.157800	0.150900	0.143200	0.145700	0.142200	0.144400	0.152100	0.152300	0.154300	0.146100	0.135700	0.147300	0.125200	0.158300	0.165500	0.163400	0.117600	0.161400	0.183100	0.119000	0.137600	0.123500	0.125800	0.088300	0.159700	0.140600
966768.9	0.168900	0.154700	0.166800	0.152500	0.159300	0.151100	0.143700	0.145400	0.142000	0.144200	0.152000	0.151300	0.153900	0.146600	0.136500	0.148000	0.125200	0.157400	0.165700	0.163400	0.117500	0.161900	0.183500	0.120300	0.138500	0.125100	0.127200	0.089800	0.160000	0.141500
971726.7	0.168600	0.154700	0.166900	0.153400	0.160200	0.151700	0.144300	0.146200	0.142800	0.147300	0.152800	0.151400	0.153400	0.144500	0.134600	0.146700	0.123900	0.162800	0.169800	0.166600	0.116800	0.159400	0.182000	0.117900	0.137700	0.122400	0.124400	0.086900	0.158600	0.141500
976684.5	0.169300	0.154500	0.167400	0.154800	0.161100	0.151900	0.144700	0.147100	0.144200	0.149900	0.153600	0.151400	0.153800	0.143800	0.135200	0.146200	0.124400	0.165200	0.173200	0.169500	0.116400	0.158000	0.181600	0.116400	0.137600	0.120300	0.121900	0.084700	0.159400	0.141200
981642.3	0.169600	0.154000	0.167000	0.154300	0.160100	0.151800	0.144200	0.146300	0.143300	0.147500	0.153700	0.151500	0.153700	0.144700	0.135900	0.146100	0.124500	0.163200	0.171600	0.167800	0.116200	0.158100	0.182300	0.117200	0.138000	0.119700	0.123000	0.084000	0.159500	0.141600
986600.1	0.169700	0.153800	0.167100	0.155200	0.160000	0.151700	0.144800	0.147600	0.144100	0.150300	0.154300	0.151100	0.152700	0.142800	0.134000	0.145300	0.123500	0.164500	0.173400	0.169600	0.114700	0.156300	0.180900	0.115600	0.137600	0.118300	0.121200	0.084000	0.158500	0.141400
991557.9	0.169100	0.153800	0.166700	0.152800	0.159200	0.150800	0.143800	0.145700	0.142400	0.145000	0.152900	0.150900	0.153200	0.144400	0.136200	0.146400	0.125300	0.159800	0.165800	0.164600	0.117800	0.161500	0.184000	0.119600	0.137200	0.122900	0.125500	0.088800	0.158500	0.141500
996515.7	0.168700	0.153200	0.166100	0.153600	0.159900	0.151000	0.143800	0.146300	0.142700	0.146700	0.153100	0.150800	0.153100	0.143700	0.134100	0.145700	0.124000	0.162200	0.169200	0.165900	0.115600	0.158000	0.182000	0.116700	0.135600	0.119600	0.122100	0.084000	0.158300	0.140700
1001473.5	0.168000	0.153000	0.165300	0.151500	0.158000	0.150700	0.143300	0.145900	0.142100	0.145600	0.152000	0.150300	0.152800	0.143900	0.136100	0.146100	0.124100	0.160400	0.166600	0.164500	0.116300	0.158000	0.182200	0.117800	0.137300	0.119900	0.122800	0.085800	0.157800	0.140300
1006431.2	0.168800	0.153600	0.165300	0.152900	0.157900	0.150400	0.142600	0.145300	0.142600	0.145800	0.152300	0.149400	0.152900	0.143200	0.136200	0.146000	0.124100	0.159700	0.167500	0.164100	0.116200	0.157800	0.181700	0.117800	0.137100	0.120400	0.122200	0.085900	0.157500	0.141100
1011389.0	0.167800	0.152600	0.164200	0.151400	0.157300	0.150100	0.142200	0.145000	0.141400	0.143200	0.151200	0.148600	0.153200	0.143600	0.135700	0.146600	0.125300	0.156400	0.162400	0.160500	0.117700	0.160300	0.183200	0.119400	0.137100	0.122000	0.124500	0.089100	0.157800	0.140200
1016346.8	0.167800	0.153200	0.165600	0.152200	0.158600	0.150400	0.142900	0.145000	0.142300	0.144100	0.151900	0.150300	0.153500	0.143500	0.134600	0.145800	0.125100	0.157000	0.162400	0.162500	0.116800	0.159900	0.182800	0.119400	0.136300	0.121600	0.123300	0.088500	0.157900	0.140900
1021304.6	0.167000	0.152600	0.164000	0.151900	0.157000	0.149600	0.142200	0.145100	0.141200	0.144300	0.151100	0.148300	0.152600	0.143000	0.136200	0.146500	0.124300	0.157700	0.162600	0.161500	0.116700	0.159400	0.182500	0.119300	0.136700	0.121400	0.124100	0.088900	0.156900	0.140300
1026262.4	0.169200	0.153300	0.166900	0.156000	0.160200	0.152100	0.143800	0.147400	0.145300	0.150000	0.154400	0.150000	0.153000	0.141500	0.133700	0.145200	0.123000	0.165200	0.173400	0.169300	0.114100	0.154700	0.180800	0.115900	0.137600	0.115800	0.118700	0.082900	0.157000	0.141000
1031220.2	0.167000	0.152600	0.164300	0.150500	0.156800	0.150200	0.142400	0.144900	0.141600	0.145100	0.152400	0.148700	0.152600	0.142000	0.135200	0.145300	0.123800	0.158400	0.165800	0.162600	0.116000	0.157300	0.182600	0.117900	0.135700	0.119200	0.122000	0.085100	0.156400	0.141300
1036178.0	0.167000	0.151900	0.164900	0.153800	0.159100	0.151100	0.143300	0.145800	0.143100	0.145100	0.152500	0.149000	0.152900	0.142300	0.133700	0.144300	0.123300	0.160100	0.166800	0.164500	0.115100	0.156900	0.182400	0.116900	0.135200	0.118400	0.120200	0.084200	0.156400	0.141000
1041135.8	0.168000	0.152000	0.164400	0.152800	0.157300	0.150200	0.142100	0.145200	0.142500	0.144500	0.152200	0.148700	0.152700	0.142100	0.134200	0.145800	0.124100	0.158000	0.163900	0.162800	0.116200	0.157800	0.182700	0.118100	0.135800	0.118900	0.121200	0.085700	0.156700	0.140300
1046093.6	0.166900	0.151700	0.164000	0.151600	0.156600	0.149700	0.141400	0.144500	0.140900	0.141800	0.151600	0.148600	0.153100	0.143300	0.135500	0.144800	0.125000	0.155800	0.161800	0.159100	0.117500	0.158600	0.183600	0.119300	0.134400	0.120900	0.122700	0.087100	0.156700	0.138800
1051051.3	0.166800	0.151700	0.163900	0.152600	0.157200	0.149800	0.142500	0.145000	0.141700	0.145100	0.152500	0.147200	0.152000	0.141300	0.134300	0.144500	0.123500	0.158300	0.164900	0.163400	0.115200	0.156000	0.181800	0.117000	0.135900	0.118100	0.120200	0.083400	0.155600	0.138500
1056009.1	0.167300	0.151900	0.165500	0.155000	0.159000	0.151300	0.143500	0.146600	0.143800	0.148900	0.153900	0.149500	0.153000	0.140700	0.133200	0.143600	0.123100	0.162900	0.171000	0.167100	0.114400	0.154300	0.182000	0.116400	0.136200	0.116300	0.118000	0.081900	0.156500	0.141100
1060966.9	0.165300	0.150500	0.163100	0.151200	0.155800	0.149600	0.141500	0.144000	0.140300	0.141200	0.151100	0.147200	0.152400	0.141600	0.134400	0.143400	0.124300	0.154400	0.158900	0.158400	0.116300	0.157200	0.182800	0.117800	0.134700	0.118600	0.119900	0.083500	0.155400	0.138400
1065924.7	0.165400	0.150600	0.161700	0.149900	0.154400	0.148600	0.140500	0.143100	0.139500	0.140800	0.150000	0.146400	0.152200	0.142700	0.135400	0.144500	0.124800	0.151800	0.156900	0.156500	0.117600	0.159100	0.184400	0.120300	0.134500	0.122200	0.122900	0.089300	0.155900	0.139200
1070882.5	0.166600	0.151500	0.163500	0.151800	0.156800	0.150000	0.142100	0.144200	0.142200	0.144800	0.151900	0.147400	0.152300	0.140600	0.135100	0.143800	0.123800	0.158600	0.165000	0.161400	0.115500	0.156700	0.182800	0.117700	0.135700	0.118000	0.120300	0.083800	0.156000	0.140100
1075840.3	0.167000	0.152000	0.163700	0.152300	0.156200	0.150100	0.141600	0.144600	0.141600	0.143200	0.151300	0.147000	0.152200	0.141500	0.134400	0.144200	0.123800	0.156700	0.162300	0.160300	0.115600	0.156200	0.182100	0.118000	0.136800	0.118900	0.120400	0.084600	0.156600	0.140400
1080798.1	0.166700	0.151700	0.164300	0.153600	0.156700	0.150600	0.142000	0.145500	0.142900	0.147300	0.152400	0.147500	0.152100	0.140200	0.133800	0.143700	0.122700	0.159800	0.168000	0.163800	0.114600	0.154700	0.181800	0.116200	0.136000	0.116000	0.118700	0.082900	0.155100	0.141000
1085755.9	0.166400	0.150400	0.163500	0.153000	0.155600	0.150600	0.142500	0.145600	0.142900	0.145200	0.152000	0.147400	0.152600	0.141400	0.133900	0.143700	0.123500	0.158500	0.164200	0.162700	0.115100	0.155300	0.183000	0.117000	0.134800	0.117700	0.119000	0.084600	0.155400	0.139300
1090713.7	0.165800	0.150600	0.163000	0.151800	0.156300	0.150200	0.141700	0.144600	0.141700	0.143800	0.152000	0.147100	0.152200	0.141100	0.133700	0.143900	0.124300	0.155400	0.162200	0.161300	0.116200	0.157000	0.184500	0.118800	0.133600	0.118900	0.120200	0.086000	0.155600	0.139500
1095671.4	0.165300	0.149300	0.161800	0.150500	0.155500	0.149500	0.141500	0.144800	0.141000	0.142900	0.151300	0.146900	0.151700	0.140500	0.133200	0.143100	0.123900	0.156400	0.161500	0.160700	0.115300	0.155600	0.183500	0.117000	0.133900	0.118000	0.119200	0.084600	0.154600	0.138400
1100629.2	0.165100	0.150200	0.161700	0.149500	0.154900	0.149500	0.141200	0.144300	0.141200	0.143000	0.150800	0.146300	0.152100	0.140800	0.134300	0.143100	0.123700	0.155500	0.161700	0.159200	0.115200	0.155300	0.183800	0.117800	0.135400	0.118000	0.119600	0.083800	0.155000	0.138800
1105587.0	0.164600	0.150100	0.162600	0.150600	0.153800	0.149000	0.140800	0.144100	0.141000	0.143100	0.151200	0.145800	0.151400	0.140400	0.134100	0.143200	0.123000	0.156100	0.162500	0.159600	0.115500	0.155300	0.183500	0.118100	0.135800	0.117800	0.119700	0.085900	0.154600	0.139400
1110544.8	0.164600	0.149000	0.161600	0.150700	0.154800	0.149700	0.141200	0.144300	0.142000	0.144300	0.152200	0.146400	0.151700	0.140700	0.133300	0.142500	0.123300	0.156100	0.163600	0.160700	0.115400	0.155400	0.183900	0.118200	0.133700	0.117000	0.119400	0.085000	0.154100	0.139100
1115502.6	0.165600	0.149600	0.162600	0.152200	0.155900	0.150400	0.142000	0.145200	0.142400	0.147100	0.152600	0.146500	0.152000	0.140000	0.132100	0.143400	0.123200	0.158600	0.166700	0.163000	0.114500	0.153500	0.184100	0.116900	0.134700	0.116300	0.118200	0.082700	0.154500	0.139200
1120460.4	0.164900	0.149300	0.162900	0.150500	0.154900	0.149400	0.142100	0.145500	0.142100	0.145100	0.152400	0.146400	0.151500	0.140200	0.133300	0.142800	0.123000	0.157600	0.166100	0.162200	0.114700	0.152300	0.182600	0.115600	0.133000	0.114700	0.116500	0.082600	0.154300	0.138200
1125418.2	0.165300	0.148400	0.161600	0.150300	0.153800	0.149300	0.141300	0.144500	0.141800	0.144400	0.151700	0.145800	0.151300	0.140100	0.133800	0.141600	0.123200	0.157800	0.164400	0.161500	0.114600	0.152800	0.183900	0.115900	0.134900	0.115000	0.117000	0.081000	0.154500	0.140000
1130376.0	0.163400	0.148100	0.161500	0.149400	0.153600	0.148800	0.140000	0.143500	0.141100	0.142900	0.151000	0.145200	0.150500	0.139800	0.133100	0.140500	0.123400	0.155900	0.162200	0.160200	0.114900	0.154000	0.184000	0.117500	0.132900	0.117400	0.118900	0.085100	0.153700	0.138300
1135333.8	0.165300	0.148500	0.162700	0.151600	0.155100	0.150700	0.141500	0.145600	0.142200	0.146000	0.153200	0.146400	0.151600	0.139900	0.133100	0.141700	0.123200	0.159800	0.167900	0.164200	0.115100	0.154700	0.185500	0.117400	0.135400	0.116300	0.118400	0.083600	0.154400	0.139900
1140291.5	0.163500	0.148100	0.160700	0.148700	0.152100	0.148800	0.140300	0.143800	0.140100	0.141100	0.150700	0.145400	0.152000	0.141100	0.133800	0.141800	0.124300	0.152300	0.158000	0.156000	0.116900	0.155600	0.185500	0.118800	0.132800	0.118200	0.120300	0.084400	0.154400	0.137500
1145249.3	0.165400	0.148900	0.162300	0.151100	0.154200	0.150000	0.141500	0.144900	0.142900	0.146700	0.152200	0.145700	0.151500	0.138900	0.132300	0.141900	0.122600	0.159700	0.167800	0.163200	0.114300	0.152600	0.184500	0.116100	0.134600	0.114100	0.116100	0.081600	0.154100	0.140600
1150207.1	0.164600	0.148100	0.161900	0.150600	0.155500	0.150400	0.141500	0.144900	0.143100	0.146000	0.153100	0.146600	0.151800	0.139000	0.132600	0.141300	0.123400	0.158700	0.165500	0.162600	0.115000	0.152700	0.184100	0.116000	0.134700	0.115100	0.117700	0.081700	0.154200	0.139600
1155164.9	0.162800	0.147400	0.160500	0.148500	0.152300	0.148600	0.140300	0.142800	0.139900	0.140000	0.150300	0.144600	0.152200	0.141000	0.133800	0.141800	0.124300	0.151900	0.155600	0.155200	0.117200	0.155000	0.186300	0.119400	0.132600	0.118600	0.120300	0.085200	0.154600	0.137600
1160122.7	0.165500	0.149200	0.164000	0.152300	0.155800	0.150900	0.142600	0.146400	0.143200	0.148700	0.153800	0.146400	0.152100	0.140100	0.133700	0.143300	0.122300	0.161500	0.168700	0.165400	0.114800	0.150700	0.183800	0.116000	0.135200	0.114000	0.116000	0.081100	0.154500	0.140200
1165080.5	0.165900	0.150700	0.164300	0.151500	0.155300	0.151900	0.143300	0.146600	0.142900	0.145400	0.154900	0.147900	0.153300	0.143400	0.135600	0.144500	0.125600	0.156000	0.162500	0.160300	0.119000	0.156900	0.188200	0.120900	0.137700	0.120500	0.122900	0.088000	0.156200	0.140500
1170038.3	0.166400	0.150900	0.164200	0.151700	0.156300	0.152700	0.143700	0.147000	0.143500	0.146400	0.155400	0.148300	0.153000	0.142900	0.135600	0.143500	0.124100	0.160000	0.166500	0.162800	0.117900	0.155800	0.186900	0.119600	0.136400	0.119000	0.120800	0.085300	0.156100	0.141600
1174996.1	0.165000	0.150900	0.164700	0.150300	0.154700	0.151800	0.143600	0.147400	0.142800	0.145000	0.156100	0.149000	0.153000	0.144100	0.136700	0.144300	0.124900	0.157600	0.163800	0.160600	0.118600	0.155900	0.187400	0.119700	0.137000	0.119300	0.121700	0.084400	0.156400	0.141000
1179953.9	0.166000	0.151900	0.164700	0.151300	0.153800	0.151400	0.143800	0.147300	0.143200	0.145400	0.155500	0.148400	0.153100	0.144000	0.136000	0.143900	0.125100	0.158200	0.165200	0.161300	0.119300	0.155100	0.186500	0.119600	0.136300	0.118500	0.122100	0.086400	0.155900	0.141900
1184911.7	0.165700	0.150800	0.164900	0.151800	0.154300	0.152200	0.144000	0.146600	0.142800	0.145800	0.156500	0.148200	0.152300	0.142900	0.137000	0.144200	0.124600	0.158300	0.164800	0.161300	0.118800	0.155100	0.186400	0.119700	0.137100	0.118600	0.121200	0.087600	0.155500	0.143100
1189869.4	0.167700	0.151600	0.166100	0.153800	0.156000	0.153600	0.144800	0.148500	0.145400	0.151900	0.158200	0.149200	0.152800	0.142100	0.134600	0.142800	0.123800	0.164400	0.173400	0.167200	0.116900	0.152700	0.184700	0.117700	0.136700	0.115800	0.118300	0.082700	0.155300	0.142800
1194827.2	0.167500	0.151500	0.165400	0.154400	0.154300	0.152500	0.144100	0.148500	0.145900	0.149300	0.157400	0.147900	0.152900	0.142200	0.135100	0.143500	0.123900	0.162500	0.169900	0.165200	0.117400	0.152800	0.185100	0.118600	0.136600	0.116400	0.119300	0.083300	0.155000	0.143700
1199785.0	0.164500	0.148700	0.161500	0.150700	0.150500	0.149800	0.141700	0.145200	0.142300	0.144800	0.154000	0.145500	0.151200	0.139700	0.133300	0.140700	0.122300	0.158000	0.164600	0.160000	0.116700	0.151100	0.183000	0.117000	0.133900	0.113900	0.117000	0.082100	0.152700	0.139700
1204742.8	0.163300	0.148700	0.161900	0.149300	0.151200	0.149700	0.142200	0.145000	0.142600	0.144700	0.154600	0.145400	0.151900	0.139900	0.134000	0.140200	0.123600	0.157200	0.162800	0.159800	0.116700	0.152200	0.183900	0.118200	0.134300	0.114900	0.116600	0.082900	0.152200	0.140100
1209700.6	0.164000	0.148700	0.161600	0.148900	0.149200	0.148900	0.141300	0.143600	0.140700	0.141300	0.152800	0.144600	0.152000	0.140900	0.136200	0.140800	0.125300	0.152300	0.157200	0.155500	0.120200	0.157200	0.186800	0.122400	0.136400	0.119800	0.121600	0.090900	0.153100	0.141300
1214658.4	0.164600	0.148400	0.162700	0.150800	0.151700	0.151100	0.142400	0.145700	0.142800	0.146100	0.154900	0.145500	0.151800	0.138800	0.134300	0.141200	0.122700	0.156600	0.163100	0.160100	0.117000	0.151400	0.184800	0.118200	0.133400	0.115300	0.117100	0.085100	0.152700	0.140200
1219616.2	0.162200	0.147000	0.159700	0.147100	0.146600	0.147900	0.139900	0.141600	0.139200	0.137800	0.150800	0.143900	0.151200	0.141100	0.136800	0.142200	0.125900	0.145200	0.150100	0.149400	0.120500	0.157700	0.187400	0.123800	0.133200	0.120700	0.123300	0.091800	0.152600	0.138000
1224574.0	0.163600	0.147200	0.161200	0.150200	0.149300	0.149700	0.141700	0.145100	0.142500	0.144600	0.153500	0.144500	0.151300	0.138000	0.133300	0.139700	0.122000	0.156400	0.163900	0.159900	0.115500	0.149800	0.182800	0.117000	0.133800	0.112000	0.115900	0.081600	0.151600	0.139700
1229531.7	0.162600	0.146900	0.160500	0.150200	0.148900	0.149300	0.140900	0.144100	0.140600	0.142100	0.152700	0.143500	0.151300	0.138300	0.133700	0.140900	0.123300	0.152300	0.158500	0.156300	0.117500	0.152800	0.184700	0.119600	0.133400	0.116000	0.118400	0.085100	0.151900	0.139400
1234489.5	0.164300	0.147400	0.162300	0.153200	0.151400	0.150100	0.142100	0.146000	0.143600	0.147400	0.154600	0.145700	0.151500	0.138200	0.133600	0.139600	0.122500	0.157200	0.164800	0.161900	0.116200	0.150600	0.184400	0.117700	0.134100	0.113200	0.115300	0.082100	0.151900	0.140000
1239447.3	0.162100	0.146300	0.159700	0.148800	0.147600	0.148500	0.140500	0.143700	0.139800	0.142800	0.152700	0.144000	0.151100	0.138200	0.133900	0.139200	0.122900	0.152300	0.158100	0.154900	0.116700	0.151100	0.183900	0.118600	0.132200	0.114300	0.116100	0.082900	0.150800	0.138700
1244405.1	0.163100	0.147200	0.160700	0.150800	0.147500	0.148900	0.140900	0.143300	0.141500	0.144000	0.153200	0.143900	0.150800	0.138600	0.134800	0.139600	0.122800	0.153700	0.159600	0.156600	0.117300	0.152600	0.184600	0.119500	0.132600	0.115700	0.117900	0.085900	0.150900	0.140100
1249362.9	0.164500	0.147900	0.162300	0.153800	0.150900	0.151000	0.142400	0.145900	0.143500	0.148100	0.155500	0.144800	0.150800	0.136300	0.133300	0.138900	0.121600	0.159500	0.167800	0.163700	0.114900	0.148900	0.183500	0.116700	0.133400	0.112100	0.114000	0.080500	0.150300	0.141200
1254320.7	0.163700	0.147200	0.161300	0.151500	0.149100	0.150100	0.142200	0.145200	0.142700	0.145500	0.154000	0.144100	0.150700	0.137000	0.132100	0.137900	0.122100	0.156900	0.162800	0.159900	0.115300	0.149300	0.183400	0.117600	0.132800	0.111400	0.114000	0.080800	0.150500	0.139900
1259278.5	0.162600	0.147000	0.159500	0.149500	0.146700	0.148100	0.140500	0.143600	0.140400	0.141800	0.152700	0.142700	0.150900	0.137700	0.134500	0.139300	0.122300	0.151900	0.158300	0.155500	0.116500	0.150700	0.184200	0.119100	0.131700	0.113500	0.115800	0.083100	0.150100	0.139800
1264236.3	0.161600	0.146800	0.160200	0.149900	0.146600	0.148100	0.140000	0.143400	0.140800	0.142700	0.152400	0.142900	0.150100	0.137700	0.134200	0.138700	0.122500	0.150800	0.158100	0.155600	0.116700	0.151700	0.183400	0.119600	0.131500	0.114200	0.116300	0.085700	0.149800	0.139500
1269194.1	0.164100	0.147100	0.162000	0.153400	0.150200	0.150200	0.141700	0.145900	0.143200	0.147700	0.155700	0.144000	0.150400	0.136700	0.132900	0.137700	0.121600	0.158700	0.166200	0.163200	0.114700	0.147900	0.182400	0.116500	0.132800	0.109900	0.112900	0.080100	0.149800	0.141200
1274151.8	0.162500	0.148300	0.160000	0.149200	0.147000	0.148900	0.140100	0.143800	0.141700	0.144800	0.153400	0.143400	0.150200	0.137100	0.133200	0.138400	0.122100	0.153900	0.160000	0.157800	0.115500	0.149600	0.183500	0.118500	0.131800	0.111900	0.114600	0.080700	0.149300	0.139600
1279109.6	0.162100	0.146600	0.160100	0.150600	0.146500	0.148400	0.139700	0.143800	0.141300	0.142900	0.153100	0.142900	0.149800	0.137400	0.133700	0.138400	0.123100	0.151200	0.157300	0.155900	0.116900	0.150400	0.183500	0.120000	0.131000	0.113800	0.116100	0.084100	0.149100	0.139600
1284067.4	0.163500	0.145800	0.160500	0.154500	0.144400	0.149500	0.139200	0.142800	0.138600	0.137900	0.151700	0.141800	0.151200	0.140300	0.139100	0.139300	0.128100	0.144800	0.149000	0.149600	0.124200	0.154100	0.186400	0.126100	0.131400	0.118900	0.120000	0.090500	0.151000	0.137800
1289025.2	0.176100	0.151900	0.175300	0.188100	0.154100	0.165600	0.147200	0.152800	0.146700	0.152300	0.161200	0.146700	0.153900	0.144000	0.155000	0.142500	0.138800	0.158700	0.163600	0.163700	0.138100	0.152300	0.186700	0.131700	0.137300	0.117900	0.120600	0.083500	0.156600	0.143800
1293983.0	0.189300	0.158100	0.191300	0.230700	0.161600	0.185700	0.156400	0.162300	0.151000	0.158600	0.171500	0.150200	0.159100	0.154600	0.186300	0.148500	0.158900	0.162900	0.165000	0.167200	0.171800	0.156300	0.192300	0.147400	0.145800	0.126400	0.129200	0.085900	0.165700	0.149900
1298940.8	0.205700	0.166100	0.207500	0.271900	0.172400	0.211500	0.168100	0.175200	0.159700	0.171900	0.185300	0.154800	0.163400	0.162300	0.216300	0.158500	0.180400	0.175900	0.178400	0.177300	0.208600	0.158900	0.195400	0.163400	0.156300	0.132400	0.135300	0.090200	0.175600	0.159800
1303898.6	0.219600	0.174200	0.218900	0.291800	0.183900	0.235600	0.179000	0.187200	0.166400	0.180600	0.198400	0.160500	0.170400	0.170900	0.242800	0.166600	0.206000	0.183000	0.182400	0.183400	0.238800	0.161800	0.200300	0.181400	0.166600	0.139300	0.142200	0.089700	0.186600	0.166500
1308856.4	0.233200	0.181800	0.227600	0.300300	0.194500	0.256700	0.190000	0.200900	0.171000	0.188400	0.210900	0.169100	0.175700	0.178300	0.258200	0.174600	0.228000	0.190100	0.187200	0.188600	0.256900	0.165500	0.205700	0.201100	0.179200	0.144900	0.147800	0.092400	0.195900	0.172700
1313814.2	0.248200	0.189100	0.235500	0.307800	0.206300	0.275900	0.200400	0.214100	0.177900	0.198700	0.228200	0.182600	0.181700	0.183300	0.267500	0.181700	0.245600	0.198500	0.194600	0.195900	0.268700	0.168600	0.209600	0.219500	0.194300	0.150100	0.153100	0.094000	0.203000	0.182600
1318771.9	0.261800	0.197700	0.244700	0.313300	0.217000	0.291000	0.210700	0.224800	0.184200	0.207200	0.244700	0.188800	0.187200	0.188500	0.274200	0.189700	0.257400	0.206000	0.202500	0.203800	0.277500	0.172200	0.215900	0.236300	0.208400	0.157700	0.160300	0.098000	0.210200	0.192000
1323729.7	0.272900	0.202200	0.252600	0.317300	0.227200	0.302400	0.219300	0.237400	0.189700	0.214800	0.264100	0.191800	0.193800	0.194700	0.277700	0.193700	0.264900	0.211200	0.204200	0.207100	0.285300	0.176400	0.220900	0.247300	0.216300	0.163800	0.166900	0.101200	0.217200	0.198800
1328687.5	0.280600	0.208300	0.256800	0.319900	0.232000	0.307700	0.223800	0.246300	0.194600	0.225400	0.282400	0.191800	0.197300	0.196600	0.278900	0.197700	0.266600	0.218800	0.212100	0.213300	0.288100	0.177000	0.222900	0.251900	0.224700	0.165800	0.168400	0.100500	0.221700	0.207400
1333645.3	0.287500	0.211900	0.260100	0.315700	0.234300	0.310700	0.222600	0.248600	0.194900	0.226400	0.296900	0.191900	0.200800	0.201000	0.283500	0.202500	0.270600	0.216600	0.206400	0.210300	0.295900	0.182100	0.228100	0.260100	0.229800	0.171600	0.173900	0.104200	0.229400	0.211800
1338603.1	0.293200	0.216900	0.266300	0.322600	0.244100	0.323200	0.231000	0.259100	0.200700	0.236100	0.308400	0.193000	0.203100	0.203100	0.283500	0.205800	0.272500	0.220100	0.210600	0.215100	0.298800	0.184100	0.231100	0.261800	0.232900	0.174800	0.179600	0.107700	0.232200	0.216800
1343560.9	0.297600	0.220200	0.271600	0.324100	0.252300	0.327700	0.233000	0.265200	0.205700	0.243900	0.317800	0.193800	0.203700	0.205900	0.285500	0.210100	0.272100	0.225500	0.213700	0.219400	0.300100	0.185700	0.233100	0.258700	0.236700	0.176500	0.180900	0.109200	0.235200	0.221200
1348518.7	0.300100	0.222000	0.272500	0.322300	0.253600	0.328700	0.234000	0.267600	0.205700	0.245600	0.322900	0.195600	0.206600	0.208600	0.287800	0.215200	0.275200	0.224500	0.211800	0.217700	0.306000	0.191200	0.238500	0.266900	0.241900	0.183700	0.186600	0.112300	0.238800	0.227300
1353476.5	0.299500	0.224000	0.272600	0.320000	0.253800	0.331300	0.233500	0.269400	0.206900	0.249300	0.324300	0.196800	0.214100	0.212500	0.290100	0.217200	0.275700	0.221700	0.208600	0.215800	0.311800	0.194600	0.242100	0.270400	0.242000	0.189000	0.192100	0.117400	0.241000	0.228200
1358434.3	0.304800	0.230000	0.281100	0.327400	0.261300	0.341200	0.239100	0.276800	0.214100	0.262300	0.337000	0.202300	0.214900	0.211800	0.289600	0.226800	0.272300	0.238000	0.226500	0.231400	0.307000	0.191400	0.244200	0.264000	0.249400	0.186900	0.190200	0.109700	0.243000	0.237300
1363392.1	0.298700	0.229000	0.275100	0.316900	0.252200	0.337700	0.234400	0.270000	0.207400	0.252000	0.328500	0.198600	0.216200	0.217400	0.295900	0.230900	0.281500	0.219400	0.201800	0.211600	0.321100	0.202700	0.250000	0.275600	0.251300	0.203900	0.204900	0.126300	0.245900	0.235100
1368349.8	0.305700	0.232300	0.283900	0.326800	0.261400	0.348000	0.240500	0.279500	0.217100	0.268600	0.339900	0.201400	0.217100	0.216300	0.292600	0.232200	0.276700	0.237700	0.224400	0.230500	0.313300	0.196000	0.249900	0.265400	0.250300	0.192500	0.196100	0.111500	0.247800	0.241500
1373307.6	0.304200	0.232800	0.283800	0.325500	0.259600	0.349700	0.240300	0.280600	0.215800	0.268800	0.338300	0.200600	0.216800	0.221400	0.295000	0.235400	0.278800	0.231700	0.217600	0.224800	0.318700	0.200900	0.252500	0.267900	0.249800	0.200400	0.203300	0.117100	0.248600	0.243400
1378265.4	0.305700	0.236200	0.287100	0.325600	0.262400	0.351400	0.242500	0.281200	0.218800	0.273400	0.339300	0.200500	0.216800	0.220100	0.293500	0.235500	0.274300	0.237900	0.224800	0.230900	0.315900	0.198800	0.252500	0.262000	0.251900	0.197500	0.200700	0.112900	0.249900	0.246400
1383223.2	0.304700	0.236300	0.286600	0.326100	0.259300	0.348600	0.239800	0.278100	0.216500	0.269900	0.336200	0.200500	0.215300	0.221200	0.295000	0.236000	0.273100	0.234100	0.220100	0.226800	0.320200	0.200300	0.254300	0.260300	0.252100	0.198500	0.201900	0.114200	0.250600	0.246700
1388181.0	0.308000	0.239500	0.289700	0.325400	0.258000	0.351100	0.239200	0.279700	0.216000	0.273700	0.335300	0.201900	0.217700	0.224900	0.298900	0.243200	0.274400	0.231100	0.220100	0.226100	0.326500	0.206200	0.257800	0.268600	0.256600	0.204100	0.206900	0.119500	0.252600	0.253100
1393138.8	0.301800	0.237700	0.287700	0.322400	0.257600	0.351800	0.238100	0.278100	0.217000	0.271200	0.329500	0.201700	0.215200	0.221600	0.296300	0.240500	0.271500	0.227600	0.216200	0.223500	0.322600	0.204900	0.255800	0.268300	0.250700	0.200500	0.203300	0.119200	0.249600	0.249300
1398096.6	0.300800	0.237900	0.287800	0.323300	0.258100	0.353600	0.237700	0.278000	0.215600	0.268700	0.329200	0.201800	0.214200	0.222400	0.297800	0.240300	0.271900	0.222700	0.211100	0.219800	0.326300	0.207700	0.258000	0.272100	0.249100	0.202500	0.205000	0.122600	0.250000	0.250000
1403054.4	0.301400	0.239800	0.290100	0.324000	0.259700	0.353900	0.236600	0.279700	0.218600	0.274500	0.331000	0.201500	0.210900	0.219100	0.294800	0.239600	0.268700	0.227300	0.220000	0.227500	0.322100	0.203000	0.254000	0.267700	0.249600	0.197400	0.199100	0.116200	0.248500	0.251600
1408012.1	0.299100	0.238000	0.287300	0.319500	0.258100	0.353900	0.234200	0.276100	0.215100	0.269900	0.326900	0.199800	0.210700	0.222100	0.300300	0.241300	0.270600	0.220100	0.210300	0.219800	0.329800	0.208300	0.256500	0.274100	0.248400	0.204800	0.206100	0.123900	0.248900	0.249100
1412969.9	0.301400	0.239000	0.290200	0.320600	0.260500	0.357700	0.234000	0.279200	0.219200	0.273700	0.327000	0.200700	0.210000	0.218600	0.296400	0.240600	0.265100	0.224100	0.217100	0.226200	0.322000	0.204200	0.255300	0.265300	0.240800	0.197800	0.200900	0.115000	0.247200	0.246100
1417927.7	0.300300	0.238700	0.286500	0.314400	0.256100	0.353000	0.228000	0.274700	0.217000	0.269100	0.322600	0.198800	0.207600	0.217700	0.291700	0.238800	0.259400	0.223300	0.216400	0.224900	0.318300	0.201300	0.253400	0.260000	0.239100	0.194900	0.198600	0.114000	0.244400	0.246200
1422885.5	0.296500	0.234900	0.280000	0.301500	0.248000	0.341600	0.222800	0.268100	0.210600	0.259700	0.312200	0.195800	0.204800	0.216400	0.285200	0.238200	0.255000	0.213400	0.206300	0.216300	0.315100	0.203200	0.254000	0.259000	0.232200	0.195700	0.198700	0.118100	0.241100	0.238600
1427843.3	0.286900	0.228800	0.266600	0.282700	0.236600	0.323600	0.213800	0.257000	0.205900	0.249200	0.295800	0.192200	0.199700	0.209300	0.269700	0.231100	0.238800	0.207700	0.201400	0.210600	0.298900	0.201400	0.250100	0.248400	0.220800	0.190400	0.194400	0.116800	0.232300	0.230000
1432801.1	0.276500	0.221500	0.252500	0.259700	0.227600	0.303300	0.204800	0.246400	0.199300	0.240000	0.280600	0.187900	0.194900	0.198900	0.247900	0.222600	0.218000	0.201700	0.199300	0.207400	0.273100	0.196500	0.245600	0.227200	0.208300	0.181100	0.184300	0.113900	0.221600	0.220900
1437758.9	0.267300	0.216300	0.244600	0.244600	0.222700	0.288100	0.197100	0.236500	0.196100	0.235200	0.267700	0.184600	0.190100	0.191100	0.229300	0.215000	0.201000	0.199700	0.199700	0.207200	0.249300	0.190900	0.240400	0.207500	0.201000	0.170800	0.174600	0.109300	0.212700	0.213100
1442716.7	0.257400	0.208500	0.231600	0.225200	0.210400	0.267000	0.188200	0.223300	0.187600	0.219900	0.251400	0.180400	0.185200	0.185000	0.215300	0.207300	0.187600	0.188900	0.189200	0.196000	0.231700	0.186900	0.235500	0.194400	0.190800	0.165500	0.169300	0.106400	0.204400	0.203700
1447674.5	0.251200	0.205300	0.224400	0.214200	0.203100	0.252600	0.183200	0.214500	0.183300	0.211600	0.241000	0.175700	0.180900	0.179900	0.207200	0.201900	0.177600	0.186500	0.188600	0.192600	0.217000	0.184700	0.232700	0.184000	0.187600	0.162100	0.164700	0.108100	0.198400	0.199500
1452632.3	0.243800	0.199900	0.216700	0.203900	0.197500	0.240500	0.178300	0.207400	0.179500	0.203600	0.230500	0.173600	0.178200	0.177200	0.199200	0.196800	0.170700	0.176900	0.178600	0.184200	0.207300	0.183700	0.230700	0.177400	0.179300	0.160200	0.161900	0.108300	0.193300	0.193400
1457590.0	0.237100	0.195500	0.209000	0.194100	0.191100	0.229400	0.172800	0.199000	0.172700	0.193800	0.220300	0.169300	0.175600	0.174000	0.192600	0.192100	0.165600	0.169600	0.170400	0.176700	0.199300	0.183000	0.228200	0.172400	0.174400	0.158600	0.159900	0.110300	0.188900	0.188200
1462547.8	0.235400	0.193000	0.207600	0.191400	0.191100	0.223500	0.171600	0.197200	0.175000	0.197000	0.218300	0.168700	0.172900	0.168900	0.186000	0.188200	0.157800	0.178100	0.181500	0.183500	0.185700	0.175800	0.222800	0.162200	0.172500	0.147400	0.151800	0.102100	0.184600	0.186000
1467505.6	0.232400	0.191100	0.203800	0.188100	0.187600	0.215200	0.168900	0.192000	0.172000	0.191700	0.211200	0.167300	0.171100	0.166400	0.180600	0.185700	0.154300	0.173800	0.178100	0.180200	0.179100	0.174200	0.221400	0.159000	0.170800	0.145700	0.148400	0.100800	0.182500	0.183400
1472463.4	0.230000	0.189200	0.201300	0.185300	0.185100	0.211100	0.167200	0.189500	0.170500	0.188400	0.207600	0.166400	0.170600	0.165600	0.178100	0.184700	0.151400	0.172000	0.175800	0.178300	0.173700	0.173500	0.220300	0.155300	0.167200	0.142800	0.146400	0.098300	0.180300	0.180900
1477421.2	0.226300	0.188500	0.197900	0.181700	0.181300	0.204000	0.165000	0.184400	0.167700	0.182700	0.202400	0.164000	0.168900	0.163200	0.175300	0.181100	0.148600	0.170700	0.175400	0.175700	0.168100	0.172700	0.218100	0.152400	0.165400	0.141100	0.144100	0.099600	0.178100	0.180300
1482379.0	0.220600	0.183400	0.193600	0.176100	0.177900	0.197000	0.161700	0.179200	0.163400	0.175700	0.196100	0.161700	0.167100	0.162300	0.171200	0.179300	0.147700	0.163000	0.166300	0.168400	0.165000	0.174000	0.217800	0.151700	0.162800	0.142400	0.145600	0.102900	0.175000	0.174000
1487336.8	0.219300	0.181700	0.192500	0.175700	0.178400	0.195100	0.162000	0.179200	0.165400	0.177800	0.195000	0.162100	0.165700	0.158400	0.166200	0.174400	0.144400	0.169800	0.175100	0.175200	0.157600	0.168800	0.214700	0.146700	0.162200	0.136300	0.140100	0.097400	0.172400	0.173100
1492294.6	0.212800	0.177300	0.188600	0.171100	0.174600	0.189900	0.158500	0.173200	0.160900	0.168400	0.189700	0.158800	0.163600	0.157900	0.164400	0.173100	0.143100	0.160500	0.162500	0.166100	0.156300	0.171100	0.214800	0.147500	0.157400	0.138700	0.141200	0.103200	0.171400	0.169700
1497252.4	0.209700	0.174800	0.184700	0.168000	0.171400	0.185100	0.155800	0.171100	0.159900	0.168800	0.186100	0.156700	0.161900	0.154400	0.161400	0.169200	0.141200	0.159600	0.164100	0.166700	0.151600	0.166700	0.210400	0.143700	0.157300	0.134800	0.137800	0.100000	0.167800	0.167100
1502210.1	0.206600	0.171500	0.183500	0.167800	0.169700	0.182600	0.155200	0.169500	0.159700	0.168200	0.183500	0.156100	0.160300	0.153000	0.158200	0.166400	0.139900	0.159700	0.163500	0.165700	0.147600	0.164000	0.208600	0.141200	0.151800	0.130600	0.132600	0.097100	0.166100	0.164800
1507167.9	0.205100	0.170500	0.182200	0.168100	0.169400	0.181300	0.154100	0.168500	0.159300	0.169300	0.182800	0.155300	0.159500	0.150000	0.155800	0.163000	0.138000	0.162100	0.167900	0.168300	0.143600	0.161000	0.206900	0.138300	0.152700	0.126400	0.129300	0.092100	0.164900	0.164100
1512125.7	0.200700	0.167300	0.178000	0.164100	0.164700	0.176700	0.151400	0.165300	0.157600	0.164700	0.179300	0.153300	0.158400	0.148900	0.153300	0.160200	0.136700	0.156900	0.161800	0.163300	0.141300	0.160100	0.204700	0.137400	0.149000	0.124900	0.127600	0.092100	0.162200	0.161200
1517083.5	0.199300	0.166600	0.178400	0.165100	0.165400	0.175800	0.150600	0.164600	0.158400	0.166100	0.178700	0.153300	0.156300	0.146000	0.150500	0.157100	0.135500	0.160700	0.167200	0.166900	0.138400	0.157700	0.203100	0.135300	0.148900	0.122500	0.124500	0.091500	0.160800	0.160000
1522041.3	0.196800	0.163600	0.175300	0.162700	0.162800	0.173300	0.149000	0.162000	0.156200	0.162300	0.175900	0.151800	0.155800	0.146700	0.150700	0.156200	0.135300	0.157000	0.161300	0.162700	0.138200	0.157900	0.203100	0.135400	0.146600	0.122000	0.124300	0.093100	0.159900	0.160100
1526999.1	0.193100	0.160900	0.173500	0.160600	0.161200	0.170200	0.147500	0.160000	0.153900	0.159700	0.172900	0.150600	0.155000	0.146500	0.149300	0.153200	0.135900	0.152300	0.155000	0.157500	0.137600	0.158000	0.202600	0.135300	0.145500	0.121400	0.124000	0.093300	0.159200	0.158100
1531956.9	0.192200	0.160900	0.172200	0.160400	0.160900	0.170000	0.147800	0.159800	0.155500	0.161100	0.173400	0.150200	0.154100	0.144200	0.146800	0.151800	0.133400	0.156100	0.161100	0.161400	0.133700	0.154100	0.200000	0.133000	0.144400	0.117600	0.119800	0.089600	0.157100	0.158000
1536914.7	0.190200	0.159600	0.170900	0.158500	0.157200	0.167400	0.145400	0.157000	0.151700	0.156900	0.170100	0.148200	0.152500	0.145000	0.148500	0.151400	0.134600	0.150600	0.155600	0.156600	0.136200	0.157000	0.200600	0.134700	0.142900	0.120600	0.122400	0.094800	0.156200	0.156200
1541872.5	0.187600	0.158300	0.168700	0.158700	0.158000	0.167400	0.145500	0.157900	0.152600	0.154600	0.169800	0.149000	0.152800	0.144600	0.147500	0.149600	0.134300	0.149900	0.153300	0.154300	0.135500	0.156800	0.201600	0.134900	0.141000	0.119900	0.121700	0.094300	0.156200	0.154100
1546830.2	0.187100	0.157000	0.169900	0.162200	0.160500	0.167900	0.146400	0.159200	0.155200	0.161300	0.171100	0.149800	0.151800	0.141500	0.144000	0.147800	0.131800	0.156000	0.161900	0.162100	0.130700	0.152400	0.198600	0.130900	0.143100	0.113300	0.116700	0.088300	0.154400	0.154800
1551788.0	0.186600	0.156700	0.168900	0.159700	0.158600	0.166900	0.145800	0.157300	0.154500	0.158900	0.170000	0.149100	0.152300	0.142000	0.144900	0.147700	0.133200	0.152800	0.158800	0.158400	0.131100	0.153200	0.199500	0.131600	0.143200	0.114500	0.117300	0.088500	0.153600	0.155600
1556745.8	0.183800	0.155700	0.167000	0.157800	0.156800	0.165100	0.144300	0.156400	0.153200	0.156900	0.168500	0.146800	0.150700	0.141500	0.142100	0.145400	0.131900	0.151300	0.157200	0.156200	0.130300	0.152300	0.197800	0.130900	0.140600	0.113700	0.116300	0.088700	0.152400	0.153700
1561703.6	0.180700	0.153500	0.163700	0.157000	0.155600	0.164000	0.143000	0.155000	0.151200	0.153600	0.167000	0.146400	0.149800	0.141200	0.143200	0.144100	0.132400	0.148400	0.152300	0.153000	0.130900	0.152700	0.197900	0.131800	0.138200	0.113600	0.117100	0.089000	0.151100	0.151200
1566661.4	0.178000	0.152000	0.162000	0.156100	0.152300	0.162100	0.141400	0.153000	0.149200	0.149900	0.164600	0.145200	0.148900	0.141700	0.144000	0.144100	0.132500	0.144000	0.147400	0.148600	0.132000	0.155700	0.199600	0.133200	0.137000	0.116900	0.119600	0.095200	0.150400	0.150000
1571619.2	0.177600	0.151500	0.162600	0.156700	0.154100	0.162700	0.142600	0.154300	0.150600	0.155300	0.166200	0.145400	0.148600	0.139600	0.142300	0.143200	0.131300	0.148500	0.153500	0.153400	0.129400	0.152600	0.197300	0.130600	0.138200	0.112600	0.115400	0.089900	0.149400	0.150500
1576577.0	0.179700	0.152800	0.165600	0.160700	0.157300	0.165000	0.144400	0.156700	0.153700	0.156900	0.168100	0.147400	0.149000	0.139000	0.140600	0.143300	0.130700	0.155100	0.161200	0.159600	0.128100	0.150100	0.196200	0.129300	0.138700	0.111800	0.114300	0.087800	0.149800	0.151100
1581534.8	0.176300	0.151800	0.161400	0.157700	0.153300	0.161300	0.141600	0.152400	0.148400	0.151800	0.163800	0.145700	0.148500	0.141000	0.142000	0.141600	0.131600	0.146700	0.150000	0.149500	0.130200	0.152900	0.197300	0.132100	0.137000	0.114000	0.116500	0.090900	0.149200	0.148800
1586492.6	0.175000	0.150200	0.161200	0.155300	0.151800	0.160600	0.141200	0.151300	0.148900	0.149600	0.163400	0.144600	0.148000	0.139900	0.141900	0.141800	0.131300	0.144000	0.147700	0.148900	0.130600	0.153600	0.197400	0.132900	0.139200	0.115000	0.116100	0.093100	0.148400	0.150100
1591450.3	0.174200	0.149800	0.160500	0.157100	0.153000	0.160700	0.141600	0.151900	0.149300	0.152100	0.163600	0.144800	0.148100	0.140100	0.143100	0.141600	0.131100	0.144700	0.148800	0.149400	0.129800	0.152100	0.197700	0.131600	0.136900	0.114600	0.116700	0.092400	0.147800	0.148500
1596408.1	0.174600	0.150800	0.161800	0.158000	0.155000	0.161800	0.142900	0.154300	0.150800	0.155200	0.165000	0.145000	0.147200	0.137500	0.139300	0.140000	0.129200	0.151200	0.157400	0.155300	0.126300	0.148900	0.194700	0.128200	0.135800	0.110400	0.112300	0.087100	0.147500	0.148600
1601365.9	0.173500	0.150000	0.161000	0.156800	0.152200	0.161400	0.142100	0.152900	0.149800	0.154300	0.164400	0.144400	0.146800	0.137300	0.139800	0.138800	0.129400	0.149300	0.155600	0.153900	0.126700	0.148900	0.194900	0.128300	0.136400	0.109700	0.112700	0.087500	0.147100	0.148800
1606323.7	0.173500	0.149300	0.161200	0.160100	0.154700	0.161000	0.142700	0.153700	0.151400	0.155100	0.164900	0.144500	0.146700	0.136600	0.139600	0.138500	0.128400	0.151100	0.157800	0.155600	0.126000	0.147100	0.193400	0.126900	0.135700	0.108800	0.110500	0.083900	0.145800	0.148200
1611281.5	0.172700	0.149200	0.160300	0.156000	0.153000	0.161000	0.141900	0.153100	0.149000	0.153500	0.163300	0.144900	0.147400	0.138100	0.139900	0.139200	0.130400	0.146400	0.150800	0.150300	0.128800	0.151300	0.196300	0.131200	0.135900	0.111700	0.114200	0.090700	0.146700	0.147900
1616239.3	0.171700	0.148500	0.159000	0.156100	0.151200	0.159900	0.140800	0.152100	0.149500	0.151200	0.163200	0.143900	0.146900	0.137700	0.140100	0.140200	0.130500	0.145600	0.149100	0.149400	0.129100	0.151100	0.196400	0.130600	0.135900	0.111600	0.113200	0.090000	0.145700	0.147800
1621197.1	0.171300	0.148400	0.158400	0.157600	0.151000	0.160300	0.140500	0.152400	0.149300	0.150300	0.162000	0.143400	0.147000	0.137700	0.140100	0.139600	0.129600	0.145700	0.150800	0.150100	0.128000	0.149900	0.195400	0.129700	0.134900	0.111000	0.113700	0.089800	0.145300	0.146800
