VERSION	1200
Time[MSec.]	Ratio	Ratio	Ratio	Ratio	Ratio	Ratio	Ratio	Ratio	Ratio	Ratio	Ratio	Ratio	Ratio	Ratio	Ratio	Ratio	Ratio	Ratio	Ratio	Ratio	Ratio	Ratio	Ratio	Ratio
%.1f	%.4f	%.4f	%.4f	%.4f	%.4f	%.4f	%.4f	%.4f	%.4f	%.4f	%.4f	%.4f	%.4f	%.4f	%.4f	%.4f	%.4f	%.4f	%.4f	%.4f	%.4f	%.4f	%.4f	%.4f
Time	ROI(1-1)	ROI(1-2)	ROI(1-3)	ROI(1-4)	ROI(1-5)	ROI(1-6)	ROI(1-7)	ROI(1-8)	ROI(1-9)	ROI(1-10)	ROI(1-11)	ROI(1-12)	ROI(1-13)	ROI(1-14)	ROI(1-15)	ROI(1-16)	ROI(1-17)	ROI(1-18)	ROI(1-19)	ROI(1-20)	ROI(1-21)	ROI(1-22)	ROI(1-23)	ROI(1-24)
GraphNo	1	2	3	4	5	6	7	8	9	10	11	12	13	14	15	16	17	18	19	20	21	22	23	24
0.0	0.173100	0.161700	0.151000	0.145900	0.172600	0.139900	0.154300	0.145500	0.155300	0.173200	0.167500	0.184200	0.175400	0.163400	0.167900	0.102500	0.127400	0.154000	0.121300	0.162000	0.182700	0.180800	0.184900	0.156800
5095.5	0.173100	0.161000	0.152600	0.143500	0.169200	0.140600	0.154300	0.145100	0.154900	0.171800	0.165700	0.186600	0.179600	0.164000	0.169000	0.101600	0.125100	0.151800	0.118800	0.162800	0.182800	0.181700	0.187600	0.155600
10191.0	0.173600	0.163400	0.154000	0.146800	0.172800	0.142100	0.157300	0.147800	0.157500	0.174700	0.170300	0.185600	0.179000	0.165800	0.172200	0.104300	0.129500	0.155800	0.122900	0.165200	0.184200	0.182200	0.187300	0.158600
15286.5	0.175200	0.165400	0.156400	0.146100	0.171200	0.142700	0.156900	0.147600	0.158200	0.174100	0.169900	0.186900	0.181600	0.165900	0.172600	0.104600	0.128600	0.155400	0.121400	0.164700	0.183700	0.184700	0.189500	0.159000
20382.0	0.175100	0.165200	0.156300	0.150600	0.175200	0.144700	0.156600	0.149100	0.159300	0.175700	0.173700	0.183300	0.173900	0.164100	0.169200	0.106100	0.132300	0.157700	0.121500	0.165100	0.182700	0.180100	0.184700	0.158800
25477.5	0.172900	0.164900	0.156100	0.151300	0.175500	0.141500	0.155800	0.148300	0.157900	0.174400	0.173500	0.180500	0.170100	0.162700	0.166600	0.108400	0.134500	0.157600	0.126500	0.162300	0.180600	0.177600	0.181900	0.157100
30573.0	0.173400	0.163000	0.153400	0.144700	0.169400	0.140600	0.155800	0.147000	0.156800	0.172800	0.168100	0.186600	0.180700	0.164900	0.171800	0.102000	0.127100	0.153700	0.119000	0.166500	0.182400	0.181700	0.186500	0.156900
35668.5	0.172000	0.162500	0.152600	0.144800	0.170300	0.140200	0.154400	0.146700	0.156600	0.172000	0.168900	0.185600	0.178200	0.162900	0.168200	0.102300	0.127600	0.153300	0.118500	0.163700	0.181500	0.180300	0.183400	0.156300
40764.0	0.174800	0.165100	0.155500	0.146800	0.173400	0.140300	0.155800	0.147400	0.157500	0.174000	0.171500	0.183100	0.175000	0.162800	0.169000	0.103700	0.131400	0.156200	0.119900	0.165400	0.180800	0.181100	0.183700	0.158600
45859.5	0.169300	0.162300	0.153500	0.145700	0.170600	0.137300	0.152900	0.146500	0.156200	0.170600	0.170000	0.180900	0.172900	0.159900	0.166100	0.104000	0.131300	0.155200	0.119400	0.162900	0.178000	0.176700	0.178700	0.156000
50955.1	0.170800	0.161800	0.153400	0.145200	0.169500	0.140500	0.154100	0.146400	0.155900	0.171700	0.169100	0.183200	0.175600	0.161300	0.165600	0.102500	0.127700	0.153100	0.119800	0.163700	0.179900	0.177500	0.182300	0.155200
56050.6	0.170800	0.162200	0.154100	0.144900	0.169400	0.139400	0.152100	0.146200	0.156000	0.171900	0.168600	0.181400	0.173000	0.159800	0.166000	0.102400	0.127100	0.153200	0.118600	0.161700	0.178500	0.176500	0.178600	0.154700
61146.1	0.170700	0.162200	0.152900	0.142800	0.169300	0.138800	0.152500	0.145100	0.155500	0.171000	0.166900	0.182000	0.175600	0.160900	0.166300	0.101100	0.125900	0.152000	0.117300	0.162600	0.178800	0.178000	0.179700	0.154800
66241.6	0.171500	0.162100	0.154500	0.144500	0.170400	0.135900	0.151300	0.146200	0.155700	0.170600	0.168500	0.181000	0.172900	0.159500	0.163400	0.103200	0.127900	0.153200	0.119100	0.160300	0.178500	0.176400	0.178000	0.153800
71337.1	0.171200	0.163000	0.155000	0.148100	0.173800	0.141500	0.154100	0.147700	0.158400	0.173300	0.171300	0.182000	0.174300	0.161300	0.165700	0.104700	0.129200	0.155500	0.123300	0.162100	0.179700	0.178600	0.177900	0.156600
76432.6	0.174600	0.163300	0.154300	0.144700	0.171100	0.139700	0.153900	0.146900	0.157000	0.172100	0.169800	0.186100	0.177600	0.160100	0.167400	0.103200	0.127900	0.154400	0.118700	0.164200	0.181300	0.180900	0.179700	0.156400
81528.1	0.171600	0.162500	0.153900	0.148100	0.174100	0.138600	0.152100	0.147800	0.157400	0.172400	0.171100	0.177600	0.168300	0.156400	0.163500	0.106200	0.131200	0.155800	0.121600	0.158900	0.177100	0.174900	0.174200	0.154800
86623.6	0.171700	0.160500	0.151200	0.142400	0.167600	0.140600	0.152400	0.146300	0.156600	0.171200	0.168000	0.185000	0.179100	0.158700	0.167100	0.101400	0.125200	0.153200	0.117000	0.163900	0.180400	0.179300	0.177900	0.154600
91719.1	0.171300	0.161000	0.154100	0.141600	0.167200	0.138400	0.152500	0.145900	0.155800	0.170700	0.167600	0.183900	0.178500	0.157900	0.168000	0.101400	0.126100	0.154200	0.115000	0.163700	0.180200	0.179300	0.178900	0.153400
96814.6	0.171300	0.160800	0.153000	0.140700	0.165700	0.138300	0.152700	0.145900	0.155400	0.170500	0.166700	0.183200	0.177700	0.157800	0.165800	0.102000	0.124800	0.152700	0.115400	0.163100	0.178400	0.177800	0.176900	0.153000
101910.1	0.168500	0.159100	0.151300	0.139300	0.165500	0.135600	0.153100	0.144900	0.155200	0.170000	0.165400	0.182000	0.177400	0.157100	0.165300	0.101100	0.123100	0.151700	0.115000	0.160600	0.177700	0.177300	0.172900	0.152400
107005.6	0.170300	0.159300	0.151900	0.138800	0.165500	0.135100	0.152300	0.144900	0.154700	0.170300	0.166000	0.182600	0.178000	0.157200	0.164700	0.101100	0.124700	0.153400	0.113100	0.162800	0.177700	0.177300	0.175800	0.151600
112101.1	0.170900	0.158800	0.151000	0.141500	0.167100	0.139300	0.153700	0.148400	0.156700	0.171500	0.168200	0.185700	0.177800	0.159400	0.168800	0.102200	0.125700	0.153900	0.117600	0.164200	0.180000	0.179100	0.176900	0.153400
117196.6	0.169000	0.158100	0.150400	0.141700	0.167300	0.138200	0.152400	0.148500	0.156600	0.171200	0.168100	0.179100	0.172400	0.156900	0.161600	0.102600	0.126600	0.153600	0.118300	0.160500	0.176500	0.176000	0.173000	0.152600
122292.1	0.170000	0.157900	0.150900	0.142400	0.168200	0.138000	0.153000	0.148600	0.156600	0.170700	0.168000	0.179900	0.171400	0.158200	0.164800	0.103100	0.127100	0.154100	0.118700	0.160100	0.176700	0.175500	0.170600	0.151900
127387.6	0.169800	0.157100	0.149200	0.141600	0.166300	0.136700	0.151600	0.148300	0.156100	0.169800	0.166800	0.179800	0.173400	0.158200	0.164100	0.103500	0.127500	0.153500	0.118300	0.159500	0.176900	0.176100	0.171000	0.152000
132483.2	0.170700	0.157900	0.151700	0.142200	0.167100	0.138500	0.152200	0.149100	0.156100	0.170800	0.167600	0.180500	0.174000	0.158100	0.165200	0.103100	0.127300	0.154000	0.118900	0.161100	0.176500	0.176300	0.173300	0.151900
137578.7	0.172800	0.158500	0.150900	0.140700	0.165700	0.138200	0.154400	0.151400	0.157300	0.172000	0.168500	0.183400	0.176600	0.160300	0.165100	0.102200	0.127600	0.154900	0.117800	0.162500	0.179900	0.179300	0.173900	0.152700
142674.2	0.171100	0.157500	0.150200	0.141200	0.165800	0.137700	0.154200	0.150300	0.157600	0.172100	0.167900	0.184900	0.176700	0.160800	0.169000	0.103200	0.127800	0.155400	0.116600	0.161900	0.178700	0.178200	0.175000	0.153100
147769.7	0.176800	0.159100	0.151600	0.145500	0.169100	0.140500	0.155300	0.152200	0.158800	0.172200	0.169900	0.183600	0.172100	0.160500	0.167200	0.106300	0.133900	0.158700	0.121900	0.161100	0.179600	0.177500	0.172600	0.154000
152865.2	0.175600	0.158800	0.150500	0.145500	0.169700	0.147900	0.158700	0.154000	0.161300	0.174500	0.170300	0.189800	0.178200	0.163500	0.175800	0.104100	0.132300	0.158800	0.119800	0.162500	0.181100	0.179500	0.175000	0.156900
157960.7	0.183700	0.164300	0.156900	0.149700	0.175800	0.150300	0.163800	0.158400	0.166700	0.177600	0.175000	0.198200	0.184300	0.167900	0.177900	0.108800	0.137700	0.163200	0.123900	0.165400	0.187300	0.185100	0.183000	0.162400
163056.2	0.189400	0.168800	0.160500	0.154300	0.180200	0.158900	0.170200	0.162700	0.171400	0.183800	0.180300	0.206600	0.188500	0.174700	0.189800	0.110500	0.144300	0.170200	0.128500	0.167400	0.189900	0.190800	0.185700	0.168400
168151.7	0.196900	0.176100	0.167900	0.162700	0.189100	0.168500	0.176100	0.169300	0.176500	0.187900	0.184900	0.212000	0.191800	0.179600	0.191900	0.117400	0.155100	0.178100	0.135400	0.169900	0.193400	0.190900	0.193300	0.173400
173247.2	0.206700	0.180700	0.173400	0.164500	0.192100	0.177900	0.184300	0.174600	0.182700	0.193600	0.189400	0.225700	0.204600	0.190000	0.207400	0.117600	0.156900	0.182900	0.134700	0.177000	0.201200	0.200000	0.200700	0.181600
178342.7	0.214900	0.187100	0.179000	0.170000	0.198800	0.184200	0.191300	0.180200	0.187500	0.199000	0.194600	0.230000	0.205100	0.198000	0.212200	0.119400	0.163500	0.188900	0.141100	0.177400	0.203400	0.202300	0.203400	0.187000
183438.2	0.224100	0.193100	0.186900	0.181400	0.210000	0.188000	0.196600	0.189100	0.193100	0.204800	0.202900	0.228100	0.199400	0.204500	0.212800	0.128300	0.175700	0.198500	0.152100	0.178400	0.203100	0.202500	0.206800	0.193700
188533.7	0.235700	0.198000	0.192800	0.178400	0.211600	0.193000	0.203600	0.193700	0.197000	0.209100	0.203700	0.240000	0.211900	0.213000	0.226100	0.124400	0.169800	0.198400	0.148300	0.190000	0.211200	0.211000	0.216700	0.199100
193629.2	0.241600	0.203200	0.199900	0.181800	0.216500	0.193100	0.205900	0.198300	0.197700	0.210200	0.205600	0.245100	0.214000	0.215300	0.230100	0.127900	0.173600	0.201900	0.154500	0.197000	0.215200	0.215100	0.221800	0.201700
198724.7	0.247400	0.203900	0.202700	0.181000	0.219700	0.195100	0.211400	0.205600	0.201700	0.213200	0.208400	0.251100	0.216100	0.216300	0.236700	0.127100	0.171100	0.203600	0.154300	0.210900	0.219700	0.221600	0.226100	0.205700
203820.2	0.253900	0.207300	0.208800	0.185900	0.226400	0.196900	0.213900	0.211000	0.203400	0.214700	0.210700	0.251000	0.215500	0.212800	0.236900	0.130500	0.174900	0.207700	0.159700	0.209400	0.221000	0.222200	0.230100	0.207500
208915.7	0.261700	0.210300	0.214300	0.189000	0.234100	0.198500	0.216600	0.216500	0.205400	0.216900	0.213300	0.251500	0.212100	0.208800	0.238500	0.134100	0.178000	0.211500	0.164500	0.205800	0.223200	0.222900	0.234400	0.209300
214011.2	0.269600	0.211500	0.214200	0.183600	0.232400	0.197700	0.219200	0.218800	0.205500	0.216100	0.211100	0.262900	0.224100	0.210700	0.246400	0.128900	0.170500	0.208100	0.160100	0.208900	0.232000	0.229800	0.240200	0.211300
219106.7	0.274500	0.212100	0.213000	0.186100	0.238000	0.196700	0.219100	0.221700	0.205900	0.216200	0.212000	0.259000	0.215700	0.204400	0.244300	0.132300	0.175000	0.210400	0.166100	0.207100	0.229700	0.228700	0.242300	0.210700
224202.2	0.275200	0.207800	0.208000	0.187800	0.241300	0.193900	0.218600	0.222800	0.205500	0.215900	0.212400	0.254800	0.210200	0.200100	0.244500	0.134300	0.177100	0.212800	0.168500	0.202700	0.228400	0.226800	0.239400	0.209400
229297.8	0.284400	0.210200	0.208500	0.184800	0.240100	0.197300	0.224300	0.227000	0.207500	0.217200	0.211900	0.264800	0.219400	0.202600	0.250300	0.133800	0.174100	0.212100	0.164200	0.203500	0.232200	0.231300	0.248200	0.213000
234393.3	0.285000	0.206400	0.201500	0.179300	0.237000	0.194500	0.223700	0.228600	0.206700	0.216100	0.207600	0.270200	0.225400	0.202600	0.254100	0.127100	0.166300	0.208000	0.156900	0.202400	0.234800	0.232700	0.251600	0.212500
239488.8	0.287500	0.207500	0.201000	0.179800	0.238600	0.196500	0.225100	0.228500	0.206200	0.214700	0.206800	0.271600	0.224200	0.200300	0.255600	0.128100	0.168100	0.207900	0.159400	0.201100	0.235200	0.233400	0.250500	0.212700
244584.3	0.288200	0.206600	0.201400	0.182700	0.243300	0.190400	0.225800	0.231200	0.206700	0.215300	0.208600	0.264700	0.214400	0.196600	0.250700	0.131300	0.170600	0.210000	0.162600	0.196800	0.235600	0.231100	0.252500	0.212300
249679.8	0.284500	0.203500	0.197300	0.178000	0.239900	0.188500	0.224100	0.229500	0.203300	0.211800	0.203300	0.262100	0.213500	0.193200	0.246800	0.129400	0.165800	0.206100	0.159100	0.192400	0.233100	0.227500	0.248100	0.208900
254775.3	0.285100	0.203100	0.193700	0.178000	0.239300	0.188300	0.223700	0.230900	0.203300	0.211900	0.203100	0.265800	0.214300	0.193100	0.249400	0.128800	0.165500	0.205300	0.158400	0.194300	0.233400	0.230600	0.249300	0.208900
259870.8	0.289800	0.200400	0.193200	0.174200	0.238200	0.185900	0.223000	0.231800	0.202600	0.210400	0.200000	0.266300	0.217100	0.192700	0.249100	0.128100	0.163900	0.204100	0.154500	0.194100	0.235300	0.231300	0.253200	0.208700
264966.3	0.283400	0.203600	0.194900	0.182300	0.247300	0.184500	0.224800	0.235700	0.204600	0.211600	0.203800	0.255100	0.203500	0.188500	0.244400	0.133900	0.171000	0.208300	0.166400	0.189300	0.231900	0.226800	0.247300	0.207900
270061.8	0.282800	0.201900	0.192800	0.178200	0.243900	0.186100	0.222900	0.235500	0.203400	0.210000	0.201000	0.262100	0.209500	0.188500	0.246500	0.129900	0.166600	0.206400	0.161900	0.188500	0.233200	0.228900	0.251800	0.207200
275157.3	0.278000	0.199600	0.189900	0.174800	0.242500	0.182700	0.221800	0.238100	0.202100	0.208900	0.199400	0.259100	0.207100	0.185900	0.242100	0.127400	0.164200	0.204400	0.154700	0.189800	0.232000	0.229100	0.249900	0.206000
280252.8	0.273000	0.195800	0.185800	0.173100	0.239800	0.180000	0.217100	0.233500	0.198500	0.204200	0.195300	0.254700	0.201800	0.181600	0.238200	0.128800	0.162700	0.200500	0.156200	0.184500	0.228200	0.224400	0.247900	0.201800
285348.3	0.270100	0.194100	0.183400	0.171000	0.238400	0.179500	0.216000	0.232800	0.197500	0.203700	0.194500	0.251900	0.200000	0.180800	0.238400	0.128300	0.160800	0.199600	0.152700	0.183500	0.226800	0.222800	0.246700	0.200400
290443.8	0.269600	0.191000	0.181500	0.164200	0.232500	0.176000	0.214000	0.229500	0.195300	0.201800	0.190000	0.257600	0.208400	0.181800	0.238800	0.122500	0.153700	0.196100	0.146200	0.185100	0.228200	0.225900	0.246700	0.198900
295539.3	0.267800	0.190900	0.178700	0.163500	0.231900	0.174600	0.213200	0.226700	0.193800	0.200200	0.188400	0.256000	0.205000	0.179700	0.235800	0.121900	0.153600	0.194600	0.144900	0.184700	0.230400	0.226200	0.245500	0.197100
300634.8	0.265200	0.189500	0.178900	0.165600	0.234200	0.174600	0.211000	0.226500	0.193600	0.199900	0.189300	0.246600	0.195900	0.175900	0.228300	0.125200	0.154900	0.195800	0.150300	0.180600	0.225800	0.221800	0.242100	0.195000
305730.3	0.263600	0.188000	0.176700	0.164700	0.231800	0.174400	0.209700	0.223100	0.192300	0.198100	0.187800	0.245900	0.195400	0.175500	0.231000	0.123400	0.155000	0.195200	0.149000	0.180600	0.226900	0.221900	0.241600	0.193500
310825.8	0.261400	0.184300	0.173500	0.161000	0.230100	0.170000	0.207700	0.221100	0.189000	0.195700	0.183800	0.246800	0.196400	0.173500	0.227100	0.121700	0.150600	0.191100	0.145400	0.179300	0.224600	0.220900	0.241000	0.190500
315921.3	0.261900	0.184400	0.173500	0.160200	0.230300	0.169100	0.206400	0.222200	0.190000	0.195500	0.184500	0.242900	0.191300	0.171700	0.224400	0.122700	0.150900	0.191100	0.142900	0.178100	0.223400	0.218700	0.240100	0.189900
321016.8	0.261000	0.183100	0.171800	0.158500	0.227900	0.167400	0.204800	0.219700	0.188900	0.194300	0.182100	0.244700	0.194800	0.171700	0.225300	0.121700	0.150200	0.191100	0.143900	0.179700	0.223900	0.221300	0.238900	0.188700
326112.3	0.259000	0.181200	0.169800	0.157500	0.226300	0.166600	0.204500	0.217200	0.187300	0.193300	0.181300	0.239300	0.189100	0.170100	0.221700	0.121200	0.147700	0.189400	0.143800	0.176900	0.222700	0.216500	0.235400	0.186700
331207.8	0.267200	0.186200	0.175200	0.163200	0.235300	0.171000	0.210400	0.224500	0.191500	0.196400	0.185500	0.249000	0.195200	0.171800	0.227500	0.125100	0.154100	0.195900	0.149500	0.181300	0.229800	0.224800	0.246100	0.191300
336303.3	0.262500	0.183700	0.171600	0.158200	0.229600	0.170100	0.207500	0.219600	0.188500	0.194200	0.181500	0.243500	0.191600	0.169500	0.223500	0.118900	0.148100	0.191200	0.142100	0.181200	0.223400	0.220700	0.243700	0.188400
341398.9	0.260600	0.182100	0.171200	0.157900	0.228500	0.168500	0.206300	0.217300	0.187600	0.192600	0.180200	0.242900	0.191600	0.169000	0.220300	0.120800	0.148700	0.191100	0.141800	0.179900	0.222700	0.219500	0.243600	0.186000
346494.4	0.258400	0.178800	0.168300	0.152000	0.222900	0.168200	0.204900	0.213200	0.184800	0.190500	0.175200	0.247000	0.197700	0.169500	0.224600	0.117200	0.140500	0.186100	0.136100	0.182000	0.225500	0.222900	0.244700	0.184800
351589.9	0.255000	0.179200	0.167400	0.156300	0.225800	0.166200	0.203300	0.215100	0.185000	0.191600	0.178600	0.235700	0.185200	0.165900	0.216100	0.121200	0.147500	0.190300	0.143000	0.176600	0.221400	0.217800	0.238300	0.183900
356685.4	0.255500	0.177700	0.165900	0.152500	0.223500	0.166000	0.203900	0.213400	0.184500	0.190700	0.175900	0.242600	0.192900	0.168300	0.219200	0.116300	0.142600	0.187900	0.137400	0.182300	0.227200	0.220700	0.244600	0.183400
361780.9	0.252700	0.175200	0.163800	0.150200	0.220200	0.163200	0.200800	0.211200	0.182300	0.188900	0.174600	0.236400	0.187800	0.164800	0.214100	0.116900	0.140200	0.185000	0.135400	0.178000	0.223100	0.217200	0.235900	0.180500
366876.4	0.249500	0.173500	0.161500	0.151800	0.220600	0.162200	0.198700	0.210400	0.181000	0.187200	0.174200	0.230500	0.180400	0.162200	0.209000	0.117500	0.141800	0.185900	0.137500	0.173900	0.216200	0.212900	0.231100	0.179100
371971.9	0.249900	0.174500	0.161400	0.154700	0.224000	0.160700	0.196900	0.209900	0.180600	0.186900	0.175300	0.225900	0.176500	0.159700	0.206000	0.121100	0.146700	0.188400	0.141900	0.172500	0.216400	0.210500	0.229500	0.177900
377067.4	0.251300	0.172900	0.160300	0.148300	0.218600	0.162000	0.198400	0.210000	0.181600	0.188100	0.172700	0.234100	0.185500	0.163600	0.210700	0.114000	0.138500	0.185600	0.131700	0.176600	0.221100	0.216700	0.233000	0.179100
382162.9	0.250600	0.173100	0.160700	0.150900	0.221500	0.161100	0.195900	0.209600	0.179300	0.185900	0.172600	0.227200	0.177400	0.159800	0.205400	0.116600	0.141100	0.185600	0.137000	0.173700	0.217400	0.210700	0.229700	0.176700
387258.4	0.253500	0.173600	0.160600	0.148500	0.220300	0.161300	0.198800	0.208700	0.180000	0.186500	0.172000	0.232000	0.183500	0.162300	0.208100	0.115700	0.140000	0.184900	0.133500	0.176700	0.220100	0.215600	0.232300	0.178000
392353.9	0.252400	0.173300	0.161300	0.148200	0.219200	0.161100	0.196500	0.208100	0.178500	0.185200	0.171700	0.229900	0.183100	0.161000	0.206400	0.115600	0.140500	0.184700	0.135500	0.175900	0.216100	0.214100	0.234200	0.176500
397449.4	0.249900	0.172200	0.159700	0.147900	0.221200	0.160800	0.195900	0.208000	0.178100	0.185000	0.170200	0.229300	0.180000	0.159700	0.204700	0.115100	0.137600	0.183500	0.134500	0.175100	0.216800	0.213100	0.229400	0.175900
402544.9	0.250800	0.171700	0.159500	0.146700	0.219600	0.160000	0.196400	0.208800	0.178500	0.185300	0.170800	0.230500	0.182600	0.160900	0.205600	0.115300	0.138000	0.185100	0.134400	0.174700	0.220000	0.215500	0.230900	0.176100
407640.4	0.246000	0.170200	0.156300	0.147500	0.219600	0.159700	0.195900	0.208500	0.178000	0.184700	0.170200	0.227000	0.177500	0.159200	0.203300	0.115800	0.138200	0.184700	0.134300	0.172200	0.217800	0.212700	0.230100	0.174900
412735.9	0.248600	0.171500	0.157500	0.144700	0.219300	0.160000	0.194700	0.208700	0.177300	0.183800	0.168600	0.229400	0.181300	0.159100	0.203800	0.112600	0.135700	0.182900	0.130300	0.174000	0.218100	0.213100	0.231700	0.174600
417831.4	0.249400	0.170600	0.156900	0.144100	0.217600	0.161300	0.194400	0.206900	0.176900	0.183200	0.167300	0.229900	0.181900	0.158700	0.202600	0.114100	0.133900	0.182000	0.132400	0.175100	0.217600	0.213500	0.234200	0.174400
422926.9	0.246300	0.170300	0.157800	0.145300	0.218800	0.158700	0.194000	0.206000	0.175600	0.181900	0.168200	0.224600	0.176700	0.157000	0.198500	0.114500	0.138200	0.183200	0.134200	0.171400	0.215300	0.211300	0.231900	0.172200
428022.4	0.246900	0.168300	0.155400	0.140600	0.213500	0.158400	0.194100	0.205900	0.175400	0.182000	0.165500	0.230700	0.184400	0.159200	0.205700	0.110600	0.132000	0.179700	0.125900	0.175100	0.221100	0.214900	0.232900	0.173200
433117.9	0.247300	0.168100	0.154800	0.142300	0.216600	0.157100	0.192200	0.205400	0.175000	0.180900	0.166100	0.227200	0.180600	0.156900	0.200000	0.112100	0.133800	0.180500	0.130500	0.173500	0.217900	0.211900	0.229900	0.172500
438213.4	0.244600	0.168600	0.156000	0.144800	0.219800	0.155900	0.193000	0.205300	0.174600	0.181600	0.167000	0.223900	0.175100	0.155900	0.198000	0.114900	0.136000	0.181900	0.132200	0.171400	0.214300	0.209800	0.228800	0.171500
443308.9	0.243700	0.167500	0.154400	0.143100	0.216500	0.155500	0.192900	0.204300	0.174700	0.181000	0.166100	0.223800	0.176700	0.156200	0.198100	0.113200	0.135100	0.181200	0.132200	0.170800	0.214300	0.208800	0.228800	0.171200
448404.4	0.242200	0.166000	0.153200	0.142600	0.216400	0.156200	0.191600	0.204400	0.173600	0.180300	0.164100	0.223800	0.174200	0.155600	0.194600	0.113800	0.134100	0.180800	0.130000	0.170800	0.214100	0.206700	0.229400	0.170400
453500.0	0.242200	0.166600	0.153400	0.143800	0.217600	0.154900	0.191800	0.204500	0.173800	0.180200	0.165500	0.223100	0.175700	0.154800	0.195200	0.113800	0.135700	0.182100	0.132500	0.169900	0.213500	0.207900	0.228600	0.169900
458595.5	0.242500	0.166300	0.153800	0.142500	0.218200	0.156500	0.191500	0.203500	0.174100	0.180100	0.164800	0.222500	0.173300	0.154100	0.197000	0.113900	0.133200	0.181200	0.130600	0.170000	0.215400	0.208200	0.228600	0.170100
463691.0	0.242800	0.167300	0.154100	0.140300	0.214300	0.155900	0.192000	0.202700	0.173200	0.180000	0.163700	0.226500	0.180300	0.155900	0.198700	0.112300	0.131600	0.180300	0.128900	0.171100	0.217300	0.212300	0.230200	0.170000
468786.5	0.239800	0.164100	0.150600	0.138300	0.213300	0.154000	0.190400	0.202400	0.173100	0.179000	0.162100	0.224100	0.176400	0.154500	0.197400	0.111700	0.129800	0.177900	0.125100	0.171600	0.213600	0.208500	0.228600	0.169600
473882.0	0.240000	0.167000	0.154100	0.142800	0.217700	0.153700	0.189500	0.202100	0.172300	0.179400	0.165200	0.218500	0.171400	0.153200	0.190200	0.115000	0.136100	0.181800	0.132800	0.168400	0.212000	0.205200	0.226200	0.168100
478977.5	0.237400	0.164500	0.151900	0.141100	0.217400	0.152700	0.189300	0.201600	0.172600	0.179700	0.163800	0.216000	0.167400	0.152400	0.190100	0.115000	0.132400	0.180000	0.131600	0.166300	0.210100	0.203900	0.224500	0.168600
484073.0	0.237200	0.164000	0.151300	0.141200	0.215000	0.154300	0.189500	0.200300	0.171900	0.178300	0.162900	0.216000	0.168700	0.152900	0.191600	0.114200	0.133300	0.179700	0.130400	0.168400	0.210700	0.204900	0.225200	0.167700
489168.5	0.236700	0.162700	0.149500	0.139400	0.215500	0.153000	0.190200	0.200700	0.172000	0.178900	0.162600	0.216200	0.168300	0.152100	0.189900	0.113000	0.130500	0.178300	0.127300	0.166700	0.210900	0.204900	0.223100	0.167900
494264.0	0.235900	0.163000	0.149400	0.137800	0.213400	0.152900	0.189900	0.200100	0.171100	0.178900	0.161500	0.219400	0.171800	0.153100	0.191900	0.111300	0.129100	0.178400	0.125800	0.170000	0.211300	0.205100	0.224400	0.167400
499359.5	0.235900	0.162500	0.150000	0.138100	0.212800	0.151900	0.188000	0.199000	0.169900	0.177500	0.161500	0.217400	0.169600	0.151200	0.191000	0.112400	0.131300	0.177900	0.127100	0.167400	0.210700	0.204200	0.224200	0.166600
504455.0	0.236100	0.161600	0.148600	0.136500	0.211300	0.151900	0.189100	0.198400	0.170100	0.176800	0.160100	0.219500	0.172600	0.152600	0.191800	0.110500	0.128500	0.175900	0.125600	0.169400	0.212200	0.205200	0.227100	0.166500
509550.5	0.233700	0.160600	0.147700	0.135700	0.209700	0.150200	0.187900	0.197000	0.168500	0.176500	0.159200	0.219700	0.173500	0.152600	0.191000	0.110700	0.126800	0.175500	0.125700	0.169900	0.211100	0.206500	0.225400	0.166000
514646.0	0.233400	0.160700	0.147500	0.134000	0.209500	0.148700	0.187600	0.196400	0.168200	0.175700	0.158100	0.216200	0.170300	0.151000	0.188100	0.111100	0.124900	0.173400	0.122700	0.167600	0.208300	0.202100	0.222700	0.165200
519741.5	0.230800	0.159500	0.144500	0.131900	0.206900	0.149600	0.187700	0.194900	0.167500	0.175200	0.156600	0.221600	0.177500	0.152400	0.190400	0.108100	0.123100	0.172300	0.119300	0.169800	0.210700	0.205900	0.223100	0.165300
524837.0	0.233100	0.160100	0.147400	0.134100	0.210200	0.148700	0.187000	0.196300	0.168200	0.175900	0.157900	0.215700	0.169400	0.150900	0.187100	0.110100	0.124900	0.173500	0.121100	0.169000	0.209600	0.202400	0.222000	0.165200
529932.5	0.232900	0.160500	0.146300	0.133200	0.208900	0.149800	0.187400	0.195900	0.167800	0.175400	0.157200	0.221100	0.175800	0.152900	0.191400	0.108600	0.124200	0.172600	0.122300	0.169700	0.210900	0.205000	0.224400	0.165300
535028.0	0.230700	0.159000	0.145100	0.130400	0.205800	0.148700	0.185600	0.194700	0.166100	0.173800	0.156000	0.219000	0.174100	0.151400	0.187700	0.106200	0.122000	0.171200	0.118100	0.168400	0.208500	0.204300	0.223100	0.163500
540123.5	0.227700	0.159900	0.147000	0.136100	0.211800	0.147900	0.185400	0.194500	0.167200	0.175200	0.159400	0.210800	0.163300	0.148900	0.183700	0.112700	0.129100	0.175900	0.126100	0.164700	0.206400	0.199200	0.218100	0.163400
545219.0	0.228000	0.157800	0.144200	0.130300	0.206300	0.148600	0.185700	0.191900	0.165100	0.173100	0.155500	0.216900	0.172600	0.150400	0.187000	0.109200	0.123600	0.171100	0.119300	0.168800	0.208000	0.201900	0.219300	0.163200
550314.5	0.227800	0.159200	0.144000	0.130900	0.207500	0.149100	0.185400	0.193300	0.165900	0.174600	0.156300	0.217100	0.173200	0.150400	0.187500	0.107900	0.122500	0.171100	0.120300	0.168100	0.207600	0.202100	0.220200	0.163400
555410.0	0.225500	0.158200	0.145300	0.134400	0.210700	0.146600	0.184600	0.192200	0.165800	0.174100	0.158400	0.211400	0.165200	0.148700	0.182400	0.110800	0.125900	0.172500	0.125700	0.165700	0.203700	0.197600	0.216700	0.162600
560505.5	0.225700	0.157500	0.143900	0.130400	0.206900	0.146100	0.183400	0.190300	0.164700	0.173400	0.155700	0.215500	0.170900	0.150100	0.184000	0.108500	0.122400	0.170300	0.117400	0.166200	0.206000	0.200100	0.218200	0.162700
565601.0	0.226300	0.156600	0.143700	0.128000	0.204600	0.145600	0.183500	0.189000	0.163700	0.172300	0.153800	0.214800	0.171000	0.149600	0.185200	0.107100	0.120300	0.169000	0.116800	0.166900	0.203200	0.199800	0.218900	0.161800
570696.6	0.222600	0.157500	0.143900	0.130700	0.207400	0.145000	0.183400	0.189800	0.164000	0.172800	0.155500	0.210600	0.165200	0.148800	0.181100	0.108500	0.122100	0.169600	0.119000	0.164900	0.203500	0.197600	0.213500	0.161600
575792.1	0.222100	0.156600	0.143600	0.131800	0.207500	0.146900	0.183200	0.189400	0.163500	0.172700	0.156300	0.211300	0.164500	0.148000	0.184200	0.109400	0.124400	0.171500	0.120600	0.163900	0.202300	0.197400	0.213800	0.161300
580887.6	0.221900	0.155300	0.142700	0.130200	0.206400	0.143600	0.181900	0.188800	0.162700	0.172000	0.155200	0.210000	0.165900	0.147300	0.180200	0.108000	0.123200	0.169400	0.119000	0.163600	0.201200	0.195600	0.213400	0.160400
585983.1	0.219700	0.155100	0.141900	0.129800	0.205700	0.143300	0.180500	0.187500	0.162000	0.170800	0.154500	0.208600	0.164600	0.147300	0.177600	0.108600	0.123300	0.169200	0.119200	0.163500	0.198800	0.194500	0.210500	0.159800
591078.6	0.221300	0.154400	0.141500	0.126400	0.203000	0.145000	0.181800	0.185400	0.162000	0.170800	0.152500	0.214300	0.171500	0.150100	0.183800	0.105300	0.119200	0.166700	0.115700	0.166300	0.202700	0.198600	0.213500	0.160600
596174.1	0.220600	0.154400	0.141600	0.128500	0.204400	0.142400	0.181700	0.185800	0.162700	0.170800	0.153300	0.210100	0.166700	0.148300	0.180700	0.106000	0.119800	0.167000	0.116600	0.164400	0.202100	0.196300	0.212800	0.160700
601269.6	0.218600	0.154800	0.141400	0.130500	0.207100	0.143400	0.180300	0.186500	0.161900	0.171600	0.155500	0.206900	0.162100	0.147300	0.177500	0.108800	0.123700	0.169500	0.119900	0.163600	0.197400	0.193900	0.208800	0.159600
606365.1	0.215800	0.153100	0.139200	0.126900	0.201900	0.145100	0.180500	0.185600	0.162200	0.171400	0.153100	0.212200	0.169300	0.149000	0.182600	0.106300	0.118900	0.167000	0.115100	0.165800	0.200500	0.195900	0.210300	0.160600
611460.6	0.216400	0.154200	0.141000	0.128500	0.203800	0.142600	0.179800	0.184700	0.161300	0.170200	0.154200	0.206700	0.163300	0.146800	0.176800	0.108000	0.122200	0.168500	0.116200	0.162600	0.196900	0.192900	0.209600	0.158900
616556.1	0.217400	0.154200	0.140800	0.126000	0.201100	0.142500	0.180300	0.184100	0.160500	0.169600	0.152300	0.211100	0.170000	0.148800	0.179400	0.105600	0.119600	0.165800	0.115400	0.164900	0.199500	0.195800	0.210800	0.159000
621651.6	0.215800	0.152700	0.139500	0.125300	0.200000	0.142700	0.180300	0.183700	0.160200	0.169400	0.151600	0.208500	0.166400	0.147600	0.179100	0.106900	0.117600	0.164700	0.114600	0.164200	0.198600	0.194400	0.208300	0.158600
626747.1	0.214700	0.153200	0.142300	0.128400	0.202600	0.142900	0.178500	0.183700	0.159600	0.168600	0.152700	0.203200	0.160500	0.145900	0.174900	0.109400	0.122800	0.166600	0.118300	0.161800	0.194600	0.190400	0.205100	0.157300
631842.6	0.213000	0.151500	0.138100	0.122500	0.195900	0.141200	0.178600	0.181100	0.158800	0.168200	0.150000	0.211700	0.172100	0.149300	0.179800	0.103600	0.115800	0.162900	0.110600	0.165300	0.199300	0.195200	0.209800	0.158100
636938.1	0.213900	0.154400	0.140600	0.127000	0.202200	0.142800	0.178600	0.183100	0.160400	0.169400	0.152900	0.204300	0.161700	0.146700	0.176000	0.107000	0.120300	0.166000	0.116100	0.162900	0.196700	0.192900	0.205800	0.158100
642033.6	0.213000	0.152600	0.139300	0.127200	0.201600	0.139900	0.176400	0.181600	0.159700	0.168800	0.152600	0.204800	0.161800	0.146600	0.174700	0.106100	0.121700	0.166000	0.117600	0.162000	0.195500	0.192700	0.204400	0.157200
647129.1	0.213000	0.152100	0.138800	0.125200	0.199200	0.140000	0.176600	0.181300	0.158400	0.168600	0.151600	0.206200	0.165000	0.147700	0.177000	0.104700	0.119200	0.164900	0.114600	0.162300	0.196500	0.192500	0.205100	0.157400
652224.6	0.210300	0.152200	0.138500	0.126000	0.200300	0.139100	0.177300	0.180700	0.158400	0.168000	0.152000	0.202600	0.162000	0.145800	0.174200	0.107300	0.119800	0.165200	0.115800	0.161800	0.193600	0.191000	0.204100	0.156600
657320.1	0.211000	0.151700	0.140300	0.127300	0.201900	0.137500	0.175100	0.180700	0.158500	0.167700	0.153000	0.200400	0.159500	0.145100	0.171200	0.108300	0.121800	0.165500	0.116800	0.160100	0.195000	0.189100	0.200800	0.156600
662415.6	0.213100	0.152400	0.139000	0.124400	0.198400	0.140500	0.176500	0.180300	0.158600	0.167800	0.151600	0.204900	0.164500	0.146700	0.176500	0.104700	0.118100	0.164000	0.113100	0.162800	0.196000	0.191600	0.202500	0.156400
667511.1	0.210900	0.153200	0.140900	0.125700	0.200100	0.140600	0.175600	0.179700	0.157900	0.167200	0.152800	0.201800	0.162100	0.146000	0.173100	0.105700	0.122100	0.164700	0.116800	0.161900	0.194200	0.188600	0.203100	0.155800
672606.6	0.211100	0.152600	0.139500	0.123000	0.197900	0.138200	0.175300	0.178600	0.156700	0.166400	0.150800	0.204600	0.165600	0.146500	0.174700	0.105900	0.117500	0.161400	0.111600	0.161600	0.192800	0.191300	0.202000	0.155300
677702.1	0.209200	0.151400	0.138200	0.123600	0.197100	0.138600	0.176700	0.178600	0.157500	0.167200	0.151100	0.202900	0.163800	0.147500	0.173700	0.104500	0.118400	0.162500	0.111200	0.161500	0.193700	0.190700	0.200400	0.156000
682797.6	0.209000	0.152000	0.138700	0.123200	0.195900	0.138100	0.174900	0.178600	0.157300	0.166200	0.150500	0.201200	0.163000	0.146100	0.169600	0.105600	0.118900	0.162400	0.112000	0.162100	0.192400	0.189000	0.201400	0.155600
687893.1	0.207900	0.151900	0.138800	0.124400	0.197400	0.138700	0.174000	0.178100	0.156700	0.166800	0.151600	0.200000	0.161100	0.146200	0.170900	0.105900	0.119600	0.163200	0.112900	0.161800	0.193400	0.189700	0.199300	0.154900
692988.6	0.206100	0.151600	0.140200	0.123400	0.196500	0.137500	0.174300	0.178600	0.157000	0.166300	0.150400	0.200800	0.161500	0.146400	0.170700	0.103700	0.117800	0.160800	0.111800	0.159700	0.192600	0.188000	0.198500	0.154800
698084.2	0.204900	0.150900	0.137200	0.124900	0.197900	0.136200	0.172700	0.177300	0.155900	0.165500	0.151800	0.197300	0.157700	0.144500	0.168300	0.107300	0.119700	0.161800	0.113600	0.159500	0.190700	0.186700	0.194500	0.154100
703179.7	0.203700	0.151700	0.139400	0.122600	0.196300	0.137300	0.172700	0.176400	0.155200	0.165500	0.150700	0.199700	0.162600	0.145600	0.167600	0.105600	0.117500	0.160100	0.111500	0.161400	0.191100	0.186500	0.197200	0.154100
708275.2	0.203300	0.150100	0.137700	0.123800	0.195200	0.138200	0.173400	0.176100	0.155900	0.165800	0.151200	0.198400	0.160100	0.145700	0.171000	0.104800	0.119600	0.161100	0.113200	0.160400	0.191200	0.186300	0.195800	0.153700
713370.7	0.204800	0.151000	0.138800	0.123500	0.196500	0.136600	0.172400	0.176700	0.155900	0.165700	0.150500	0.196700	0.157500	0.145100	0.169700	0.104900	0.118200	0.160700	0.113600	0.160100	0.190800	0.185900	0.196300	0.153700
718466.2	0.201500	0.150200	0.138400	0.123800	0.194400	0.136100	0.171900	0.176200	0.155700	0.165800	0.151000	0.197400	0.160600	0.145500	0.169700	0.105600	0.119600	0.161200	0.112100	0.159500	0.190600	0.186500	0.193900	0.153600
723561.7	0.203300	0.149700	0.137500	0.121000	0.192600	0.137100	0.171400	0.174100	0.154900	0.165200	0.149300	0.199300	0.162300	0.146200	0.169600	0.104000	0.116500	0.159500	0.109600	0.161300	0.190400	0.187600	0.194800	0.153500
728657.2	0.201100	0.150300	0.137500	0.123200	0.194800	0.136100	0.171600	0.175800	0.155700	0.165200	0.150900	0.196300	0.159000	0.145300	0.170200	0.105500	0.118400	0.160800	0.111900	0.159400	0.191900	0.187200	0.194200	0.153400
733752.7	0.201700	0.150400	0.136700	0.121000	0.192600	0.137500	0.170700	0.175000	0.154600	0.165200	0.150000	0.200200	0.164300	0.147000	0.171300	0.103300	0.116500	0.158800	0.110800	0.162300	0.192400	0.188400	0.195900	0.153700
738848.2	0.201600	0.150800	0.137300	0.120400	0.192200	0.136900	0.170600	0.173600	0.153900	0.164000	0.149200	0.199100	0.163500	0.146400	0.171000	0.103700	0.116400	0.158300	0.109400	0.162300	0.190500	0.186800	0.194900	0.152700
743943.7	0.199600	0.149500	0.137000	0.120200	0.191700	0.135100	0.169200	0.173400	0.154200	0.164300	0.149100	0.196900	0.160600	0.145200	0.169000	0.104100	0.115000	0.157900	0.106900	0.160100	0.190300	0.186100	0.193100	0.152200
749039.2	0.197300	0.148900	0.136400	0.121300	0.191300	0.135200	0.169300	0.172000	0.153000	0.163100	0.148700	0.195400	0.159100	0.145100	0.168700	0.105500	0.116600	0.157700	0.110800	0.158500	0.187300	0.186000	0.190900	0.151900
754134.7	0.197000	0.148900	0.136700	0.122700	0.194700	0.135700	0.168100	0.172800	0.153500	0.163900	0.150500	0.192100	0.155100	0.144300	0.165600	0.105600	0.118900	0.159500	0.111000	0.157000	0.187200	0.184500	0.187700	0.151500
759230.2	0.201000	0.149900	0.137600	0.120400	0.191200	0.136000	0.169000	0.172400	0.153700	0.164000	0.148800	0.196000	0.161300	0.145600	0.168500	0.102200	0.115700	0.157100	0.108500	0.161300	0.189400	0.187200	0.192400	0.152600
764325.7	0.195900	0.149500	0.136300	0.123900	0.195200	0.135500	0.167000	0.172200	0.154300	0.164300	0.151100	0.190100	0.153500	0.143100	0.163800	0.104400	0.119700	0.159700	0.113800	0.156000	0.186000	0.181800	0.188000	0.151400
769421.2	0.200000	0.149600	0.137600	0.120000	0.191000	0.137500	0.169000	0.171800	0.153600	0.164100	0.149600	0.199000	0.165700	0.147100	0.171400	0.100800	0.116300	0.157600	0.107300	0.162800	0.192000	0.188900	0.194100	0.152300
774516.7	0.198000	0.149400	0.137100	0.119800	0.189900	0.135800	0.167300	0.169900	0.153100	0.163400	0.148500	0.194800	0.158800	0.144400	0.167300	0.102800	0.116200	0.156800	0.107000	0.158600	0.187600	0.184600	0.190000	0.151200
779612.2	0.197800	0.147200	0.135800	0.122500	0.192700	0.135300	0.166500	0.171100	0.153800	0.163400	0.150100	0.190000	0.154200	0.143600	0.162600	0.104000	0.117200	0.157400	0.111300	0.157800	0.184100	0.182600	0.186800	0.151300
784707.7	0.198900	0.148800	0.136500	0.119200	0.188800	0.132900	0.167300	0.170100	0.152200	0.162400	0.148500	0.193200	0.158300	0.144300	0.166600	0.102400	0.115500	0.156000	0.108700	0.158200	0.185000	0.184100	0.188500	0.150900
789803.2	0.199700	0.150600	0.138200	0.121500	0.191400	0.135700	0.166100	0.170500	0.152000	0.161900	0.149500	0.193400	0.158900	0.144600	0.166300	0.103400	0.118300	0.157300	0.109700	0.159200	0.185600	0.183200	0.189100	0.150600
794898.7	0.198000	0.148600	0.136400	0.121700	0.191200	0.133500	0.165300	0.169600	0.152100	0.162300	0.149400	0.190000	0.156700	0.143900	0.164700	0.103100	0.116900	0.156000	0.108200	0.159100	0.183800	0.181400	0.186600	0.150500
799994.2	0.196300	0.149000	0.136600	0.121600	0.190100	0.135500	0.165700	0.169900	0.152500	0.163100	0.149600	0.191600	0.155600	0.144500	0.164800	0.104300	0.116400	0.157000	0.109700	0.158100	0.185100	0.182300	0.186400	0.150900
805089.7	0.195500	0.148200	0.136600	0.119900	0.189500	0.133300	0.165100	0.168500	0.151900	0.162500	0.148400	0.192100	0.158000	0.144500	0.164100	0.102600	0.115600	0.155400	0.109700	0.157700	0.183300	0.181600	0.187300	0.150400
810185.2	0.194600	0.148400	0.137800	0.121600	0.190900	0.133200	0.164900	0.169700	0.151700	0.162200	0.149800	0.190800	0.155300	0.143400	0.161600	0.103100	0.117900	0.156300	0.107900	0.156700	0.182500	0.181600	0.187900	0.150000
815280.7	0.194300	0.147700	0.135300	0.120100	0.188800	0.132800	0.165000	0.168400	0.152000	0.163000	0.150200	0.192500	0.159500	0.145400	0.163400	0.101000	0.118000	0.156900	0.107000	0.158800	0.184600	0.181500	0.185800	0.150600
820376.3	0.194200	0.147700	0.135900	0.118700	0.187200	0.133500	0.164800	0.168100	0.151800	0.162400	0.148000	0.191900	0.158200	0.144500	0.165200	0.100800	0.114800	0.154300	0.106500	0.157800	0.185600	0.181500	0.185500	0.150100
825471.8	0.192900	0.147100	0.135000	0.118200	0.185900	0.131400	0.164900	0.168000	0.152000	0.162200	0.147300	0.193900	0.162000	0.145300	0.166800	0.099500	0.112900	0.153300	0.105800	0.158200	0.184300	0.183600	0.185000	0.150600
830567.3	0.191400	0.147500	0.135500	0.117400	0.185700	0.133700	0.163800	0.165300	0.150000	0.160700	0.145800	0.194500	0.163700	0.145500	0.165100	0.099200	0.112500	0.152000	0.105100	0.160100	0.184800	0.183300	0.187500	0.149600
835662.8	0.190200	0.147600	0.136200	0.120700	0.187900	0.133700	0.163600	0.167100	0.151100	0.161400	0.148700	0.189000	0.156800	0.143600	0.163300	0.102900	0.116200	0.154400	0.109400	0.156500	0.182700	0.179700	0.182000	0.149100
840758.3	0.191500	0.147800	0.135400	0.119800	0.188400	0.133800	0.163500	0.167100	0.151500	0.162000	0.148600	0.190100	0.158100	0.144900	0.165500	0.100700	0.115600	0.153900	0.106900	0.158100	0.182300	0.180900	0.181700	0.150100
845853.8	0.190200	0.147400	0.135900	0.119800	0.187400	0.131800	0.162400	0.166400	0.150000	0.161100	0.148000	0.187700	0.155800	0.143200	0.163600	0.101700	0.115300	0.153100	0.107500	0.156300	0.181100	0.180100	0.182000	0.148900
850949.3	0.191600	0.147000	0.135700	0.118300	0.184700	0.133300	0.163400	0.166100	0.150600	0.161500	0.147200	0.193000	0.162700	0.146400	0.166900	0.099100	0.113500	0.152400	0.105800	0.160800	0.185000	0.182400	0.184700	0.150000
856044.8	0.188900	0.146500	0.134000	0.121100	0.188400	0.130300	0.162100	0.166500	0.150800	0.162500	0.148900	0.184600	0.153700	0.143000	0.161400	0.102200	0.115700	0.153900	0.107300	0.154200	0.180400	0.178200	0.178800	0.149000
861140.3	0.189200	0.147000	0.135700	0.117300	0.184300	0.128800	0.161300	0.163800	0.149200	0.159900	0.145900	0.190100	0.160200	0.144400	0.161200	0.099900	0.112500	0.150500	0.104700	0.157800	0.182300	0.179800	0.182300	0.148100
866235.8	0.188200	0.147400	0.135900	0.119300	0.186300	0.131800	0.161400	0.165000	0.149500	0.161000	0.147900	0.186900	0.156700	0.143800	0.163500	0.101600	0.115500	0.152700	0.107600	0.156000	0.180900	0.178700	0.179800	0.148200
871331.3	0.186200	0.144900	0.134500	0.119900	0.185700	0.130100	0.160800	0.165100	0.149800	0.160800	0.148200	0.184600	0.153300	0.142900	0.160700	0.100800	0.115500	0.152800	0.107100	0.154700	0.178400	0.177800	0.179300	0.148400
876426.8	0.186600	0.147400	0.135500	0.120500	0.187700	0.131100	0.159800	0.164700	0.150300	0.161400	0.149200	0.183800	0.152000	0.142700	0.160100	0.102000	0.117100	0.153800	0.108700	0.154500	0.179000	0.177700	0.178500	0.148600
881522.3	0.189000	0.146900	0.135600	0.117100	0.183600	0.130000	0.160400	0.163400	0.148800	0.159900	0.146300	0.188300	0.159900	0.144100	0.164000	0.099900	0.114200	0.151400	0.103700	0.158200	0.181600	0.179400	0.181900	0.148000
886617.8	0.187600	0.147200	0.135700	0.119200	0.186400	0.130800	0.159700	0.163800	0.149600	0.160700	0.147900	0.183100	0.153100	0.142400	0.160800	0.103100	0.114500	0.152000	0.107400	0.154900	0.177800	0.175600	0.175900	0.148400
891713.3	0.186700	0.147100	0.136000	0.119500	0.186900	0.130400	0.160600	0.164000	0.149700	0.161000	0.148600	0.183600	0.154000	0.142800	0.161100	0.100700	0.115900	0.152800	0.107800	0.154900	0.177700	0.177000	0.176600	0.148000
896808.8	0.186800	0.145600	0.134400	0.118600	0.184800	0.133100	0.161300	0.163700	0.149800	0.161600	0.148100	0.187600	0.158500	0.145100	0.165600	0.098800	0.114300	0.152000	0.105300	0.156200	0.180200	0.179300	0.177800	0.148900
901904.3	0.186200	0.146900	0.135200	0.120200	0.186100	0.130000	0.159700	0.163400	0.149800	0.161400	0.148200	0.184500	0.154300	0.143600	0.160500	0.101100	0.116900	0.153100	0.108300	0.156700	0.177800	0.176300	0.176800	0.148000
906999.8	0.184900	0.146500	0.135900	0.120600	0.186600	0.130500	0.159300	0.163400	0.149500	0.160900	0.148300	0.183500	0.153800	0.143000	0.161300	0.100700	0.115800	0.152200	0.107500	0.155300	0.178400	0.176200	0.176500	0.147300
912095.3	0.185000	0.146400	0.134700	0.120200	0.186000	0.129300	0.158900	0.163500	0.149200	0.160700	0.149000	0.182200	0.152900	0.142400	0.160800	0.101700	0.116900	0.152300	0.107200	0.153900	0.177000	0.174900	0.174600	0.147600
917190.8	0.183800	0.146600	0.135700	0.121600	0.187000	0.129700	0.157600	0.162300	0.148400	0.159800	0.149100	0.179800	0.150000	0.141300	0.157800	0.101600	0.118300	0.152900	0.109100	0.152900	0.176600	0.173100	0.175100	0.147000
922286.3	0.183100	0.146800	0.134700	0.120300	0.185500	0.128800	0.159800	0.162500	0.149500	0.160900	0.148800	0.182900	0.153500	0.143300	0.160500	0.099900	0.115300	0.151700	0.108700	0.155900	0.179000	0.176900	0.174700	0.147200
927381.8	0.182100	0.145200	0.134200	0.117300	0.182700	0.127900	0.158800	0.160200	0.148100	0.159300	0.145800	0.186100	0.159100	0.143500	0.160700	0.098900	0.112300	0.148700	0.104500	0.157200	0.176100	0.176700	0.177000	0.147200
932477.3	0.182700	0.145700	0.134400	0.118000	0.184100	0.130200	0.157800	0.160700	0.148400	0.159500	0.146400	0.183500	0.156200	0.143200	0.160400	0.098200	0.112600	0.148800	0.105000	0.157400	0.177100	0.176800	0.176500	0.147100
937572.8	0.180400	0.145100	0.134800	0.120800	0.185500	0.127700	0.157300	0.161700	0.148800	0.159900	0.148400	0.179100	0.150800	0.141200	0.156000	0.101600	0.116100	0.151200	0.108200	0.152000	0.174600	0.173400	0.174600	0.146400
942668.3	0.181000	0.145800	0.134600	0.118900	0.183900	0.127400	0.157600	0.160900	0.148500	0.159900	0.147400	0.182800	0.154900	0.142900	0.157700	0.099100	0.114000	0.149800	0.104000	0.155400	0.175500	0.174000	0.176400	0.147000
947763.8	0.179500	0.144900	0.134700	0.118600	0.182100	0.127200	0.155700	0.160100	0.147200	0.158300	0.146800	0.181200	0.153200	0.141900	0.157800	0.100100	0.114200	0.149200	0.105000	0.153400	0.176400	0.173200	0.173900	0.145800
952859.4	0.179900	0.145600	0.133600	0.118800	0.182700	0.127000	0.157300	0.159700	0.147900	0.159300	0.146600	0.182700	0.155900	0.142500	0.160800	0.099200	0.113100	0.148300	0.105500	0.153900	0.176400	0.175000	0.174400	0.146700
957954.9	0.181800	0.146000	0.133800	0.119400	0.184000	0.128400	0.157200	0.160400	0.148400	0.160200	0.147600	0.181800	0.155500	0.142900	0.159500	0.099400	0.113600	0.149100	0.107100	0.155700	0.176000	0.175300	0.175500	0.146200
963050.4	0.180200	0.145200	0.134600	0.118800	0.183500	0.128200	0.157900	0.159200	0.147900	0.159900	0.146700	0.182500	0.156600	0.143600	0.159700	0.100700	0.112400	0.148200	0.104600	0.154000	0.177000	0.175100	0.173300	0.146400
968145.9	0.180800	0.144700	0.132900	0.116600	0.181400	0.128200	0.156800	0.159200	0.147800	0.159300	0.145400	0.184800	0.160000	0.143800	0.161900	0.098500	0.110000	0.147000	0.102500	0.158700	0.177100	0.176900	0.176300	0.146800
973241.4	0.181200	0.145000	0.134600	0.119200	0.182500	0.128900	0.156500	0.159000	0.147700	0.159100	0.146700	0.179700	0.153700	0.141700	0.157500	0.100000	0.113100	0.148400	0.103800	0.154200	0.175000	0.173600	0.173200	0.146200
978336.9	0.179900	0.144700	0.133700	0.118900	0.182100	0.129700	0.156400	0.158700	0.147200	0.158800	0.147000	0.180300	0.155000	0.142400	0.158500	0.098900	0.113800	0.148200	0.105500	0.153400	0.175500	0.173900	0.172800	0.145900
983432.4	0.178500	0.144100	0.132400	0.119500	0.183200	0.127200	0.154600	0.157800	0.146900	0.158500	0.146800	0.177000	0.150200	0.140400	0.156000	0.099100	0.113900	0.147500	0.106300	0.150800	0.172900	0.170100	0.170700	0.145100
988527.9	0.181100	0.145000	0.133800	0.117200	0.181900	0.127100	0.157300	0.158600	0.147400	0.159600	0.146800	0.183000	0.157300	0.144100	0.159700	0.098200	0.112800	0.148500	0.103200	0.156000	0.177000	0.176700	0.174300	0.146000
993623.4	0.179400	0.145600	0.133400	0.119000	0.182300	0.126900	0.155500	0.158500	0.147600	0.159900	0.147900	0.180800	0.154600	0.143000	0.157700	0.099000	0.115300	0.149600	0.104300	0.154100	0.177000	0.174000	0.172700	0.146000
998718.9	0.182300	0.146000	0.136600	0.119200	0.183300	0.126600	0.154700	0.157900	0.146500	0.158400	0.147400	0.178500	0.151900	0.142000	0.155600	0.100100	0.115100	0.148700	0.106800	0.152400	0.173800	0.172200	0.171700	0.145100
1003814.4	0.179900	0.145300	0.133400	0.118100	0.181000	0.128500	0.155600	0.158000	0.147200	0.159200	0.147300	0.179900	0.154700	0.142400	0.156900	0.098500	0.114100	0.148400	0.106200	0.154100	0.175300	0.173500	0.171700	0.145500
1008909.9	0.178000	0.144100	0.133700	0.118900	0.182400	0.127700	0.153300	0.156900	0.146600	0.159000	0.147000	0.176800	0.151300	0.141300	0.155600	0.099800	0.113300	0.148100	0.104900	0.152100	0.171100	0.172000	0.171300	0.144900
1014005.4	0.181200	0.144900	0.133500	0.117500	0.180000	0.126200	0.153600	0.156200	0.146200	0.158400	0.146200	0.180000	0.155600	0.142300	0.157300	0.098400	0.112900	0.147500	0.103400	0.153900	0.174200	0.173000	0.171900	0.144800
1019100.9	0.180600	0.144800	0.134300	0.116100	0.179300	0.126600	0.155000	0.156200	0.146400	0.158200	0.145600	0.181700	0.157900	0.143000	0.157200	0.098400	0.110900	0.145800	0.102400	0.155600	0.175700	0.174800	0.172300	0.145400
1024196.4	0.180200	0.144200	0.133900	0.117900	0.181000	0.126700	0.153600	0.156600	0.146400	0.158900	0.147100	0.177900	0.153000	0.141700	0.157000	0.098500	0.113600	0.147500	0.105100	0.153700	0.172700	0.172500	0.169800	0.144400
1029291.9	0.179000	0.144100	0.134100	0.116900	0.179600	0.126100	0.153100	0.156100	0.146100	0.158400	0.146300	0.178700	0.155400	0.142800	0.154300	0.097600	0.112500	0.146500	0.102500	0.153900	0.173000	0.172600	0.172600	0.144600
1034387.4	0.180100	0.144600	0.134600	0.116600	0.179600	0.126500	0.153500	0.154900	0.146300	0.157500	0.145900	0.178300	0.154500	0.141600	0.155800	0.099700	0.112100	0.146400	0.102400	0.153400	0.173900	0.171800	0.170800	0.144500
1039482.9	0.178800	0.143600	0.133000	0.118300	0.180100	0.125900	0.152700	0.155700	0.145700	0.158500	0.146700	0.177900	0.153300	0.141700	0.154400	0.099000	0.113200	0.147200	0.104100	0.153400	0.173100	0.171800	0.169300	0.144600
1044578.4	0.178900	0.143900	0.133800	0.118500	0.180100	0.124900	0.152200	0.154900	0.145800	0.157400	0.146800	0.175000	0.151900	0.140900	0.156500	0.098500	0.114700	0.146600	0.108200	0.151500	0.170100	0.170000	0.169000	0.143900
1049673.9	0.177300	0.143000	0.131500	0.115300	0.177600	0.127500	0.154000	0.154600	0.145800	0.158400	0.145100	0.180900	0.159600	0.143800	0.157700	0.096900	0.109700	0.144500	0.102000	0.155500	0.174200	0.173800	0.171500	0.144400
1054769.4	0.177000	0.145500	0.134800	0.120900	0.183400	0.125500	0.153000	0.156600	0.146600	0.159100	0.149600	0.172200	0.147200	0.140200	0.152400	0.100200	0.116900	0.149600	0.107200	0.151000	0.170900	0.169500	0.167000	0.144600
1059864.9	0.180400	0.144400	0.134300	0.113800	0.175800	0.127000	0.152900	0.153100	0.145400	0.157000	0.143100	0.184900	0.164400	0.144600	0.160000	0.095900	0.108600	0.143400	0.100500	0.157300	0.175600	0.175100	0.175100	0.144500
1064960.4	0.177900	0.145300	0.133700	0.117600	0.179900	0.125700	0.151900	0.155100	0.145500	0.158000	0.146600	0.175700	0.152600	0.141300	0.153500	0.098100	0.113300	0.146700	0.104300	0.151400	0.170900	0.170600	0.169300	0.143800
1070055.9	0.178000	0.143800	0.133700	0.117100	0.178800	0.126500	0.152000	0.154700	0.145400	0.157900	0.146000	0.176300	0.153500	0.141300	0.153600	0.097200	0.113400	0.146800	0.102600	0.152700	0.172300	0.170900	0.168100	0.144000
1075151.4	0.177100	0.144200	0.132600	0.119300	0.181300	0.124900	0.151500	0.153900	0.145000	0.157400	0.147000	0.173900	0.149900	0.140100	0.153300	0.099700	0.115600	0.147200	0.106900	0.150600	0.169500	0.167400	0.166500	0.142500
1080247.0	0.178400	0.144400	0.132500	0.115400	0.178100	0.126000	0.152100	0.153600	0.145600	0.157800	0.145100	0.177300	0.156600	0.142600	0.154500	0.097700	0.110500	0.144800	0.102900	0.155300	0.172700	0.173000	0.169600	0.143500
1085342.5	0.176400	0.144700	0.134800	0.118000	0.179600	0.127100	0.152100	0.153800	0.145500	0.158200	0.146600	0.173700	0.151300	0.141200	0.152800	0.097600	0.113700	0.146700	0.102600	0.151400	0.170000	0.168900	0.167300	0.143600
1090438.0	0.175600	0.143000	0.130900	0.117500	0.178500	0.124600	0.152100	0.154000	0.145300	0.157700	0.145700	0.174700	0.152300	0.141600	0.154800	0.098200	0.112600	0.145700	0.103400	0.152300	0.171300	0.169300	0.166700	0.143400
1095533.5	0.175400	0.143200	0.132900	0.115700	0.176600	0.125500	0.151300	0.152300	0.144200	0.156200	0.145000	0.175500	0.153900	0.141000	0.154900	0.097100	0.111700	0.144300	0.102200	0.152500	0.170100	0.169100	0.167400	0.142800
1100629.0	0.175100	0.142900	0.133400	0.117000	0.178500	0.124400	0.149900	0.152300	0.144300	0.156800	0.144800	0.173800	0.151100	0.141100	0.152500	0.098700	0.112400	0.144600	0.103000	0.151700	0.170900	0.169200	0.165300	0.143100
1105724.5	0.176200	0.142600	0.132600	0.116600	0.177600	0.125700	0.150900	0.152900	0.144800	0.157100	0.145800	0.174000	0.153700	0.141600	0.152500	0.096600	0.112100	0.144600	0.103200	0.151600	0.170800	0.169300	0.166600	0.143100
1110820.0	0.176100	0.144000	0.134400	0.118300	0.179300	0.125600	0.150700	0.152600	0.144700	0.157500	0.146800	0.174000	0.152500	0.141200	0.152100	0.098100	0.114200	0.146100	0.104700	0.151300	0.170500	0.169300	0.166300	0.142700
1115915.5	0.176900	0.143700	0.133000	0.115800	0.176100	0.126000	0.151000	0.151700	0.144400	0.157500	0.145500	0.176700	0.155600	0.142300	0.156100	0.097600	0.111300	0.145200	0.102200	0.155300	0.173500	0.172000	0.166900	0.142900
1121011.0	0.177900	0.144500	0.133900	0.114900	0.175500	0.124600	0.151200	0.152000	0.143600	0.156800	0.144900	0.176900	0.157500	0.141900	0.154400	0.096500	0.111900	0.144200	0.100200	0.153800	0.170500	0.170700	0.169700	0.142700
1126106.5	0.176800	0.143200	0.133000	0.115600	0.176300	0.125400	0.152200	0.152300	0.144800	0.158000	0.145900	0.179000	0.158700	0.143700	0.157100	0.096100	0.111900	0.145400	0.100400	0.154600	0.172800	0.172200	0.169500	0.143900
1131202.0	0.178000	0.144800	0.134900	0.117600	0.178000	0.125500	0.150600	0.151800	0.144300	0.157400	0.147500	0.174000	0.154200	0.141800	0.152900	0.097700	0.114700	0.146000	0.103200	0.153300	0.170100	0.169500	0.167900	0.142300
1136297.5	0.176400	0.143800	0.132900	0.118400	0.178200	0.125200	0.150600	0.152500	0.144400	0.158100	0.146600	0.172800	0.151900	0.141200	0.152400	0.098800	0.112800	0.146200	0.103700	0.151300	0.169000	0.168000	0.165500	0.142900
1141393.0	0.176500	0.144200	0.133700	0.115800	0.176400	0.125200	0.149900	0.151300	0.143900	0.156900	0.144700	0.174700	0.155800	0.141800	0.155000	0.096500	0.111400	0.144000	0.103300	0.153500	0.170500	0.170500	0.167000	0.142600
1146488.5	0.173800	0.142200	0.132700	0.117300	0.176400	0.125000	0.149100	0.151200	0.143400	0.156500	0.145400	0.171000	0.150400	0.139900	0.151500	0.097900	0.112700	0.145000	0.103600	0.150500	0.169400	0.166900	0.164000	0.142200
1151584.0	0.174700	0.142400	0.131600	0.115400	0.175000	0.124900	0.149100	0.150700	0.143200	0.156800	0.144100	0.173100	0.153100	0.141100	0.150400	0.097300	0.110800	0.143400	0.100800	0.151400	0.169800	0.168000	0.164900	0.142000
1156679.5	0.177400	0.144400	0.134000	0.116000	0.175000	0.123600	0.148900	0.150900	0.142900	0.155300	0.144700	0.172800	0.154700	0.141000	0.151500	0.097800	0.112400	0.144200	0.103000	0.151700	0.169800	0.168200	0.166600	0.141700
1161775.0	0.174600	0.141700	0.130900	0.114600	0.172500	0.125000	0.149800	0.150400	0.143100	0.156200	0.143100	0.175900	0.158700	0.142000	0.155300	0.095500	0.109200	0.141700	0.099600	0.152800	0.169600	0.170200	0.166100	0.142100
1166870.5	0.174700	0.143500	0.132900	0.117400	0.176300	0.124400	0.149600	0.151400	0.143200	0.156900	0.146000	0.171900	0.151900	0.140700	0.150300	0.097100	0.112800	0.144600	0.104700	0.150000	0.168300	0.166900	0.163800	0.141800
1171966.0	0.179200	0.145600	0.133600	0.117300	0.178300	0.127100	0.154100	0.154300	0.146300	0.159400	0.146700	0.181600	0.162000	0.145500	0.160300	0.097700	0.111800	0.145400	0.105100	0.157200	0.175200	0.173800	0.171500	0.145500
1177061.5	0.181000	0.146500	0.136100	0.120800	0.184200	0.130100	0.154900	0.156400	0.146600	0.160500	0.150000	0.176300	0.153100	0.143300	0.155900	0.100600	0.115300	0.148800	0.109600	0.153200	0.172400	0.171900	0.169800	0.146000
1182157.0	0.181700	0.147400	0.136200	0.121800	0.184600	0.128800	0.158100	0.157400	0.147300	0.160800	0.150800	0.177600	0.155900	0.143600	0.158400	0.101100	0.117200	0.149900	0.108600	0.153100	0.174000	0.171700	0.170900	0.146600
1187252.5	0.179600	0.145900	0.135100	0.121300	0.182400	0.129400	0.158500	0.157000	0.147900	0.161300	0.149900	0.176400	0.153300	0.143100	0.159400	0.101700	0.115700	0.149800	0.109200	0.152300	0.173300	0.171600	0.168700	0.147200
1192348.0	0.180000	0.145700	0.134600	0.118400	0.179400	0.129200	0.158800	0.154700	0.146400	0.160400	0.147900	0.182800	0.161900	0.145700	0.162000	0.098600	0.113000	0.147500	0.106700	0.155400	0.175400	0.175200	0.174600	0.146800
1197443.5	0.180100	0.145700	0.134700	0.118000	0.177800	0.128300	0.157000	0.153300	0.145100	0.159600	0.146900	0.180300	0.159600	0.144900	0.158500	0.101100	0.112100	0.146700	0.104900	0.155000	0.174400	0.172100	0.173600	0.145300
1202539.1	0.179100	0.146000	0.135400	0.119500	0.179200	0.128000	0.156100	0.154400	0.146700	0.159900	0.148700	0.177800	0.154900	0.143500	0.157100	0.101300	0.114400	0.148800	0.107400	0.152900	0.172600	0.171600	0.170700	0.146400
1207634.5	0.176800	0.145400	0.134800	0.118100	0.177400	0.126800	0.155500	0.152200	0.144600	0.159100	0.146600	0.179100	0.158400	0.143400	0.158400	0.101400	0.113300	0.146600	0.107300	0.155200	0.172600	0.173200	0.170500	0.145000
1212730.1	0.174900	0.145300	0.135300	0.120100	0.179000	0.129000	0.156500	0.153100	0.145900	0.160000	0.148400	0.177200	0.155300	0.143900	0.159500	0.102800	0.114100	0.147000	0.107900	0.153100	0.172600	0.171700	0.170000	0.145500
1217825.6	0.175700	0.145200	0.134300	0.117800	0.175400	0.128600	0.154700	0.151800	0.145100	0.159600	0.146600	0.178900	0.158100	0.144500	0.160900	0.101500	0.111800	0.145400	0.104500	0.155400	0.174500	0.174600	0.169600	0.145400
1222921.1	0.174500	0.143400	0.132900	0.117700	0.175300	0.127200	0.154700	0.151300	0.144600	0.159100	0.146000	0.178000	0.159400	0.144800	0.160000	0.101100	0.111500	0.145500	0.105000	0.154500	0.174500	0.173700	0.170200	0.144700
1228016.6	0.174500	0.144600	0.134600	0.118000	0.175100	0.129100	0.154600	0.150700	0.144800	0.159100	0.147100	0.176900	0.157100	0.144300	0.160000	0.099800	0.112900	0.145600	0.105900	0.154200	0.173000	0.172400	0.170300	0.145000
1233112.1	0.173200	0.144800	0.133900	0.117200	0.174500	0.127800	0.153800	0.150600	0.144900	0.159100	0.145600	0.177200	0.158000	0.144400	0.159900	0.099700	0.111000	0.144900	0.106900	0.154300	0.172400	0.172100	0.169300	0.144900
1238207.6	0.173200	0.146000	0.135000	0.120200	0.176000	0.128800	0.153500	0.150600	0.144900	0.158900	0.148200	0.173000	0.153700	0.142900	0.157300	0.102000	0.116000	0.147300	0.108600	0.152800	0.170100	0.170700	0.167400	0.144200
1243303.1	0.173200	0.145000	0.135300	0.118000	0.174500	0.129200	0.153100	0.150900	0.144900	0.158900	0.147200	0.175000	0.155500	0.143300	0.156600	0.101000	0.113600	0.145400	0.107600	0.154200	0.170800	0.169400	0.166900	0.144500
1248398.6	0.173800	0.144700	0.133100	0.116100	0.171500	0.129100	0.153500	0.150300	0.145500	0.159700	0.146300	0.182200	0.165900	0.147000	0.162000	0.097800	0.111000	0.144500	0.105800	0.158000	0.175000	0.175500	0.172900	0.146100
1253494.1	0.173500	0.145100	0.133900	0.120000	0.176300	0.128500	0.151700	0.151200	0.145500	0.159200	0.148700	0.171200	0.151400	0.142500	0.154500	0.100800	0.114200	0.147000	0.108200	0.152400	0.171100	0.169800	0.166200	0.144200
1258589.6	0.174400	0.145300	0.136200	0.118400	0.174000	0.127400	0.152400	0.149900	0.145200	0.158900	0.147700	0.175600	0.158200	0.143700	0.159700	0.099800	0.113300	0.145800	0.107900	0.155100	0.172800	0.171800	0.169100	0.144800
1263685.1	0.173300	0.144800	0.136200	0.119600	0.174700	0.128800	0.151700	0.150800	0.144500	0.159100	0.148600	0.173000	0.153800	0.143600	0.156900	0.102800	0.116300	0.147500	0.109900	0.153200	0.170500	0.170700	0.170000	0.144800
1268780.6	0.178700	0.151000	0.140400	0.118200	0.176000	0.128200	0.154800	0.151600	0.146200	0.161100	0.150800	0.177400	0.161200	0.148500	0.161300	0.104500	0.118400	0.148300	0.105900	0.156900	0.171300	0.173400	0.172000	0.149100
1273876.1	0.189100	0.176000	0.163600	0.123900	0.187900	0.131300	0.157300	0.155000	0.148500	0.166200	0.160700	0.177300	0.160000	0.158400	0.160300	0.115500	0.134400	0.156700	0.110200	0.157400	0.173300	0.174800	0.176100	0.158400
1278971.6	0.213300	0.221700	0.214600	0.134700	0.211600	0.136500	0.165700	0.161400	0.154800	0.174800	0.176700	0.179100	0.162500	0.182900	0.163900	0.134300	0.159200	0.169000	0.116800	0.162400	0.179000	0.179300	0.193800	0.178400
1284067.1	0.243000	0.267100	0.273000	0.149700	0.237700	0.141600	0.177100	0.170200	0.162900	0.187800	0.202500	0.184100	0.167800	0.222400	0.168600	0.156300	0.188900	0.185700	0.122700	0.170900	0.184900	0.187800	0.215000	0.198000
1289162.6	0.266500	0.291300	0.312500	0.169000	0.259200	0.151300	0.193400	0.179700	0.172200	0.204200	0.230200	0.195000	0.180700	0.275300	0.177600	0.170700	0.207000	0.202300	0.136300	0.180100	0.197200	0.197600	0.248900	0.212000
1294258.1	0.295400	0.320800	0.356500	0.194700	0.287400	0.157600	0.212800	0.191500	0.184300	0.225500	0.258000	0.201400	0.187400	0.320100	0.185300	0.189400	0.231500	0.225300	0.153300	0.190800	0.208200	0.207800	0.286800	0.228700
1299353.6	0.310600	0.337700	0.389800	0.222900	0.314300	0.166900	0.231600	0.201700	0.197000	0.245600	0.276500	0.210800	0.198300	0.352200	0.193300	0.204100	0.250400	0.242400	0.171600	0.198900	0.218900	0.220100	0.322200	0.240600
1304449.1	0.326800	0.347100	0.408700	0.240300	0.328800	0.177900	0.248500	0.212200	0.209800	0.258800	0.286600	0.222500	0.214800	0.378700	0.202300	0.207600	0.259700	0.252900	0.179900	0.208800	0.233100	0.234500	0.355900	0.250800
1309544.6	0.338300	0.359700	0.429900	0.256600	0.344000	0.185000	0.260700	0.220200	0.221600	0.268600	0.296500	0.233600	0.230000	0.396500	0.210500	0.215400	0.269400	0.259800	0.188100	0.219200	0.246600	0.247900	0.381700	0.260500
1314640.1	0.344500	0.367500	0.441900	0.260100	0.347100	0.189700	0.269600	0.225600	0.227400	0.271300	0.299500	0.242600	0.246300	0.412100	0.217700	0.218700	0.272100	0.263500	0.193900	0.226100	0.256800	0.257900	0.399700	0.266800
1319735.6	0.351300	0.383600	0.466300	0.276900	0.365200	0.196500	0.274900	0.230800	0.231400	0.273700	0.309100	0.241100	0.244200	0.417100	0.218200	0.238500	0.293400	0.272800	0.210100	0.231800	0.263300	0.262800	0.413200	0.271000
1324831.1	0.350300	0.382800	0.466700	0.274000	0.362300	0.202100	0.282200	0.233100	0.235400	0.277100	0.308600	0.251400	0.264700	0.432100	0.228100	0.229300	0.283000	0.270300	0.202300	0.236500	0.272400	0.272100	0.426300	0.276100
1329926.7	0.344800	0.386200	0.470900	0.274500	0.365900	0.201700	0.283800	0.233100	0.235700	0.276400	0.308900	0.254800	0.268300	0.435300	0.229800	0.233900	0.284700	0.269500	0.204800	0.240900	0.281000	0.278900	0.432800	0.278000
1335022.1	0.348700	0.396500	0.482000	0.283100	0.373400	0.205200	0.289800	0.239300	0.239900	0.281100	0.316900	0.257200	0.273000	0.445400	0.235700	0.242200	0.294600	0.275300	0.210300	0.244200	0.286700	0.287100	0.439100	0.281600
1340117.7	0.352000	0.400900	0.486200	0.287300	0.374700	0.205300	0.292300	0.241300	0.241800	0.282700	0.319000	0.259400	0.272600	0.446600	0.236800	0.247900	0.297300	0.275100	0.211600	0.242200	0.288700	0.288100	0.437400	0.284500
1345213.2	0.351000	0.405700	0.494000	0.289600	0.378800	0.205900	0.297400	0.241900	0.241900	0.284000	0.322900	0.261400	0.275100	0.449300	0.239200	0.254300	0.305400	0.278100	0.213000	0.243800	0.293600	0.291100	0.438300	0.284700
1350308.7	0.350500	0.409200	0.495600	0.284700	0.376300	0.203400	0.301700	0.242800	0.243500	0.284200	0.319300	0.274900	0.289200	0.460500	0.248100	0.245400	0.295600	0.273700	0.202900	0.250100	0.304400	0.301100	0.444700	0.289700
1355404.2	0.345200	0.407700	0.496300	0.294700	0.383700	0.206800	0.299700	0.245400	0.244400	0.286300	0.324300	0.268100	0.276900	0.451700	0.242100	0.258200	0.305600	0.278100	0.211500	0.244100	0.300300	0.297200	0.428400	0.287700
1360499.7	0.347800	0.413300	0.505600	0.296600	0.381500	0.205300	0.303000	0.247000	0.245300	0.287400	0.326000	0.273900	0.280200	0.456700	0.246900	0.263900	0.312200	0.279800	0.209700	0.247000	0.298600	0.297200	0.431100	0.289600
1365595.2	0.347500	0.415700	0.508700	0.295600	0.382900	0.204200	0.305700	0.250000	0.247200	0.289700	0.327100	0.280000	0.283500	0.457200	0.246700	0.262700	0.309800	0.278800	0.207400	0.248400	0.302300	0.298900	0.428600	0.291400
1370690.7	0.347000	0.417800	0.511400	0.300800	0.387300	0.204000	0.307100	0.250800	0.249000	0.290700	0.331400	0.281700	0.281400	0.458800	0.250000	0.272700	0.318600	0.281900	0.212200	0.245700	0.298800	0.298400	0.426000	0.292100
1375786.2	0.351100	0.418300	0.510600	0.290800	0.378700	0.202700	0.309600	0.250200	0.246700	0.287200	0.325900	0.288500	0.288300	0.460700	0.249500	0.261100	0.307000	0.276900	0.201100	0.249400	0.300600	0.297900	0.424600	0.291900
1380881.7	0.352200	0.417000	0.509200	0.294800	0.377800	0.203300	0.311800	0.251200	0.249000	0.289300	0.327800	0.295300	0.292700	0.464700	0.250200	0.265700	0.310400	0.278300	0.201700	0.247200	0.302100	0.301500	0.423700	0.294000
1385977.2	0.353900	0.414800	0.505000	0.285700	0.369200	0.200700	0.310600	0.252200	0.248300	0.288200	0.321700	0.299200	0.301300	0.463300	0.256200	0.254900	0.299900	0.271400	0.191800	0.250800	0.302800	0.303400	0.415300	0.292600
1391072.7	0.350600	0.411500	0.505000	0.289000	0.377000	0.200300	0.310300	0.253100	0.247500	0.285700	0.321500	0.295500	0.290800	0.455500	0.252100	0.264700	0.306800	0.273000	0.195500	0.246500	0.300900	0.299000	0.409900	0.291300
1396168.2	0.326800	0.371200	0.472100	0.270000	0.360800	0.191800	0.300400	0.245000	0.237100	0.273500	0.298900	0.287100	0.280000	0.437500	0.244900	0.246600	0.288400	0.257600	0.182700	0.238800	0.290400	0.287300	0.375000	0.281200
1401263.7	0.306800	0.331100	0.438000	0.247100	0.343500	0.180700	0.283700	0.235400	0.225400	0.257400	0.271800	0.279000	0.270200	0.413000	0.239500	0.221100	0.261600	0.240800	0.168300	0.229500	0.277600	0.275200	0.346600	0.267600
1406359.2	0.284900	0.294500	0.410900	0.231200	0.328100	0.173400	0.265200	0.224500	0.213500	0.243000	0.247400	0.266400	0.255600	0.379300	0.231300	0.204800	0.241400	0.226500	0.163200	0.219700	0.261600	0.262700	0.307500	0.249200
1411454.7	0.261500	0.260100	0.375800	0.220700	0.315400	0.166600	0.247400	0.216300	0.205400	0.232400	0.230800	0.252400	0.237900	0.344800	0.219900	0.197000	0.229600	0.217600	0.159800	0.206100	0.249600	0.247200	0.270900	0.233100
1416550.2	0.248600	0.231600	0.338000	0.200100	0.292200	0.157300	0.234800	0.204800	0.197300	0.221400	0.210800	0.254800	0.243900	0.316900	0.219000	0.171400	0.202200	0.204100	0.144700	0.203000	0.239800	0.242400	0.250500	0.218200
1421645.7	0.236700	0.216400	0.314200	0.192500	0.284600	0.155800	0.223100	0.198400	0.190400	0.212900	0.199800	0.239200	0.225200	0.280500	0.207400	0.163500	0.186400	0.194400	0.143000	0.192800	0.230300	0.228900	0.232500	0.203600
1426741.2	0.230300	0.213600	0.299100	0.182100	0.271100	0.152400	0.214900	0.192000	0.184200	0.206600	0.192200	0.238000	0.226600	0.261000	0.204600	0.155000	0.173200	0.187700	0.134400	0.192600	0.226200	0.226000	0.225800	0.194600
1431836.7	0.234400	0.229100	0.297200	0.181400	0.269000	0.151400	0.211300	0.191400	0.182700	0.206100	0.194700	0.234600	0.220300	0.248000	0.203600	0.160600	0.175300	0.187800	0.136800	0.190000	0.222600	0.222000	0.227200	0.194300
1436932.2	0.234700	0.230900	0.285700	0.179500	0.264800	0.151500	0.208000	0.189700	0.181100	0.204900	0.194900	0.229400	0.215000	0.236300	0.202600	0.159200	0.174400	0.187400	0.137200	0.188300	0.218500	0.217200	0.221000	0.190600
1442027.7	0.257500	0.277100	0.319400	0.189500	0.278400	0.153200	0.216400	0.196200	0.185100	0.213100	0.210800	0.229200	0.214500	0.248300	0.202100	0.181500	0.194500	0.197500	0.139100	0.194300	0.220100	0.220300	0.241600	0.204700
1447123.2	0.263100	0.284700	0.319200	0.197300	0.283900	0.154200	0.216700	0.197800	0.185500	0.215500	0.219500	0.225200	0.209300	0.245600	0.200800	0.190100	0.204500	0.202300	0.146500	0.193500	0.216900	0.215900	0.243300	0.207800
1452218.7	0.245300	0.247000	0.280700	0.181100	0.261700	0.150000	0.207100	0.189400	0.179500	0.206900	0.205200	0.226700	0.212600	0.229900	0.199100	0.167400	0.180200	0.189100	0.135300	0.191700	0.213900	0.216100	0.230000	0.194100
1457314.2	0.229200	0.221800	0.252200	0.169300	0.244000	0.147700	0.197300	0.180400	0.173500	0.197600	0.192600	0.222000	0.208300	0.211100	0.195800	0.152400	0.161100	0.179500	0.130900	0.185300	0.209000	0.209500	0.217800	0.181300
1462409.7	0.216300	0.205500	0.234500	0.161400	0.232500	0.142900	0.189000	0.174800	0.169700	0.193100	0.186100	0.218000	0.205500	0.200800	0.191200	0.144400	0.151600	0.174000	0.128500	0.180100	0.205600	0.205300	0.207100	0.174300
1467505.3	0.202300	0.193800	0.218900	0.156800	0.222900	0.140100	0.180700	0.168900	0.165800	0.187200	0.181000	0.208700	0.198300	0.189100	0.184400	0.140400	0.146300	0.168700	0.126700	0.175500	0.199400	0.199200	0.195700	0.167500
1472600.8	0.191800	0.184900	0.205900	0.153400	0.215800	0.136900	0.174100	0.163700	0.162400	0.184000	0.177900	0.199200	0.189100	0.181500	0.180500	0.135700	0.140900	0.165200	0.125900	0.168800	0.190500	0.189700	0.186800	0.162500
1477696.3	0.185700	0.178200	0.198700	0.148200	0.207600	0.137100	0.167700	0.157800	0.158600	0.179900	0.173600	0.195600	0.185700	0.176200	0.175300	0.132700	0.136500	0.161300	0.121500	0.166300	0.186100	0.188300	0.180800	0.158500
1482791.8	0.181000	0.174300	0.193500	0.145000	0.202000	0.133900	0.163300	0.154300	0.157000	0.177900	0.170600	0.192800	0.184800	0.172700	0.172100	0.127700	0.131200	0.158000	0.119900	0.167000	0.181900	0.184800	0.179100	0.156600
1487887.3	0.173600	0.171400	0.188100	0.140000	0.194400	0.134600	0.159300	0.149500	0.153800	0.174100	0.167200	0.188900	0.183900	0.169800	0.172200	0.122800	0.128400	0.154800	0.115300	0.164000	0.179800	0.181300	0.174200	0.153000
1492982.8	0.170300	0.168200	0.184400	0.139300	0.190000	0.132700	0.155700	0.146100	0.152000	0.172000	0.165500	0.185800	0.180800	0.167200	0.166900	0.122200	0.126600	0.153100	0.117400	0.162500	0.176500	0.179100	0.172400	0.150900
1498078.3	0.168600	0.166400	0.181900	0.136900	0.186100	0.130100	0.154400	0.144500	0.150600	0.171100	0.163600	0.184100	0.180300	0.166800	0.165200	0.120600	0.124800	0.151400	0.116700	0.161200	0.172600	0.175200	0.168200	0.149700
1503173.8	0.164000	0.164500	0.178000	0.134100	0.181300	0.128900	0.151500	0.140400	0.147900	0.168300	0.160800	0.182400	0.177800	0.164900	0.164100	0.117400	0.121400	0.148500	0.115500	0.160200	0.172500	0.174200	0.167900	0.147700
1508269.3	0.161600	0.162000	0.174900	0.132300	0.178000	0.128400	0.150600	0.139800	0.148100	0.167300	0.159600	0.181100	0.178600	0.164100	0.163100	0.115200	0.118800	0.146700	0.114600	0.160700	0.169700	0.174600	0.165900	0.147000
1513364.8	0.160000	0.160500	0.174800	0.132500	0.176700	0.128300	0.148300	0.138700	0.146900	0.166300	0.160200	0.175000	0.172800	0.161100	0.157100	0.119800	0.120600	0.147300	0.113700	0.157400	0.165600	0.167800	0.163500	0.145800
1518460.3	0.159800	0.160800	0.173100	0.128300	0.172600	0.126600	0.149100	0.136700	0.145900	0.165900	0.157800	0.180400	0.180400	0.164100	0.163000	0.113300	0.117100	0.145500	0.110400	0.161600	0.168900	0.172400	0.164700	0.146500
1523555.8	0.157900	0.160100	0.172500	0.129800	0.172900	0.127200	0.146000	0.136100	0.144800	0.164600	0.158700	0.174100	0.172400	0.160000	0.158300	0.115400	0.120100	0.146100	0.110500	0.156600	0.165200	0.166500	0.163200	0.144400
1528651.3	0.158300	0.160100	0.171500	0.129900	0.171800	0.129900	0.148300	0.136500	0.145800	0.165700	0.159100	0.174300	0.172400	0.161800	0.158200	0.115200	0.119600	0.146700	0.111800	0.157200	0.166800	0.167900	0.163700	0.145100
1533746.8	0.158200	0.158900	0.169800	0.128600	0.169800	0.127400	0.147500	0.135000	0.144300	0.164500	0.157800	0.174200	0.174100	0.161000	0.160000	0.113700	0.118500	0.145400	0.109600	0.157200	0.164200	0.167200	0.163200	0.144600
1538842.3	0.156500	0.157800	0.168600	0.126800	0.168300	0.127100	0.146200	0.133600	0.143200	0.163200	0.155800	0.173600	0.174300	0.160000	0.156400	0.111900	0.114800	0.143000	0.111400	0.156900	0.163700	0.166100	0.161700	0.143300
1543937.8	0.155200	0.157900	0.168200	0.130300	0.171400	0.127800	0.144700	0.134900	0.143200	0.163000	0.157900	0.166500	0.162500	0.157000	0.152400	0.116300	0.118800	0.144900	0.115400	0.153500	0.160000	0.162000	0.158600	0.143400
1549033.3	0.155500	0.158400	0.168700	0.127500	0.169000	0.125800	0.144700	0.133200	0.143400	0.162900	0.156800	0.169600	0.169500	0.158800	0.154600	0.113200	0.116500	0.143500	0.112400	0.154800	0.160000	0.163300	0.159600	0.142800
1554128.8	0.153400	0.157100	0.166300	0.128100	0.166200	0.126600	0.144500	0.133800	0.143900	0.163800	0.157700	0.168900	0.167200	0.157600	0.152900	0.115900	0.118200	0.144600	0.114200	0.155400	0.159800	0.161900	0.157900	0.142900
1559224.3	0.154000	0.157400	0.166800	0.127400	0.165200	0.125800	0.144400	0.132800	0.142800	0.162900	0.156700	0.170100	0.170000	0.159000	0.157500	0.111300	0.117600	0.143800	0.111500	0.154600	0.158900	0.162700	0.160700	0.142900
1564319.8	0.153700	0.156400	0.166000	0.127500	0.165000	0.125300	0.144400	0.132000	0.142800	0.162300	0.156600	0.166700	0.166500	0.157400	0.151600	0.113600	0.117700	0.144000	0.110400	0.153600	0.159000	0.160900	0.157900	0.142800
1569415.3	0.154000	0.156900	0.166100	0.126700	0.163400	0.127400	0.143400	0.132300	0.142800	0.161900	0.156300	0.166900	0.168000	0.158000	0.152200	0.113000	0.117300	0.142900	0.109200	0.155300	0.160300	0.162700	0.158400	0.142500
1574510.8	0.153200	0.155900	0.166200	0.125800	0.161200	0.125900	0.141700	0.131200	0.141200	0.160500	0.155000	0.166500	0.167400	0.156700	0.152300	0.114100	0.117700	0.142000	0.110500	0.154800	0.156500	0.159200	0.158700	0.141400
1579606.3	0.151800	0.155400	0.164000	0.127200	0.163000	0.125300	0.142600	0.130900	0.141800	0.161100	0.155000	0.166600	0.166100	0.157600	0.151000	0.111200	0.115600	0.141400	0.113100	0.153200	0.156800	0.160700	0.157200	0.141700
1584701.8	0.150900	0.155200	0.163400	0.129500	0.164400	0.125100	0.142100	0.131600	0.142700	0.162700	0.157000	0.161700	0.157400	0.154600	0.148700	0.114300	0.118500	0.143700	0.113300	0.150900	0.155400	0.157400	0.154100	0.141500
1589797.3	0.150800	0.154400	0.163600	0.126600	0.162000	0.126600	0.142300	0.130400	0.141800	0.161500	0.155800	0.164100	0.163000	0.156500	0.150500	0.111400	0.116800	0.143300	0.111100	0.152600	0.155900	0.159300	0.154300	0.141700
1594892.8	0.150100	0.154500	0.162100	0.125400	0.160400	0.127100	0.142900	0.130200	0.141600	0.161300	0.154600	0.165700	0.165200	0.157300	0.152200	0.109000	0.114100	0.141500	0.110700	0.154400	0.157300	0.159900	0.156200	0.142000
1599988.3	0.149900	0.153500	0.163100	0.127300	0.161200	0.126100	0.142100	0.130700	0.141600	0.161300	0.155000	0.164100	0.164000	0.156400	0.154300	0.111900	0.116700	0.142200	0.111600	0.153400	0.155600	0.159000	0.154900	0.141800
1605083.9	0.150100	0.154000	0.162500	0.125200	0.159800	0.126600	0.141800	0.130200	0.140900	0.160300	0.153900	0.165000	0.164800	0.156600	0.149800	0.110200	0.114600	0.140600	0.109400	0.153100	0.154100	0.158500	0.156100	0.141500
1610179.4	0.149700	0.154000	0.161700	0.127000	0.160300	0.126600	0.141400	0.130500	0.141400	0.161300	0.155500	0.163700	0.162100	0.156600	0.149800	0.113100	0.116800	0.142000	0.112600	0.151200	0.155100	0.157100	0.155200	0.141000
1615274.9	0.149800	0.153300	0.160600	0.122100	0.154900	0.127000	0.141300	0.128200	0.139700	0.158500	0.150700	0.169200	0.172200	0.158000	0.154100	0.107100	0.111600	0.138000	0.112300	0.155700	0.156700	0.160500	0.159100	0.140500
1620370.4	0.148600	0.152800	0.160000	0.126500	0.160700	0.125400	0.141300	0.130700	0.141900	0.161900	0.154800	0.163300	0.162900	0.156100	0.150300	0.109600	0.115400	0.142100	0.116500	0.152200	0.154600	0.156300	0.154600	0.141600
