VERSION	1200
Time[MSec.]	Ratio	Ratio	Ratio	Ratio
%.1f	%.4f	%.4f	%.4f	%.4f
Time	ROI(1-1)	ROI(1-2)	ROI(1-3)	ROI(1-4)
GraphNo	1	2	3	4
0.0	0.188300	0.138000	0.191200	0.199400
5164.3	0.197100	0.128100	0.166400	0.201000
10328.7	0.190200	0.136400	0.169400	0.199200
15493.0	0.187500	0.134700	0.161200	0.196100
20657.4	0.185800	0.135300	0.152900	0.194900
25821.8	0.181600	0.143300	0.163700	0.192300
30986.1	0.187100	0.138000	0.148200	0.193400
36150.5	0.183600	0.137200	0.139800	0.192100
41314.9	0.185100	0.133900	0.131300	0.191300
46479.2	0.184900	0.136100	0.134600	0.190900
51643.6	0.181800	0.136000	0.144000	0.190900
56808.0	0.183300	0.134300	0.155800	0.190600
61972.3	0.189200	0.130600	0.172600	0.190600
67136.7	0.186600	0.135700	0.190500	0.189900
72301.1	0.188600	0.128400	0.183700	0.190600
77465.4	0.181500	0.143700	0.224600	0.190500
82629.8	0.248900	0.167100	0.200600	0.288600
87794.2	0.267000	0.181800	0.206800	0.319700
92958.5	0.293500	0.181500	0.187900	0.345100
98122.9	0.312900	0.201100	0.202200	0.366600
103287.3	0.351800	0.197000	0.189700	0.385800
108451.6	0.365500	0.197100	0.179800	0.399100
113616.0	0.367000	0.214800	0.202900	0.405600
118780.4	0.376800	0.219600	0.202900	0.416400
123944.7	0.390700	0.213000	0.187900	0.431400
129109.1	0.390600	0.207900	0.180300	0.434400
134273.5	0.396700	0.213600	0.191100	0.437500
139437.8	0.409500	0.206300	0.176300	0.442300
144602.2	0.410600	0.213800	0.189700	0.441400
149766.6	0.395000	0.223700	0.205600	0.437200
154930.9	0.393000	0.220000	0.193300	0.443700
160095.3	0.398300	0.215900	0.186500	0.439200
165259.7	0.407100	0.217200	0.186600	0.444800
170424.0	0.396300	0.218600	0.190800	0.437400
175588.4	0.410200	0.203900	0.168100	0.441800
180752.8	0.409000	0.207900	0.169900	0.445500
185917.1	0.424200	0.201800	0.158400	0.449900
191081.5	0.422700	0.203000	0.159400	0.442500
196245.9	0.422000	0.199800	0.152400	0.442200
201410.2	0.402500	0.209300	0.161700	0.437400
206574.6	0.407000	0.202600	0.157800	0.439100
211739.0	0.418900	0.198400	0.152600	0.434100
216903.3	0.432500	0.192700	0.145100	0.432100
222067.7	0.413200	0.200700	0.156900	0.421700
227232.1	0.426200	0.182100	0.134200	0.412500
232396.4	0.437100	0.174200	0.125400	0.396900
237560.8	0.428800	0.184800	0.143300	0.381600
242725.2	0.445900	0.171300	0.128100	0.363600
247889.5	0.427000	0.180900	0.146500	0.348100
253053.9	0.438500	0.170900	0.132900	0.340200
258218.3	0.449000	0.163200	0.123900	0.328500
263382.6	0.438500	0.175300	0.139500	0.317900
268547.0	0.430800	0.173300	0.135100	0.309800
273711.3	0.446400	0.161700	0.118600	0.302500
278875.7	0.424000	0.176700	0.133200	0.292300
284040.1	0.432200	0.172000	0.122100	0.287300
289204.4	0.424300	0.178700	0.129900	0.280500
294368.8	0.418600	0.172700	0.118300	0.278100
299533.2	0.414900	0.174500	0.114500	0.272400
304697.5	0.403100	0.182000	0.120100	0.267500
309861.9	0.401500	0.180800	0.110500	0.266100
315026.3	0.389100	0.190400	0.118400	0.257500
320190.6	0.378600	0.194200	0.117500	0.252800
325355.0	0.379200	0.192400	0.117100	0.246900
330519.4	0.377300	0.191400	0.111600	0.244100
335683.7	0.373400	0.184700	0.107200	0.242600
340848.1	0.356900	0.200200	0.126600	0.233700
346012.5	0.350200	0.185900	0.111700	0.231900
351176.8	0.342400	0.184700	0.113900	0.228200
356341.2	0.344300	0.181300	0.111800	0.226300
361505.6	0.335200	0.176300	0.110300	0.223500
366669.9	0.339200	0.168000	0.103100	0.222200
371834.3	0.325900	0.175900	0.113500	0.218000
376998.7	0.337100	0.164400	0.104800	0.217900
382163.0	0.321000	0.174400	0.116600	0.213900
387327.4	0.314700	0.173900	0.117900	0.213500
392491.8	0.307800	0.166400	0.110400	0.209500
397656.1	0.311000	0.160600	0.106300	0.207800
402820.5	0.296700	0.167700	0.115000	0.205100
407984.8	0.292700	0.159600	0.109100	0.202700
413149.2	0.309700	0.149600	0.099600	0.205000
418313.6	0.290900	0.157600	0.109700	0.200700
423477.9	0.292500	0.154700	0.109700	0.200600
428642.3	0.289900	0.150400	0.106900	0.199400
433806.7	0.281400	0.147600	0.105300	0.197100
438971.0	0.285000	0.141700	0.099000	0.197300
444135.4	0.270600	0.149000	0.108100	0.194600
449299.8	0.270000	0.145900	0.103800	0.194300
454464.1	0.265900	0.142500	0.104400	0.193200
459628.5	0.264900	0.142800	0.103600	0.192900
464792.9	0.255800	0.149900	0.114000	0.191100
469957.2	0.257300	0.138600	0.101400	0.191100
475121.6	0.259800	0.137300	0.099900	0.193300
480286.0	0.247800	0.145100	0.112000	0.190200
485450.3	0.257700	0.137100	0.101200	0.193100
490614.7	0.246000	0.141300	0.107000	0.191100
495779.1	0.247200	0.132600	0.096600	0.192700
500943.4	0.233400	0.132400	0.101900	0.189400
506107.8	0.231400	0.125700	0.100900	0.188800
511272.1	0.217800	0.129500	0.109100	0.185100
516436.5	0.216600	0.123900	0.104300	0.185200
521600.9	0.215600	0.120000	0.100000	0.185100
526765.2	0.209200	0.115800	0.097400	0.183900
531929.6	0.205300	0.120500	0.105100	0.183000
537094.0	0.202500	0.116700	0.099200	0.183000
542258.3	0.197900	0.121200	0.110100	0.181200
547422.7	0.200100	0.116500	0.101800	0.183200
552587.1	0.196600	0.114200	0.100900	0.180400
557751.4	0.197700	0.113900	0.103600	0.179500
562915.8	0.199200	0.106200	0.091100	0.180400
568080.2	0.193600	0.108100	0.095400	0.179400
573244.5	0.193400	0.108700	0.096700	0.178400
578408.9	0.195000	0.106300	0.093000	0.178900
583573.3	0.184500	0.114500	0.102900	0.177900
588737.6	0.187000	0.109300	0.095100	0.177900
593902.0	0.188600	0.105700	0.092200	0.177400
599066.4	0.185000	0.114700	0.104000	0.176200
604230.7	0.186000	0.114600	0.103700	0.177300
609395.1	0.190500	0.111300	0.098300	0.177300
614559.5	0.189700	0.113500	0.100000	0.177300
619723.8	0.185800	0.120300	0.107300	0.175700
624888.2	0.185700	0.120400	0.105100	0.175700
630052.5	0.193600	0.119600	0.099600	0.177300
635216.9	0.201300	0.118900	0.093500	0.178400
640381.3	0.209800	0.130200	0.100400	0.179500
645545.6	0.214200	0.138600	0.105700	0.178500
650710.0	0.222800	0.145700	0.104600	0.181500
655874.4	0.240800	0.143700	0.096100	0.181300
661038.7	0.246200	0.148000	0.093200	0.183900
666203.1	0.256900	0.155900	0.096900	0.185400
671367.5	0.265800	0.156000	0.090500	0.187400
676531.8	0.270600	0.167400	0.096900	0.188700
681696.2	0.277900	0.166900	0.093900	0.190000
686860.6	0.281800	0.166600	0.094400	0.191500
692024.9	0.284800	0.163200	0.092200	0.192300
697189.3	0.275500	0.162200	0.090600	0.190700
702353.7	0.279000	0.158900	0.090400	0.192300
707518.0	0.266600	0.160900	0.095700	0.191000
712682.4	0.262100	0.155500	0.092500	0.190300
717846.8	0.259200	0.157300	0.097100	0.189800
723011.1	0.258200	0.140900	0.083000	0.190900
728175.5	0.239500	0.154700	0.100300	0.188800
733339.8	0.251900	0.141400	0.089100	0.191900
738504.2	0.249600	0.137700	0.087700	0.193500
743668.6	0.248900	0.140900	0.091700	0.194800
748832.9	0.233600	0.147100	0.100700	0.192800
753997.3	0.233300	0.142700	0.097200	0.193800
759161.7	0.237400	0.135800	0.091600	0.194700
764326.0	0.229100	0.139800	0.098900	0.193000
769490.4	0.235200	0.130500	0.090200	0.194600
774654.8	0.225400	0.139200	0.102500	0.193200
779819.1	0.228400	0.132800	0.095700	0.194500
784983.5	0.217500	0.135300	0.101000	0.194200
790147.9	0.224400	0.126700	0.092300	0.195900
795312.2	0.223700	0.128300	0.093200	0.196500
800476.6	0.212200	0.136000	0.101600	0.195300
805641.0	0.220100	0.129800	0.095600	0.198100
810805.3	0.213300	0.135100	0.098000	0.197800
815969.7	0.218100	0.134100	0.099500	0.198900
821134.1	0.208100	0.138500	0.103000	0.197400
826298.4	0.211500	0.130800	0.094900	0.199500
831462.8	0.202100	0.142200	0.110200	0.197600
836627.1	0.200800	0.143800	0.111500	0.199900
841791.5	0.213700	0.125600	0.089600	0.200600
846955.9	0.203900	0.136100	0.100400	0.200700
852120.2	0.201100	0.137900	0.105300	0.201400
857284.6	0.207100	0.132600	0.098300	0.203100
862449.0	0.208500	0.128500	0.094100	0.203600
867613.3	0.207800	0.129500	0.096900	0.203600
872777.7	0.207400	0.129300	0.095400	0.203800
877942.1	0.207000	0.126900	0.092400	0.202900
883106.4	0.201500	0.134600	0.100900	0.203600
888270.8	0.210500	0.125900	0.089300	0.207600
893435.2	0.200300	0.138000	0.104900	0.204200
898599.5	0.200100	0.134100	0.098100	0.207200
903763.9	0.207100	0.127100	0.089900	0.209400
908928.3	0.203800	0.127700	0.092600	0.208600
914092.6	0.207300	0.126300	0.091300	0.209900
919257.0	0.201300	0.131400	0.097300	0.209000
924421.3	0.199900	0.128000	0.091500	0.208400
929585.7	0.198000	0.131000	0.095000	0.208000
934750.1	0.198300	0.134100	0.100300	0.208500
939914.4	0.199300	0.132400	0.099400	0.208600
945078.8	0.196600	0.132900	0.100100	0.207300
950243.2	0.197800	0.131500	0.099000	0.207700
955407.5	0.195100	0.134200	0.099800	0.208700
960571.9	0.196400	0.129700	0.096700	0.208500
965736.3	0.207200	0.122200	0.087500	0.212200
970900.6	0.200900	0.125000	0.091700	0.209700
976065.0	0.197400	0.128200	0.095600	0.207900
981229.4	0.197600	0.132200	0.101800	0.209400
986393.7	0.199000	0.133500	0.103700	0.209100
991558.1	0.192700	0.139400	0.110700	0.207700
996722.5	0.201700	0.128500	0.096200	0.208400
1001886.8	0.202900	0.127100	0.094200	0.208000
1007051.2	0.194000	0.137200	0.109000	0.204900
1012215.5	0.196900	0.129200	0.098700	0.203300
1017379.9	0.208400	0.122400	0.093400	0.204200
1022544.3	0.198300	0.129200	0.104100	0.201300
