VERSION	1200
Time[MSec.]	Ratio	Ratio	Ratio	Ratio	Ratio	Ratio	Ratio	Ratio	Ratio	Ratio	Ratio	Ratio
%.1f	%.4f	%.4f	%.4f	%.4f	%.4f	%.4f	%.4f	%.4f	%.4f	%.4f	%.4f	%.4f
Time	ROI(1-1)	ROI(1-2)	ROI(1-3)	ROI(1-4)	ROI(1-5)	ROI(1-6)	ROI(1-7)	ROI(1-8)	ROI(1-9)	ROI(1-10)	ROI(1-11)	ROI(1-12)
GraphNo	1	2	3	4	5	6	7	8	9	10	11	12
0.0	0.140600	0.190200	0.182800	0.182700	0.190100	0.170400	0.158400	0.147600	0.151000	0.203300	0.220900	0.197800
5095.5	0.139200	0.190800	0.182800	0.181100	0.191600	0.171300	0.156800	0.146400	0.149500	0.202200	0.218600	0.197200
10191.0	0.141100	0.192200	0.184100	0.183600	0.193300	0.174000	0.157400	0.149500	0.151700	0.207100	0.222800	0.201100
15286.5	0.141800	0.193000	0.183000	0.182900	0.193200	0.172000	0.157100	0.148500	0.152300	0.207100	0.224800	0.201500
20382.0	0.140500	0.191300	0.181600	0.182900	0.193000	0.172900	0.157200	0.147800	0.151800	0.207600	0.224100	0.201900
25477.5	0.141400	0.189700	0.180600	0.182100	0.192700	0.172700	0.157400	0.147700	0.152600	0.206900	0.221800	0.201000
30573.0	0.141300	0.189400	0.180700	0.183200	0.191800	0.172000	0.157900	0.148400	0.153000	0.208600	0.220900	0.199300
35668.5	0.143100	0.186800	0.178700	0.181800	0.190300	0.171200	0.157600	0.149200	0.155700	0.207400	0.220100	0.198000
40764.0	0.138400	0.191400	0.180100	0.182100	0.194300	0.171100	0.155700	0.145800	0.149700	0.209500	0.224900	0.200600
45859.5	0.140000	0.188200	0.179600	0.183400	0.191800	0.171000	0.156500	0.146800	0.153500	0.208300	0.222200	0.200400
50955.0	0.139500	0.190600	0.180300	0.182800	0.193200	0.171600	0.155800	0.146400	0.152100	0.209800	0.225300	0.201200
56050.5	0.142700	0.186800	0.178200	0.183400	0.191100	0.172700	0.159000	0.148200	0.155700	0.207300	0.222300	0.199900
61146.1	0.142600	0.184500	0.176900	0.182400	0.189100	0.171800	0.159000	0.149200	0.156100	0.207400	0.221400	0.199100
66241.6	0.139400	0.191900	0.182200	0.184300	0.195600	0.175300	0.158500	0.146600	0.150700	0.212600	0.227600	0.204500
71337.1	0.140500	0.190300	0.181800	0.185500	0.194100	0.172500	0.159000	0.147600	0.152800	0.211400	0.227000	0.202000
76432.6	0.139500	0.192000	0.181600	0.185100	0.196800	0.172900	0.157300	0.147200	0.151600	0.213200	0.226800	0.204000
81528.1	0.141300	0.186700	0.178600	0.183300	0.192900	0.169700	0.158300	0.147600	0.154200	0.208700	0.221300	0.198900
86623.6	0.139200	0.186800	0.178600	0.182600	0.192100	0.169200	0.156400	0.145500	0.151600	0.207400	0.218300	0.197500
91719.1	0.142600	0.184500	0.177700	0.183200	0.190500	0.168300	0.157200	0.148200	0.154900	0.206000	0.218100	0.196900
96814.6	0.144900	0.182400	0.177200	0.182500	0.188300	0.167000	0.157800	0.150000	0.158400	0.204900	0.214400	0.193500
101910.1	0.138400	0.189900	0.180600	0.184700	0.194200	0.169500	0.156000	0.145300	0.150500	0.208000	0.220500	0.199800
107005.6	0.141000	0.188600	0.180200	0.183900	0.195700	0.168700	0.154800	0.144500	0.149700	0.207700	0.220100	0.201000
112101.1	0.144400	0.185800	0.179100	0.183800	0.193300	0.170400	0.156300	0.147000	0.153200	0.207200	0.217400	0.197300
117196.6	0.144000	0.185200	0.179000	0.184400	0.193200	0.169800	0.156600	0.147300	0.154000	0.206800	0.217200	0.198500
122292.1	0.143300	0.186500	0.178800	0.183600	0.194500	0.168900	0.156500	0.146000	0.153300	0.207500	0.217300	0.197700
127387.6	0.141900	0.187700	0.179500	0.183500	0.194800	0.169600	0.156300	0.144900	0.151600	0.208100	0.219300	0.199900
132483.1	0.138100	0.192100	0.181700	0.184900	0.200100	0.169100	0.156000	0.142300	0.146300	0.210800	0.224600	0.205300
137578.6	0.141600	0.188100	0.180700	0.185000	0.196300	0.169300	0.157200	0.145600	0.151200	0.209700	0.220100	0.203000
142674.1	0.142100	0.188200	0.180500	0.185700	0.195200	0.170000	0.158800	0.146600	0.153100	0.211200	0.220200	0.202500
147769.6	0.144100	0.189200	0.180500	0.185800	0.196100	0.171200	0.159600	0.148200	0.153600	0.213000	0.220700	0.203400
152865.1	0.151700	0.189600	0.183100	0.188400	0.199400	0.176100	0.164100	0.153800	0.161100	0.219500	0.223800	0.206400
157960.6	0.154500	0.196300	0.186600	0.191800	0.206200	0.181100	0.168700	0.155500	0.162000	0.229300	0.234900	0.215400
163056.2	0.162500	0.198900	0.189200	0.193800	0.209300	0.188400	0.175200	0.163000	0.170200	0.240700	0.241400	0.219700
168151.7	0.164000	0.208800	0.194800	0.199300	0.221300	0.197000	0.182300	0.164400	0.169500	0.254500	0.255600	0.232200
173247.2	0.168700	0.216200	0.201100	0.202400	0.229400	0.205400	0.186900	0.167600	0.171800	0.266600	0.265900	0.241700
178342.7	0.177600	0.215200	0.201700	0.205600	0.228800	0.209500	0.194700	0.174800	0.180700	0.270100	0.265600	0.242400
183438.2	0.181900	0.221800	0.208900	0.210600	0.235600	0.217300	0.200400	0.178700	0.183600	0.279800	0.276800	0.252600
188533.7	0.182500	0.233000	0.214300	0.215400	0.245300	0.227100	0.203800	0.180200	0.181700	0.290300	0.290800	0.265400
193629.2	0.190000	0.231600	0.215800	0.217500	0.246400	0.231100	0.212200	0.186500	0.188200	0.293800	0.291900	0.268600
198724.7	0.192700	0.230800	0.214800	0.216700	0.245600	0.233400	0.212200	0.187800	0.190300	0.291900	0.291600	0.268600
203820.2	0.193400	0.235500	0.218400	0.220000	0.249500	0.239300	0.217200	0.191200	0.191100	0.298400	0.293300	0.273200
208915.7	0.199500	0.235900	0.219500	0.221400	0.249200	0.243000	0.219200	0.195200	0.196300	0.299400	0.291100	0.276100
214011.2	0.197900	0.243500	0.224300	0.222700	0.254900	0.247400	0.219600	0.195700	0.191700	0.304700	0.300300	0.283700
219106.7	0.204900	0.246800	0.228100	0.227900	0.257900	0.254800	0.227900	0.201000	0.199200	0.311300	0.303300	0.290000
224202.2	0.205300	0.248600	0.227800	0.229700	0.257100	0.256100	0.230500	0.202500	0.198500	0.311900	0.302500	0.293800
229297.7	0.208700	0.250100	0.230300	0.230700	0.258700	0.260300	0.231100	0.205000	0.201000	0.313300	0.303100	0.296600
234393.2	0.213500	0.245000	0.228300	0.231400	0.254300	0.259700	0.234700	0.210100	0.205100	0.310700	0.298000	0.292600
239488.7	0.212800	0.249500	0.229900	0.232400	0.257600	0.263300	0.235900	0.210000	0.203000	0.312900	0.302600	0.298100
244584.2	0.214800	0.249800	0.230600	0.232400	0.256000	0.264100	0.236600	0.211900	0.205400	0.312200	0.301700	0.299300
249679.7	0.218100	0.249700	0.230100	0.233900	0.255200	0.265400	0.239300	0.214000	0.208100	0.311000	0.302100	0.301900
254775.2	0.213300	0.256500	0.235800	0.236500	0.261700	0.269200	0.239700	0.213200	0.202100	0.315600	0.308500	0.309000
259870.7	0.221300	0.246500	0.231800	0.235000	0.252300	0.266700	0.243100	0.219400	0.212300	0.307800	0.294100	0.297300
264966.2	0.216000	0.256300	0.236700	0.238300	0.259900	0.272000	0.245000	0.216800	0.205100	0.315300	0.303000	0.308200
270061.8	0.217500	0.254600	0.235600	0.238500	0.255700	0.270300	0.245800	0.218100	0.205000	0.310900	0.298600	0.303500
275157.3	0.223400	0.247600	0.230800	0.236500	0.249500	0.269200	0.247500	0.222100	0.212900	0.306500	0.291100	0.296200
280252.8	0.214700	0.254200	0.234500	0.237800	0.255000	0.269200	0.245900	0.216200	0.202700	0.309100	0.295900	0.301700
285348.3	0.212700	0.245300	0.228100	0.232800	0.245600	0.262900	0.245700	0.215600	0.202800	0.300200	0.284800	0.289200
290443.8	0.216800	0.241100	0.228100	0.232300	0.239400	0.262500	0.245600	0.217500	0.206200	0.296900	0.276400	0.281900
295539.3	0.213400	0.251900	0.235600	0.236700	0.247700	0.266400	0.247300	0.216600	0.201200	0.304700	0.284100	0.291300
300634.8	0.207700	0.251400	0.234700	0.234700	0.246600	0.265500	0.246200	0.213900	0.197200	0.302100	0.284500	0.291500
305730.3	0.210700	0.245400	0.229800	0.232900	0.240500	0.263500	0.245700	0.215100	0.199400	0.295300	0.277100	0.284400
310825.8	0.214200	0.242000	0.228300	0.230400	0.236800	0.259900	0.246500	0.216600	0.203300	0.290600	0.271300	0.278500
315921.3	0.211000	0.242800	0.227600	0.231100	0.237700	0.260600	0.247600	0.216000	0.199100	0.289800	0.270300	0.279400
321016.8	0.213000	0.242900	0.227900	0.231400	0.236900	0.262800	0.246900	0.216100	0.200400	0.290100	0.270100	0.280000
326112.3	0.213900	0.241100	0.227200	0.230800	0.235200	0.261700	0.246500	0.216600	0.200300	0.286800	0.265200	0.276500
331207.8	0.213100	0.238500	0.223500	0.228800	0.232600	0.258100	0.244400	0.216900	0.201000	0.282700	0.262100	0.271200
336303.3	0.211500	0.243000	0.228900	0.231800	0.235800	0.264900	0.248500	0.217900	0.199500	0.289800	0.264800	0.276600
341398.8	0.212700	0.235500	0.222600	0.226200	0.229600	0.258400	0.244000	0.216500	0.201200	0.280100	0.259700	0.269600
346494.3	0.208500	0.240500	0.224900	0.228500	0.231500	0.259100	0.243300	0.214800	0.196100	0.282000	0.262300	0.273200
351589.8	0.214700	0.233400	0.221300	0.227700	0.225500	0.257900	0.246200	0.220200	0.202800	0.278300	0.252600	0.264200
356685.3	0.211800	0.235900	0.221100	0.225900	0.226100	0.257800	0.242000	0.217300	0.199700	0.276900	0.253400	0.264000
361780.8	0.209800	0.238400	0.224000	0.228600	0.227500	0.257900	0.244300	0.215600	0.195300	0.279200	0.255200	0.268000
366876.3	0.206900	0.240700	0.224000	0.228000	0.228100	0.258100	0.242400	0.214200	0.192400	0.278800	0.256300	0.268900
371971.8	0.208400	0.239700	0.223800	0.228700	0.226900	0.257900	0.243700	0.215400	0.194300	0.277600	0.253500	0.264700
377067.3	0.210900	0.237700	0.223500	0.227900	0.224300	0.259700	0.245500	0.218000	0.197500	0.277300	0.252300	0.265800
382162.8	0.207400	0.240000	0.223300	0.227600	0.225100	0.257300	0.243700	0.214200	0.193900	0.276300	0.254000	0.266000
387258.3	0.203300	0.241900	0.224000	0.227800	0.227100	0.259700	0.244300	0.212800	0.189400	0.278100	0.257100	0.270600
392353.9	0.208300	0.238900	0.221800	0.227600	0.222100	0.258600	0.244200	0.215700	0.194700	0.275400	0.251300	0.264400
397449.4	0.204900	0.240100	0.222100	0.226800	0.223600	0.256700	0.242600	0.213600	0.189800	0.273400	0.252400	0.265900
402544.9	0.203900	0.238500	0.221600	0.226700	0.220500	0.257600	0.242700	0.213900	0.191000	0.272800	0.249400	0.264700
407640.4	0.202700	0.237700	0.220000	0.225700	0.219700	0.256700	0.241100	0.211700	0.189300	0.270600	0.250800	0.263300
412735.9	0.205600	0.235800	0.221000	0.227600	0.217500	0.255800	0.242400	0.214300	0.191700	0.270600	0.246600	0.260000
417831.4	0.205200	0.234800	0.221300	0.227100	0.215900	0.254700	0.240200	0.214000	0.191500	0.267900	0.245200	0.258500
422926.9	0.203500	0.236800	0.220500	0.227600	0.217000	0.253800	0.238100	0.211300	0.187600	0.268200	0.246800	0.261000
428022.4	0.205000	0.230400	0.219300	0.226800	0.213000	0.252300	0.238100	0.213900	0.190800	0.265200	0.241400	0.254700
433117.9	0.202300	0.233800	0.219900	0.226500	0.213000	0.253400	0.238700	0.212500	0.187900	0.266100	0.242000	0.256500
438213.4	0.206300	0.231900	0.220000	0.227500	0.211200	0.252300	0.240000	0.215300	0.193000	0.265500	0.241400	0.256600
443308.9	0.202200	0.232300	0.219100	0.225900	0.210500	0.249600	0.237100	0.212000	0.188300	0.262900	0.240000	0.254700
448404.4	0.205600	0.226000	0.216400	0.223500	0.205600	0.247600	0.236600	0.213900	0.192900	0.258300	0.233100	0.248500
453499.9	0.201500	0.231500	0.219400	0.224900	0.209500	0.250500	0.236100	0.211500	0.187500	0.261200	0.238900	0.253400
458595.4	0.201600	0.230400	0.217500	0.224100	0.207000	0.248600	0.236000	0.211500	0.187100	0.259600	0.236600	0.252100
463690.9	0.200000	0.229500	0.217300	0.222600	0.206600	0.247200	0.235100	0.210900	0.185300	0.259000	0.236400	0.251100
468786.4	0.199300	0.228800	0.216000	0.222800	0.206600	0.246000	0.232600	0.208500	0.184500	0.256900	0.236000	0.251000
473881.9	0.197600	0.230000	0.217200	0.223200	0.207100	0.246500	0.231100	0.207500	0.181800	0.257500	0.235600	0.249500
478977.4	0.203400	0.223200	0.213000	0.221100	0.201900	0.243600	0.233600	0.211300	0.188300	0.254100	0.229000	0.244000
484072.9	0.198300	0.226200	0.213100	0.220600	0.202800	0.242600	0.230300	0.207900	0.183200	0.252800	0.229700	0.245000
489168.4	0.200000	0.223900	0.213000	0.220000	0.200900	0.242000	0.229900	0.209800	0.185500	0.253200	0.229900	0.245300
494263.9	0.196600	0.229400	0.215000	0.220700	0.204800	0.242900	0.230000	0.206400	0.179600	0.256000	0.233500	0.248200
499359.4	0.199000	0.224700	0.212200	0.218900	0.201000	0.240200	0.228300	0.207700	0.183100	0.250500	0.228700	0.242800
504454.9	0.199700	0.222200	0.210400	0.217700	0.198400	0.238900	0.229100	0.208200	0.184600	0.249200	0.226400	0.239900
509550.4	0.197500	0.223600	0.210500	0.216100	0.198100	0.238200	0.228100	0.206900	0.181300	0.249300	0.226400	0.240100
514646.0	0.197000	0.224300	0.211900	0.216700	0.199300	0.237800	0.228700	0.206000	0.181800	0.250200	0.227200	0.243400
519741.5	0.196000	0.222600	0.210200	0.216000	0.198500	0.237600	0.226200	0.205200	0.180700	0.248800	0.226200	0.241600
524837.0	0.199300	0.218800	0.208300	0.215800	0.195700	0.235400	0.226300	0.207000	0.184200	0.246900	0.220700	0.236900
529932.5	0.192100	0.223400	0.209400	0.214500	0.198400	0.233000	0.224100	0.202900	0.175200	0.246800	0.226500	0.240400
535028.0	0.189500	0.225000	0.210500	0.214000	0.199100	0.232600	0.221800	0.200000	0.173200	0.247600	0.226400	0.242200
540123.5	0.194100	0.215400	0.206200	0.211400	0.192600	0.231000	0.222900	0.203400	0.181000	0.242200	0.218400	0.232800
545219.0	0.190900	0.217000	0.205600	0.211000	0.193100	0.229400	0.222000	0.201400	0.176100	0.241900	0.220700	0.232700
550314.5	0.189000	0.221800	0.207900	0.212100	0.196600	0.231000	0.219900	0.198500	0.171800	0.244000	0.223700	0.238100
555410.0	0.191300	0.216100	0.204300	0.210200	0.192200	0.227100	0.220900	0.200500	0.176500	0.240800	0.217900	0.232400
560505.5	0.193500	0.212800	0.203900	0.207300	0.188600	0.226700	0.219100	0.202300	0.178200	0.238500	0.213900	0.227900
565601.0	0.193900	0.213700	0.204000	0.208100	0.189300	0.228000	0.219100	0.200300	0.175600	0.239300	0.217300	0.230600
570696.5	0.190700	0.214900	0.203900	0.207600	0.189400	0.227100	0.218500	0.199100	0.174100	0.239800	0.217500	0.231600
575792.0	0.191100	0.211400	0.201000	0.206400	0.188100	0.224100	0.216800	0.198800	0.174400	0.237100	0.216000	0.230600
580887.5	0.194300	0.210200	0.201100	0.206000	0.186600	0.224600	0.218800	0.200800	0.178300	0.236600	0.212700	0.227900
585983.0	0.186500	0.216500	0.202200	0.206700	0.191300	0.224700	0.215900	0.195900	0.169100	0.238800	0.219900	0.234400
591078.5	0.189600	0.212400	0.201200	0.205100	0.187700	0.223600	0.214800	0.196500	0.172700	0.236600	0.216400	0.230400
596174.0	0.187900	0.214000	0.202700	0.205900	0.189200	0.224300	0.215300	0.197300	0.171700	0.237700	0.216900	0.230800
601269.5	0.188900	0.211600	0.200000	0.204900	0.187700	0.223100	0.214800	0.197200	0.171600	0.236000	0.215600	0.230000
606365.0	0.187400	0.213000	0.200900	0.204600	0.187100	0.222300	0.213700	0.195100	0.169300	0.236000	0.217000	0.231200
611460.5	0.187500	0.209800	0.200500	0.203500	0.184900	0.221800	0.212800	0.194900	0.171900	0.234200	0.214600	0.227000
616556.0	0.186700	0.210500	0.200300	0.203500	0.184800	0.220900	0.212300	0.194700	0.169100	0.234200	0.214000	0.228100
621651.5	0.184400	0.210600	0.199800	0.202400	0.185800	0.219700	0.209400	0.192100	0.167400	0.233800	0.214700	0.228700
626747.0	0.185300	0.208600	0.199600	0.201700	0.184300	0.220100	0.211100	0.193400	0.168800	0.233700	0.213000	0.227200
631842.5	0.187300	0.203500	0.196000	0.199600	0.180400	0.217900	0.210300	0.194600	0.171800	0.229900	0.210100	0.222300
636938.1	0.184700	0.207000	0.198000	0.201400	0.181800	0.216100	0.210200	0.192300	0.168400	0.230500	0.210800	0.223400
642033.6	0.183900	0.207200	0.198000	0.200100	0.182400	0.217900	0.210100	0.192800	0.169300	0.231400	0.211700	0.224000
647129.1	0.186800	0.204700	0.196700	0.199700	0.180000	0.215900	0.209700	0.193300	0.170100	0.228400	0.209900	0.221300
652224.6	0.182900	0.206300	0.196300	0.199000	0.180900	0.214400	0.207900	0.190800	0.167400	0.228500	0.208400	0.220200
657320.1	0.183800	0.205300	0.196800	0.199000	0.180200	0.214500	0.208400	0.191000	0.167700	0.228000	0.209300	0.221300
662415.6	0.184400	0.202800	0.194400	0.197300	0.178100	0.214200	0.206800	0.191400	0.168800	0.226100	0.208500	0.218800
667511.1	0.183400	0.201900	0.193800	0.196600	0.176700	0.212000	0.206000	0.189700	0.167900	0.224300	0.206200	0.217500
672606.6	0.187100	0.197500	0.191100	0.195300	0.174000	0.210000	0.206800	0.191900	0.172100	0.223400	0.203000	0.213900
677702.1	0.178900	0.203900	0.194200	0.196500	0.178000	0.211800	0.204400	0.186000	0.163300	0.224700	0.206700	0.218500
682797.6	0.182400	0.203300	0.193500	0.196700	0.177800	0.212500	0.205000	0.188500	0.166600	0.225900	0.206700	0.217100
687893.1	0.175800	0.207800	0.195500	0.197000	0.180600	0.211000	0.200600	0.184300	0.159500	0.226400	0.210300	0.221800
692988.6	0.177200	0.203600	0.192500	0.195700	0.178600	0.211800	0.202000	0.185200	0.162400	0.226300	0.208600	0.219200
698084.1	0.179100	0.201000	0.191700	0.195200	0.175200	0.209000	0.202900	0.186400	0.163600	0.223400	0.205400	0.214500
703179.6	0.180500	0.201400	0.192700	0.195800	0.176000	0.208600	0.203100	0.186600	0.164200	0.224300	0.206300	0.216600
708275.1	0.177700	0.201200	0.191500	0.193800	0.175900	0.208300	0.200300	0.184600	0.162300	0.223800	0.206900	0.215700
713370.6	0.177900	0.202000	0.193200	0.195300	0.176300	0.209600	0.200900	0.184300	0.161800	0.224900	0.208100	0.218200
718466.1	0.177400	0.199900	0.190300	0.192700	0.174000	0.207000	0.200000	0.183800	0.161700	0.221600	0.205000	0.213600
723561.6	0.176400	0.202400	0.191800	0.194100	0.175600	0.207500	0.197900	0.182900	0.159600	0.222900	0.206000	0.216900
728657.1	0.175200	0.200200	0.190600	0.192800	0.174100	0.204100	0.198600	0.182500	0.159800	0.221700	0.205100	0.215000
733752.6	0.172400	0.201700	0.189600	0.192000	0.174200	0.204700	0.196000	0.179300	0.156500	0.220600	0.205700	0.215700
738848.1	0.177700	0.195000	0.189100	0.192000	0.170100	0.203100	0.197100	0.183700	0.163100	0.217800	0.200900	0.208500
743943.6	0.175500	0.197400	0.189500	0.191900	0.171100	0.202800	0.195600	0.181800	0.159900	0.218200	0.201600	0.210700
749039.1	0.174400	0.197300	0.188300	0.190700	0.171400	0.203000	0.195200	0.180300	0.159500	0.218200	0.202300	0.211900
754134.6	0.172000	0.202500	0.191100	0.193000	0.174700	0.203000	0.194500	0.178800	0.156400	0.220400	0.205500	0.215100
759230.1	0.170300	0.199400	0.188500	0.190300	0.172200	0.202100	0.193900	0.177400	0.154900	0.218700	0.205500	0.214000
764325.7	0.175300	0.197100	0.188300	0.191200	0.171600	0.202600	0.194800	0.181100	0.159900	0.220000	0.201900	0.212900
769421.2	0.171900	0.200500	0.191100	0.192300	0.173400	0.203600	0.192600	0.177900	0.156000	0.219400	0.204800	0.213400
774516.7	0.173500	0.196200	0.188100	0.190200	0.170100	0.200900	0.195000	0.179300	0.159600	0.217400	0.200800	0.207900
779612.2	0.172600	0.195800	0.188200	0.190400	0.169400	0.200900	0.194600	0.179200	0.157800	0.216700	0.199900	0.207800
784707.7	0.170800	0.195300	0.187200	0.188400	0.168800	0.197800	0.192100	0.177400	0.155800	0.214700	0.199300	0.206500
789803.2	0.169800	0.197700	0.187900	0.190100	0.171100	0.200500	0.192200	0.176800	0.154600	0.217300	0.202400	0.210800
794898.7	0.170600	0.194600	0.186500	0.188100	0.168600	0.198000	0.191600	0.176800	0.157200	0.214300	0.200600	0.208100
799994.2	0.167700	0.197400	0.186300	0.187800	0.170300	0.197300	0.190100	0.174700	0.152500	0.215500	0.202100	0.209800
805089.7	0.166100	0.198400	0.186900	0.188000	0.170700	0.197300	0.189000	0.172800	0.151400	0.214700	0.202300	0.207400
810185.2	0.168300	0.199200	0.187200	0.188900	0.170400	0.198600	0.190500	0.174500	0.152900	0.215800	0.201000	0.209000
815280.7	0.166600	0.195600	0.185900	0.187000	0.168500	0.195500	0.187500	0.173200	0.151700	0.213800	0.199100	0.206500
820376.2	0.166000	0.198700	0.185800	0.187200	0.170400	0.197400	0.189200	0.173600	0.151900	0.216300	0.202500	0.209000
825471.7	0.169900	0.192100	0.183300	0.187200	0.165500	0.194600	0.189800	0.175900	0.156600	0.212200	0.196600	0.203600
830567.2	0.167200	0.192600	0.183800	0.185500	0.166100	0.194300	0.187700	0.174100	0.154200	0.212300	0.199100	0.205300
835662.7	0.169500	0.190200	0.181400	0.184600	0.164900	0.192900	0.188100	0.174700	0.156400	0.210700	0.197500	0.202900
840758.2	0.169500	0.190500	0.182100	0.185400	0.164300	0.193600	0.188200	0.175400	0.156700	0.211100	0.196100	0.203400
845853.7	0.170300	0.185600	0.179700	0.183500	0.162700	0.191300	0.185900	0.175400	0.158100	0.207800	0.193000	0.199600
850949.2	0.167000	0.191400	0.181500	0.185200	0.164500	0.193200	0.185300	0.172800	0.153900	0.210200	0.196300	0.201600
856044.7	0.164200	0.191700	0.182500	0.184100	0.165900	0.192000	0.184700	0.171200	0.151300	0.210700	0.197300	0.202300
861140.2	0.164000	0.191400	0.181700	0.184100	0.165800	0.191800	0.184100	0.170900	0.151100	0.209500	0.197300	0.202400
866235.7	0.164500	0.190000	0.181900	0.184400	0.165400	0.191200	0.186000	0.171300	0.152100	0.210400	0.195400	0.202000
871331.2	0.164000	0.192500	0.182800	0.185000	0.166500	0.191700	0.184600	0.171000	0.150600	0.212100	0.199600	0.205300
876426.7	0.167100	0.185700	0.178200	0.182700	0.162300	0.188500	0.182900	0.171300	0.154900	0.206300	0.194100	0.198900
881522.2	0.165600	0.185100	0.179200	0.182600	0.161900	0.188600	0.182000	0.170700	0.154000	0.206400	0.192000	0.198500
886617.8	0.163200	0.189100	0.180500	0.183600	0.164600	0.190300	0.183500	0.169600	0.150100	0.209100	0.196800	0.202100
891713.3	0.162200	0.189300	0.180700	0.182700	0.164600	0.188600	0.181200	0.168400	0.149700	0.208200	0.198100	0.203700
896808.8	0.160800	0.189200	0.180100	0.182200	0.163700	0.187400	0.179900	0.166300	0.148100	0.207000	0.195900	0.201600
901904.3	0.160300	0.189300	0.179100	0.182700	0.164300	0.186100	0.179500	0.165800	0.147600	0.206800	0.196700	0.202200
906999.8	0.162000	0.187900	0.180300	0.183200	0.164200	0.187400	0.181500	0.167700	0.149900	0.207500	0.195000	0.199500
912095.3	0.159300	0.189100	0.180100	0.181900	0.164700	0.186900	0.179400	0.166500	0.147400	0.207900	0.196800	0.201800
917190.8	0.160600	0.188200	0.179900	0.183100	0.163600	0.187300	0.179000	0.166900	0.148300	0.208100	0.196900	0.202700
922286.3	0.159500	0.186600	0.178400	0.181300	0.163500	0.185400	0.178800	0.166100	0.148500	0.205900	0.194200	0.198700
927381.8	0.159200	0.187500	0.179700	0.181900	0.162700	0.185400	0.178200	0.165000	0.146900	0.206400	0.195700	0.199400
932477.3	0.159500	0.185300	0.177200	0.179800	0.162400	0.183600	0.177600	0.164400	0.147000	0.204200	0.194900	0.199200
937572.8	0.160600	0.183500	0.176900	0.180300	0.160900	0.182900	0.176700	0.165200	0.148900	0.203100	0.192600	0.196700
942668.3	0.159000	0.187000	0.179000	0.181400	0.163000	0.185500	0.178300	0.164300	0.148100	0.207000	0.195100	0.200400
947763.8	0.156600	0.186300	0.177700	0.180300	0.162400	0.183400	0.176100	0.162400	0.144900	0.204500	0.193500	0.198000
952859.3	0.158000	0.184800	0.177000	0.180200	0.162000	0.182900	0.176400	0.163200	0.146200	0.204100	0.192900	0.196600
957954.8	0.158000	0.181500	0.175500	0.179100	0.159400	0.181200	0.175400	0.163300	0.147100	0.201500	0.191200	0.194300
963050.3	0.159400	0.183000	0.176800	0.180000	0.160600	0.181900	0.176900	0.163400	0.148000	0.203100	0.192500	0.195100
968145.8	0.156900	0.182400	0.174800	0.178700	0.159900	0.180600	0.174900	0.161600	0.145700	0.201600	0.191100	0.195400
973241.3	0.157300	0.183200	0.175800	0.179400	0.160600	0.181000	0.175900	0.162100	0.145500	0.202500	0.191800	0.195200
978336.8	0.159800	0.181000	0.174700	0.178500	0.158900	0.180500	0.175700	0.163400	0.147900	0.201000	0.190400	0.193600
983432.3	0.156700	0.182500	0.175800	0.178700	0.161000	0.180800	0.173700	0.160900	0.145300	0.202200	0.192000	0.195300
988527.8	0.153800	0.185900	0.176100	0.178900	0.163000	0.180700	0.172900	0.159200	0.141900	0.203700	0.194500	0.198600
993623.3	0.157600	0.181400	0.173900	0.177300	0.159400	0.179400	0.173400	0.160900	0.145700	0.200900	0.190700	0.192300
998718.8	0.157200	0.180800	0.173400	0.176700	0.159800	0.179600	0.172000	0.160100	0.145200	0.199300	0.187500	0.192700
1003814.3	0.159100	0.178000	0.172500	0.176100	0.157200	0.177600	0.172600	0.160800	0.147700	0.198100	0.187700	0.191900
1008909.8	0.154000	0.184600	0.175500	0.178200	0.161400	0.180400	0.173200	0.159000	0.142700	0.202100	0.193100	0.196000
1014005.3	0.158200	0.177300	0.172600	0.177800	0.157200	0.177600	0.172900	0.161400	0.147800	0.198100	0.187000	0.190500
1019100.9	0.155600	0.179700	0.173100	0.176300	0.159500	0.177600	0.172000	0.159100	0.144400	0.199300	0.190500	0.192800
1024196.4	0.154900	0.181600	0.173700	0.176700	0.159600	0.176900	0.172000	0.157900	0.143600	0.199400	0.191700	0.195000
1029291.9	0.156400	0.177900	0.171300	0.175000	0.157900	0.176100	0.171900	0.158600	0.145600	0.196800	0.189100	0.193000
1034387.4	0.153400	0.181500	0.173300	0.177200	0.159700	0.177000	0.171500	0.157300	0.141900	0.200000	0.191500	0.194500
1039482.9	0.154100	0.178900	0.172300	0.176300	0.158600	0.176300	0.171200	0.157900	0.142400	0.197900	0.189000	0.191000
1044578.4	0.153900	0.177500	0.171300	0.175600	0.157500	0.174900	0.170800	0.157000	0.143500	0.196300	0.188500	0.190900
1049673.9	0.153000	0.182100	0.174300	0.177600	0.160200	0.177600	0.170500	0.156300	0.141300	0.200000	0.190300	0.194600
1054769.4	0.150800	0.180000	0.173200	0.175800	0.159500	0.175600	0.170500	0.155600	0.140600	0.197900	0.190400	0.193300
1059864.9	0.152500	0.179000	0.171800	0.175400	0.158000	0.173800	0.168500	0.155600	0.141600	0.196200	0.188400	0.192100
1064960.4	0.151300	0.179900	0.171400	0.175000	0.158300	0.173300	0.166700	0.154300	0.140200	0.197300	0.188800	0.192300
1070055.9	0.152500	0.178900	0.171700	0.175100	0.158200	0.174300	0.167400	0.154400	0.141300	0.197200	0.189400	0.191800
1075151.4	0.154800	0.175200	0.169100	0.174300	0.155600	0.173400	0.168800	0.156700	0.144900	0.193600	0.185000	0.187900
1080246.9	0.153600	0.175700	0.169900	0.173600	0.155900	0.171700	0.168400	0.155500	0.143900	0.194200	0.185700	0.188200
1085342.4	0.152600	0.177600	0.171100	0.175400	0.156800	0.171800	0.167200	0.154200	0.141800	0.194700	0.185800	0.189000
1090437.9	0.149500	0.178100	0.171200	0.174700	0.157700	0.172100	0.166100	0.154000	0.139500	0.194900	0.187200	0.189500
1095533.4	0.151200	0.175700	0.170000	0.174900	0.156100	0.172200	0.166000	0.154400	0.140500	0.193800	0.185700	0.187300
1100628.9	0.150200	0.177500	0.170500	0.174200	0.157800	0.172600	0.166400	0.153100	0.140400	0.194900	0.186500	0.189100
1105724.4	0.149600	0.178300	0.170600	0.173600	0.157800	0.170900	0.164900	0.152100	0.139500	0.193900	0.187200	0.189200
1110819.9	0.149000	0.179600	0.170700	0.175100	0.159100	0.172900	0.165500	0.151900	0.138900	0.196400	0.190300	0.192600
1115915.4	0.148800	0.177200	0.169900	0.173400	0.157400	0.171000	0.165800	0.151700	0.138400	0.193900	0.187900	0.188800
1121010.9	0.147800	0.178100	0.170400	0.174800	0.158600	0.171500	0.164000	0.150700	0.137100	0.194100	0.188400	0.190300
1126106.4	0.147000	0.177600	0.169800	0.173200	0.157800	0.170100	0.164300	0.150300	0.137300	0.193000	0.186900	0.189400
1131201.9	0.148100	0.176600	0.169800	0.173100	0.157200	0.170700	0.164100	0.150800	0.138000	0.193700	0.187000	0.188700
1136297.4	0.147000	0.179800	0.171200	0.174700	0.160600	0.171000	0.163200	0.149600	0.136300	0.194800	0.189300	0.192000
1141392.9	0.147100	0.178100	0.170800	0.173500	0.158400	0.169700	0.163000	0.150700	0.136800	0.193500	0.187500	0.189700
1146488.4	0.147600	0.176700	0.169900	0.173600	0.158300	0.169200	0.163700	0.149800	0.136900	0.193000	0.187800	0.189200
1151584.0	0.147000	0.174900	0.168600	0.172800	0.156800	0.169100	0.163100	0.150300	0.138200	0.190800	0.183400	0.185800
1156679.5	0.151000	0.174300	0.167900	0.172900	0.155700	0.168900	0.163800	0.152200	0.140600	0.190400	0.183800	0.185100
1161775.0	0.149100	0.172600	0.167100	0.171800	0.154600	0.168300	0.162600	0.150600	0.139800	0.189100	0.181900	0.183700
1166870.5	0.147300	0.177300	0.170500	0.173600	0.158300	0.169900	0.162300	0.149900	0.136900	0.192000	0.185600	0.187600
1171966.0	0.149200	0.172900	0.168200	0.172700	0.154800	0.167400	0.162600	0.151100	0.140200	0.189400	0.182800	0.184300
1177061.5	0.152000	0.178600	0.173900	0.176200	0.160200	0.173100	0.166200	0.154000	0.141500	0.195300	0.187000	0.183000
1182157.0	0.154100	0.180100	0.173800	0.176700	0.159700	0.174000	0.167500	0.155100	0.143500	0.196400	0.187100	0.182800
1187252.5	0.154200	0.180600	0.174700	0.177600	0.160500	0.174200	0.167800	0.155200	0.143300	0.196100	0.189300	0.184800
1192348.0	0.153100	0.181100	0.175000	0.178200	0.161400	0.174500	0.167400	0.153200	0.142600	0.196800	0.190400	0.187700
1197443.5	0.153100	0.180900	0.174100	0.177900	0.161800	0.175600	0.167500	0.153400	0.141300	0.196300	0.190100	0.187700
1202539.0	0.156300	0.178500	0.174600	0.177500	0.161000	0.174900	0.169100	0.155200	0.145200	0.196200	0.189200	0.186900
1207634.5	0.152600	0.177900	0.173800	0.177500	0.160400	0.173600	0.168000	0.154300	0.142300	0.194600	0.188000	0.186200
1212730.0	0.154400	0.176000	0.171200	0.175800	0.158100	0.171600	0.166300	0.153500	0.143900	0.192900	0.187100	0.185500
1217825.5	0.151700	0.179400	0.174400	0.177800	0.161400	0.174400	0.165800	0.152300	0.141100	0.195100	0.191500	0.189000
1222921.0	0.155400	0.175400	0.173400	0.176600	0.162500	0.173200	0.168000	0.155100	0.148400	0.200300	0.197000	0.187600
1228016.5	0.160400	0.181600	0.180400	0.180400	0.210400	0.192700	0.183500	0.169900	0.176500	0.250700	0.262200	0.210700
1233112.0	0.173600	0.189500	0.192800	0.184700	0.283500	0.226000	0.210800	0.198200	0.229500	0.307300	0.342200	0.240900
1238207.5	0.186700	0.198400	0.205500	0.189900	0.340100	0.259100	0.236000	0.225600	0.264400	0.353400	0.386200	0.264600
1243303.0	0.201000	0.203800	0.216700	0.192700	0.364700	0.286100	0.259700	0.255600	0.295900	0.390000	0.411100	0.281700
1248398.5	0.211800	0.209700	0.226700	0.195400	0.377100	0.309100	0.278200	0.280600	0.320800	0.421900	0.429600	0.294900
1253494.0	0.221300	0.222300	0.237600	0.200200	0.396700	0.331100	0.294100	0.304300	0.338700	0.449600	0.455400	0.314300
1258589.5	0.234600	0.223000	0.247000	0.202600	0.398600	0.342200	0.309600	0.328800	0.366300	0.468600	0.470900	0.327600
1263685.0	0.246500	0.228700	0.256500	0.206300	0.404800	0.355300	0.324700	0.351400	0.386900	0.485300	0.483600	0.337400
1268780.5	0.250300	0.235400	0.263600	0.208800	0.416300	0.364700	0.336000	0.364100	0.398800	0.496600	0.501200	0.352900
1273876.0	0.255600	0.247300	0.271600	0.214200	0.430700	0.378000	0.348600	0.371300	0.402300	0.512500	0.517800	0.367200
1278971.6	0.259000	0.253900	0.273000	0.215800	0.442800	0.381200	0.354300	0.373800	0.407100	0.512300	0.531300	0.377600
1284067.1	0.262100	0.253500	0.272100	0.217100	0.444000	0.383700	0.362500	0.379700	0.412600	0.512200	0.531900	0.378500
1289162.6	0.264000	0.260300	0.274700	0.218700	0.454200	0.388700	0.366300	0.383900	0.413600	0.516200	0.537600	0.386000
1294258.1	0.263100	0.264600	0.275800	0.219400	0.462900	0.391400	0.369900	0.381600	0.416600	0.515200	0.536400	0.385800
1299353.6	0.260900	0.270600	0.279100	0.222400	0.479700	0.397300	0.370000	0.378300	0.412300	0.522600	0.550800	0.395700
1304449.1	0.264100	0.269600	0.278000	0.224100	0.480500	0.400200	0.376600	0.381100	0.417600	0.526300	0.550600	0.396000
1309544.6	0.267500	0.267500	0.273800	0.223400	0.480100	0.398700	0.379000	0.385600	0.429100	0.516100	0.550200	0.393700
1314640.1	0.265400	0.270100	0.275700	0.224900	0.487300	0.401600	0.378400	0.380200	0.423800	0.518500	0.551400	0.392700
1319735.6	0.264100	0.274400	0.275000	0.226900	0.495700	0.404800	0.376900	0.378500	0.419800	0.520900	0.559300	0.396300
1324831.1	0.271200	0.267900	0.274400	0.226800	0.489900	0.405900	0.383200	0.384500	0.431700	0.519000	0.547100	0.389000
1329926.6	0.272900	0.270200	0.271000	0.227600	0.489400	0.400800	0.379000	0.381600	0.433400	0.518200	0.552700	0.390400
1335022.1	0.274500	0.271500	0.273500	0.230800	0.498700	0.406100	0.383900	0.382700	0.429300	0.523500	0.562200	0.398700
1340117.6	0.271800	0.278100	0.276600	0.232100	0.507900	0.411400	0.385300	0.380200	0.424400	0.526800	0.565300	0.407300
1345213.1	0.277200	0.273600	0.273200	0.234100	0.503000	0.409200	0.388300	0.384900	0.435700	0.526300	0.570700	0.410300
1350308.6	0.275200	0.281500	0.276100	0.237100	0.507700	0.414100	0.390600	0.378700	0.428000	0.531000	0.569800	0.411200
1355404.1	0.275800	0.272400	0.268800	0.233900	0.500300	0.409700	0.386300	0.375800	0.428300	0.517600	0.561400	0.401200
1360499.6	0.275200	0.277400	0.270100	0.235600	0.509100	0.406500	0.381800	0.370900	0.415000	0.519400	0.564300	0.407900
1365595.1	0.277700	0.278100	0.272100	0.237300	0.512300	0.407100	0.385500	0.371700	0.421900	0.524900	0.559400	0.406400
1370690.6	0.277200	0.276500	0.270000	0.237500	0.510900	0.404500	0.385900	0.373200	0.423500	0.519800	0.550300	0.401500
1375786.1	0.279900	0.273400	0.266200	0.235900	0.507600	0.403200	0.385400	0.372900	0.427800	0.516500	0.545500	0.397000
1380881.6	0.277600	0.278100	0.270200	0.239900	0.518400	0.407400	0.386300	0.370800	0.420300	0.521600	0.554800	0.402900
1385977.1	0.274900	0.280400	0.269100	0.239800	0.522300	0.404300	0.381700	0.364300	0.417700	0.523100	0.563600	0.406700
1391072.6	0.276100	0.280100	0.270900	0.241600	0.515800	0.402200	0.385200	0.363900	0.417100	0.520200	0.556600	0.404900
1396168.1	0.264700	0.276200	0.264500	0.239800	0.477400	0.374700	0.361600	0.340000	0.393400	0.478500	0.515600	0.387300
1401263.6	0.242200	0.257800	0.242000	0.231600	0.395300	0.323600	0.325000	0.300000	0.361900	0.403100	0.423200	0.341800
1406359.1	0.226800	0.244800	0.229400	0.226600	0.349700	0.290500	0.295500	0.272600	0.338600	0.361000	0.364200	0.316100
1411454.6	0.217700	0.232600	0.217800	0.221100	0.312400	0.265000	0.274800	0.254600	0.322800	0.326000	0.319400	0.289200
1416550.2	0.207300	0.227300	0.210700	0.218200	0.292100	0.247500	0.260500	0.239000	0.307600	0.304100	0.294800	0.278100
1421645.7	0.200800	0.222400	0.205600	0.215300	0.273600	0.235200	0.245500	0.225400	0.293900	0.286900	0.273100	0.264700
1426741.2	0.191600	0.221200	0.202900	0.213900	0.260400	0.224100	0.232500	0.214200	0.276400	0.275100	0.262300	0.259600
1431836.7	0.184400	0.216000	0.196700	0.208700	0.247700	0.213500	0.221200	0.203400	0.263700	0.262300	0.252000	0.251300
1436932.2	0.180800	0.204600	0.188900	0.203900	0.231000	0.202500	0.213400	0.197500	0.259500	0.247400	0.233200	0.235000
1442027.7	0.176000	0.197700	0.185200	0.200500	0.220400	0.193800	0.202300	0.190600	0.251100	0.237400	0.224300	0.228000
1447123.2	0.169700	0.195600	0.181500	0.198300	0.214800	0.187400	0.194000	0.182500	0.240200	0.231000	0.220200	0.223500
1452218.7	0.163300	0.191700	0.178100	0.195500	0.208100	0.181800	0.185900	0.176600	0.229800	0.225600	0.216000	0.219800
1457314.2	0.158000	0.187000	0.173400	0.190800	0.202700	0.175000	0.178100	0.169600	0.221600	0.217500	0.210500	0.214000
1462409.7	0.152600	0.185700	0.171900	0.188700	0.199200	0.171600	0.172300	0.164800	0.212600	0.215400	0.207000	0.211300
1467505.2	0.150400	0.177200	0.166600	0.184400	0.189900	0.166400	0.168400	0.161900	0.210900	0.208500	0.201300	0.202100
1472600.7	0.146000	0.177800	0.166400	0.183600	0.190700	0.164300	0.165100	0.157000	0.200700	0.207400	0.199700	0.201700
1477696.2	0.141300	0.175000	0.164400	0.179800	0.186500	0.161900	0.160300	0.153400	0.194000	0.202700	0.197700	0.196600
1482791.7	0.140400	0.171100	0.161000	0.176700	0.182900	0.159500	0.158300	0.150300	0.190900	0.199600	0.194800	0.193600
1487887.2	0.138700	0.170800	0.160600	0.176300	0.181700	0.157800	0.156600	0.148900	0.187700	0.198500	0.193600	0.192600
1492982.7	0.136200	0.169100	0.158400	0.173100	0.178900	0.155900	0.153900	0.146600	0.182100	0.195700	0.191700	0.189500
1498078.2	0.135900	0.167000	0.158000	0.172800	0.176600	0.155600	0.153100	0.145200	0.179500	0.194100	0.189500	0.186900
1503173.7	0.134900	0.165100	0.156100	0.170000	0.174300	0.153700	0.151800	0.143700	0.176800	0.191800	0.187900	0.184900
1508269.2	0.135200	0.162900	0.154700	0.168900	0.171200	0.151600	0.149900	0.143300	0.176400	0.188800	0.184900	0.180600
1513364.7	0.133900	0.162800	0.154200	0.167000	0.172800	0.151400	0.149400	0.142200	0.173600	0.188600	0.186200	0.182000
1518460.2	0.135200	0.160200	0.153500	0.167500	0.169400	0.152000	0.150100	0.143300	0.173800	0.188400	0.183500	0.178000
1523555.7	0.131600	0.162900	0.154200	0.165900	0.170800	0.151300	0.148200	0.139600	0.167000	0.187100	0.184600	0.179700
1528651.2	0.128400	0.164300	0.155200	0.165800	0.172200	0.151400	0.146300	0.137600	0.161400	0.187400	0.186200	0.180300
1533746.7	0.129400	0.161100	0.151700	0.163800	0.169000	0.149500	0.145400	0.137900	0.162200	0.184900	0.181900	0.177400
1538842.2	0.128300	0.162500	0.152900	0.165200	0.169900	0.150900	0.145400	0.137400	0.158800	0.185800	0.182600	0.178400
1543937.8	0.129300	0.160100	0.151900	0.163100	0.167400	0.148300	0.146100	0.137100	0.160600	0.183500	0.181200	0.175600
1549033.3	0.128200	0.159300	0.151700	0.162500	0.167600	0.147700	0.145600	0.136000	0.158200	0.183300	0.180800	0.175600
1554128.8	0.127100	0.159200	0.150300	0.161600	0.166900	0.148300	0.143700	0.135200	0.155200	0.181600	0.180600	0.174800
1559224.3	0.126100	0.159000	0.149500	0.160600	0.166500	0.146600	0.141700	0.133900	0.153200	0.181400	0.180900	0.174300
1564319.8	0.125600	0.157800	0.149900	0.160700	0.166700	0.147000	0.142700	0.133200	0.151900	0.180000	0.179400	0.172500
1569415.3	0.127000	0.156200	0.148600	0.160400	0.164300	0.146200	0.142000	0.134900	0.154500	0.178600	0.175600	0.170700
1574510.8	0.127500	0.155800	0.148400	0.160600	0.165100	0.146800	0.142100	0.134900	0.154700	0.178900	0.178600	0.170200
1579606.3	0.127000	0.155300	0.149000	0.159900	0.164300	0.146800	0.141500	0.134500	0.152200	0.179100	0.177400	0.170000
1584701.8	0.126700	0.158600	0.151400	0.161300	0.166400	0.147400	0.142600	0.134000	0.150900	0.180900	0.180800	0.172000
1589797.3	0.127600	0.156300	0.148500	0.159500	0.164000	0.146300	0.142300	0.134400	0.151300	0.177900	0.177500	0.170500
1594892.8	0.126600	0.157300	0.149000	0.159400	0.164800	0.147700	0.142200	0.133600	0.149000	0.179500	0.177800	0.170100
1599988.3	0.126400	0.157500	0.148800	0.159400	0.166700	0.145900	0.141500	0.132600	0.147400	0.179300	0.179800	0.170700
1605083.8	0.125500	0.158500	0.150800	0.159900	0.167100	0.147300	0.141500	0.131700	0.145900	0.179600	0.179600	0.171900
1610179.3	0.126300	0.157400	0.149400	0.158800	0.166600	0.147700	0.141900	0.132100	0.146300	0.179700	0.179200	0.171000
1615274.8	0.124000	0.159900	0.148300	0.159300	0.167600	0.146000	0.140100	0.130000	0.141900	0.178600	0.179700	0.171400
1620370.3	0.124800	0.157400	0.148400	0.158300	0.166100	0.146500	0.140100	0.130200	0.143200	0.178200	0.179700	0.171700
