VERSION	1200
Time[MSec.]	Ratio	Ratio	Ratio	Ratio	Ratio	Ratio	Ratio	Ratio	Ratio	Ratio	Ratio	Ratio	Ratio	Ratio	Ratio	Ratio	Ratio	Ratio	Ratio
%.1f	%.4f	%.4f	%.4f	%.4f	%.4f	%.4f	%.4f	%.4f	%.4f	%.4f	%.4f	%.4f	%.4f	%.4f	%.4f	%.4f	%.4f	%.4f	%.4f
Time	ROI(1-1)	ROI(1-2)	ROI(1-3)	ROI(1-4)	ROI(1-5)	ROI(1-6)	ROI(1-7)	ROI(1-8)	ROI(1-9)	ROI(1-10)	ROI(1-11)	ROI(1-12)	ROI(1-13)	ROI(1-14)	ROI(1-15)	ROI(1-16)	ROI(1-17)	ROI(1-18)	ROI(1-19)
GraphNo	1	2	3	4	5	6	7	8	9	10	11	12	13	14	15	16	17	18	19
0.0	0.146100	0.143900	0.109800	0.143000	0.128700	0.149100	0.180400	0.184800	0.186300	0.141300	0.085400	0.160700	0.166700	0.172000	0.152000	0.167100	0.156800	0.158300	0.158500
4957.8	0.146200	0.143900	0.112000	0.143900	0.129800	0.155400	0.178100	0.183200	0.185000	0.142500	0.088700	0.162300	0.166800	0.170500	0.152800	0.169600	0.159900	0.157700	0.161500
9915.6	0.147700	0.145100	0.113700	0.145000	0.133200	0.155200	0.175600	0.180700	0.181500	0.142400	0.091500	0.162000	0.163400	0.167400	0.155000	0.175400	0.160800	0.157100	0.163700
14873.4	0.147400	0.145100	0.114800	0.146400	0.130600	0.156400	0.176300	0.182300	0.184200	0.141800	0.092300	0.163200	0.165700	0.169100	0.156200	0.177900	0.161000	0.157600	0.163200
19831.2	0.146100	0.144000	0.113000	0.143100	0.129400	0.157800	0.178300	0.183800	0.184900	0.141100	0.090200	0.160700	0.165200	0.169200	0.154800	0.183600	0.159200	0.157600	0.156700
24788.9	0.147600	0.144100	0.111500	0.142700	0.129000	0.158700	0.177300	0.183400	0.185800	0.141200	0.090100	0.158800	0.165300	0.169500	0.154400	0.180800	0.158600	0.157400	0.153900
29746.7	0.149400	0.144800	0.113200	0.143500	0.128500	0.157900	0.177600	0.184000	0.186000	0.141800	0.092000	0.157300	0.164700	0.168100	0.155400	0.183400	0.159900	0.157500	0.151500
34704.5	0.146200	0.144400	0.113500	0.143400	0.129400	0.156100	0.177500	0.182400	0.186700	0.142600	0.092600	0.158600	0.163400	0.169100	0.155000	0.182600	0.159600	0.158100	0.151200
39662.3	0.148200	0.144800	0.114800	0.143700	0.128200	0.155700	0.175800	0.181300	0.183300	0.143400	0.094800	0.158800	0.161800	0.165300	0.155900	0.186700	0.159900	0.157400	0.152500
44620.1	0.146700	0.144000	0.114100	0.143200	0.127300	0.155700	0.175700	0.180500	0.183100	0.144500	0.094200	0.159100	0.162600	0.165300	0.157000	0.191300	0.158400	0.156700	0.152600
49577.9	0.147000	0.142800	0.110100	0.143200	0.123400	0.157100	0.178300	0.184700	0.187800	0.142500	0.091000	0.161600	0.164800	0.167800	0.155500	0.191200	0.155100	0.156400	0.159300
54535.7	0.149300	0.143800	0.113000	0.144400	0.127500	0.156100	0.176500	0.182500	0.184500	0.143100	0.093100	0.161500	0.162800	0.166600	0.156500	0.193300	0.156700	0.156300	0.156700
59493.5	0.149300	0.143200	0.111500	0.143500	0.124600	0.156300	0.177200	0.184100	0.185400	0.142900	0.091600	0.161300	0.163800	0.168700	0.156900	0.192200	0.155700	0.157100	0.154300
64451.3	0.146900	0.142200	0.113000	0.142500	0.128300	0.155100	0.174400	0.182100	0.181600	0.143300	0.092500	0.162900	0.161100	0.165400	0.157000	0.187500	0.156900	0.156100	0.159900
69409.0	0.145600	0.141200	0.111600	0.142100	0.125700	0.155500	0.176800	0.184800	0.185900	0.141700	0.092000	0.166600	0.162600	0.167100	0.155400	0.181700	0.154000	0.156700	0.163200
74366.8	0.144500	0.141800	0.113500	0.142100	0.124500	0.154200	0.173900	0.181700	0.183000	0.142900	0.094100	0.161600	0.161300	0.165000	0.154600	0.182400	0.155800	0.155900	0.159300
79324.6	0.146800	0.142600	0.114300	0.142800	0.125500	0.156900	0.175700	0.184400	0.185200	0.143300	0.095900	0.161900	0.162700	0.167500	0.155900	0.181600	0.156300	0.157000	0.155800
84282.4	0.145700	0.141300	0.112700	0.142200	0.123500	0.156900	0.175500	0.182500	0.184700	0.142300	0.093100	0.158200	0.162900	0.166300	0.153600	0.182500	0.155500	0.156400	0.152800
89240.2	0.144200	0.141600	0.111800	0.141200	0.122400	0.154000	0.173700	0.181600	0.180800	0.142100	0.093600	0.156500	0.161900	0.164300	0.153200	0.180300	0.154500	0.156500	0.149000
94198.0	0.144100	0.140700	0.111700	0.139800	0.121000	0.155700	0.173400	0.181700	0.181300	0.140600	0.096100	0.156400	0.161900	0.163900	0.153400	0.176500	0.154500	0.155500	0.147400
99155.8	0.143400	0.140700	0.113500	0.139500	0.120700	0.155600	0.171900	0.178400	0.178600	0.141500	0.095100	0.155900	0.160100	0.160700	0.151900	0.174300	0.155100	0.155600	0.145300
104113.6	0.139700	0.140400	0.111300	0.137400	0.119100	0.155700	0.170200	0.176700	0.176700	0.145200	0.093700	0.155700	0.159200	0.161100	0.150700	0.167800	0.153300	0.154800	0.144600
109071.4	0.139700	0.140900	0.110900	0.137800	0.119700	0.158800	0.173700	0.180600	0.183700	0.153900	0.092800	0.157500	0.163100	0.164900	0.150300	0.164100	0.153100	0.155800	0.147900
114029.2	0.139400	0.144100	0.113400	0.137500	0.121400	0.153500	0.168800	0.174000	0.175400	0.184400	0.095900	0.157100	0.158000	0.158100	0.151000	0.165000	0.155200	0.154400	0.146800
118986.9	0.136400	0.143300	0.110300	0.134800	0.118000	0.155200	0.168700	0.175700	0.176800	0.192100	0.093800	0.157600	0.159900	0.161200	0.148600	0.160400	0.153200	0.153900	0.147300
123944.7	0.139200	0.142200	0.112300	0.136100	0.120000	0.153000	0.168700	0.173400	0.173700	0.182000	0.096300	0.157100	0.159100	0.159500	0.150800	0.160800	0.157200	0.154000	0.146900
128902.5	0.139400	0.142700	0.112200	0.136700	0.119200	0.153800	0.167800	0.173800	0.174300	0.174000	0.098500	0.158300	0.159200	0.159000	0.153000	0.161800	0.159500	0.153700	0.148500
133860.3	0.134800	0.141900	0.110000	0.134000	0.117200	0.153200	0.167400	0.172800	0.173800	0.173400	0.095900	0.156400	0.157900	0.158900	0.150000	0.157500	0.159000	0.153400	0.146100
138818.1	0.138000	0.141200	0.112200	0.135100	0.118300	0.153800	0.167100	0.172200	0.174900	0.170800	0.098300	0.156600	0.158100	0.159600	0.150500	0.157000	0.160800	0.153100	0.145500
143775.9	0.136100	0.139200	0.109300	0.133500	0.116400	0.151300	0.167400	0.173200	0.175900	0.166500	0.096600	0.156300	0.157700	0.159300	0.148100	0.154600	0.156700	0.152400	0.145800
148733.7	0.136900	0.139300	0.111500	0.133200	0.117500	0.151200	0.168900	0.174000	0.175500	0.165600	0.097300	0.155800	0.158900	0.159500	0.149200	0.153900	0.155500	0.152600	0.143700
153691.5	0.138200	0.141100	0.110400	0.133600	0.118300	0.152600	0.169700	0.174200	0.176600	0.170200	0.096200	0.157600	0.160400	0.160000	0.149500	0.154600	0.154500	0.155000	0.145200
158649.2	0.139100	0.142600	0.112400	0.135100	0.118600	0.151600	0.168600	0.173600	0.174700	0.175200	0.100100	0.156500	0.160100	0.160300	0.150700	0.156800	0.156700	0.155800	0.145500
163607.0	0.140100	0.144400	0.114400	0.136600	0.121100	0.152100	0.171200	0.178000	0.178100	0.180800	0.099400	0.160000	0.164000	0.160900	0.152600	0.157400	0.158400	0.157500	0.149200
168564.9	0.145100	0.146400	0.113700	0.138500	0.121800	0.153900	0.176800	0.182900	0.184000	0.183800	0.100500	0.170100	0.169700	0.165800	0.155100	0.156700	0.159400	0.161900	0.162400
173522.6	0.146500	0.148600	0.115400	0.140400	0.123600	0.153800	0.180400	0.186500	0.186500	0.183400	0.099100	0.177600	0.173100	0.168900	0.159200	0.161100	0.160900	0.162100	0.175900
178480.4	0.149500	0.151900	0.120600	0.144800	0.128000	0.154300	0.181300	0.186100	0.186100	0.187300	0.104100	0.177800	0.176200	0.168900	0.165700	0.165700	0.170800	0.163900	0.176700
183438.2	0.152400	0.153600	0.118500	0.145300	0.125800	0.156500	0.188300	0.195200	0.193600	0.185500	0.101400	0.180500	0.183300	0.175600	0.167200	0.164300	0.171600	0.166200	0.177100
188396.0	0.151600	0.153900	0.119600	0.144200	0.127900	0.153300	0.190300	0.197200	0.197200	0.182800	0.102800	0.179900	0.186300	0.176900	0.170900	0.166200	0.173700	0.167100	0.175400
193353.8	0.154600	0.154600	0.120700	0.146700	0.128000	0.154900	0.194700	0.201700	0.200600	0.180200	0.103000	0.181300	0.188600	0.182600	0.173900	0.166100	0.176500	0.168100	0.177400
198311.6	0.156300	0.157100	0.124200	0.149200	0.133400	0.156200	0.197800	0.207100	0.205500	0.181100	0.103800	0.183500	0.193600	0.185700	0.179300	0.171700	0.179600	0.169200	0.176600
203269.3	0.157000	0.157800	0.123600	0.149900	0.131700	0.152500	0.199200	0.207400	0.204400	0.178700	0.103500	0.182800	0.195900	0.187600	0.181600	0.169300	0.180100	0.169600	0.177300
208227.1	0.157200	0.157700	0.124900	0.149500	0.131600	0.154400	0.201600	0.210900	0.207500	0.177000	0.103900	0.183900	0.199800	0.190200	0.182400	0.171600	0.181300	0.169800	0.176800
213184.9	0.155400	0.158700	0.128300	0.150900	0.133600	0.153500	0.202900	0.212100	0.211100	0.175800	0.106700	0.185000	0.201000	0.192600	0.185500	0.175100	0.182600	0.169600	0.177700
218142.7	0.156300	0.159600	0.125900	0.150900	0.131100	0.153500	0.205100	0.216200	0.213800	0.174200	0.102500	0.185700	0.204000	0.192100	0.185100	0.172100	0.179500	0.169700	0.177700
223100.5	0.161600	0.160100	0.132000	0.153600	0.133300	0.152600	0.203100	0.212500	0.209300	0.172100	0.109000	0.187900	0.200500	0.190000	0.189900	0.177900	0.184000	0.170400	0.176500
228058.3	0.157600	0.158700	0.126800	0.152900	0.128300	0.152600	0.208800	0.217700	0.215000	0.168900	0.103500	0.191400	0.204500	0.195900	0.186300	0.173400	0.177400	0.171500	0.176300
233016.1	0.159200	0.159200	0.129300	0.153400	0.131600	0.151400	0.209000	0.218500	0.214400	0.166700	0.106200	0.188800	0.204200	0.195100	0.188000	0.175800	0.178100	0.170100	0.175600
237973.9	0.157000	0.159200	0.129400	0.151600	0.130700	0.150400	0.207600	0.217600	0.212400	0.164700	0.107700	0.188900	0.201800	0.192400	0.185600	0.175000	0.176800	0.169200	0.174300
242931.6	0.157100	0.157500	0.128600	0.153000	0.129600	0.151500	0.210100	0.220100	0.214900	0.161500	0.102800	0.190800	0.205000	0.194900	0.184400	0.175000	0.173200	0.169000	0.175600
247889.4	0.155900	0.158100	0.131800	0.152800	0.130900	0.148200	0.209400	0.220300	0.212300	0.162600	0.106000	0.191400	0.203200	0.193300	0.188300	0.176900	0.175900	0.168300	0.175000
252847.2	0.155200	0.159000	0.131100	0.152000	0.129100	0.148700	0.207900	0.221700	0.215000	0.160400	0.104400	0.192400	0.205000	0.196100	0.184600	0.174700	0.173800	0.169100	0.175400
257805.0	0.153200	0.157600	0.129100	0.150900	0.127300	0.148500	0.209700	0.220600	0.212900	0.157300	0.105500	0.190200	0.203500	0.195200	0.181900	0.173300	0.170300	0.167200	0.171700
262762.8	0.153600	0.156700	0.130600	0.152400	0.127900	0.148200	0.206800	0.220700	0.211000	0.155500	0.104600	0.188600	0.202100	0.193300	0.183400	0.175500	0.170100	0.167100	0.172100
267720.6	0.153500	0.156800	0.130800	0.151900	0.126800	0.147200	0.209800	0.220700	0.213000	0.155000	0.105400	0.190900	0.203000	0.194600	0.182500	0.173700	0.169000	0.167600	0.170900
272678.4	0.150800	0.156100	0.130000	0.149400	0.125700	0.147600	0.209300	0.221700	0.211700	0.153300	0.104200	0.189600	0.203400	0.193800	0.180300	0.172600	0.168700	0.166300	0.169900
277636.2	0.151300	0.155100	0.130500	0.149200	0.124600	0.146600	0.208800	0.220300	0.209500	0.151400	0.104600	0.189100	0.202100	0.195700	0.180200	0.174400	0.166800	0.166200	0.170000
282593.9	0.149900	0.155700	0.129500	0.148700	0.124000	0.146300	0.207700	0.220300	0.207600	0.150300	0.106000	0.189800	0.201800	0.194400	0.179400	0.171700	0.166100	0.165500	0.169000
287551.7	0.147500	0.154400	0.129000	0.149600	0.124100	0.148100	0.211400	0.224100	0.214200	0.148400	0.102200	0.190700	0.204700	0.198500	0.178600	0.168000	0.163000	0.165900	0.167900
292509.5	0.149100	0.154400	0.130500	0.148900	0.124500	0.145300	0.207700	0.218700	0.206500	0.148100	0.106000	0.189100	0.199100	0.195100	0.179700	0.172100	0.165600	0.164100	0.166800
297467.3	0.148800	0.154700	0.131500	0.149500	0.124500	0.144400	0.206800	0.218200	0.205600	0.148200	0.103300	0.188900	0.197400	0.193100	0.177100	0.171600	0.165200	0.164700	0.166100
302425.1	0.147300	0.153500	0.129200	0.147900	0.122600	0.144700	0.207100	0.217900	0.208200	0.146300	0.102700	0.187100	0.199600	0.191500	0.175700	0.169500	0.163300	0.164400	0.164800
307382.9	0.145700	0.153300	0.128300	0.147400	0.122200	0.144900	0.207000	0.218100	0.206000	0.144900	0.102500	0.186900	0.199800	0.194100	0.174400	0.170500	0.162300	0.163900	0.163900
312340.7	0.145400	0.152000	0.127000	0.146600	0.121800	0.145300	0.207800	0.218600	0.205100	0.143400	0.100200	0.184500	0.199200	0.195500	0.172300	0.167900	0.161500	0.163200	0.163100
317298.5	0.145300	0.152100	0.129900	0.146200	0.122500	0.143100	0.203700	0.213200	0.199500	0.143200	0.104100	0.183800	0.197100	0.189700	0.173400	0.169000	0.161800	0.162900	0.162600
322256.2	0.145200	0.151500	0.129100	0.145400	0.122300	0.144300	0.204700	0.214800	0.203200	0.142500	0.101400	0.184100	0.197200	0.190300	0.171900	0.168400	0.158600	0.162300	0.161600
327214.0	0.144300	0.150900	0.126000	0.143700	0.121300	0.142600	0.203400	0.212800	0.201400	0.141300	0.102600	0.181700	0.193600	0.190200	0.170400	0.167100	0.156900	0.161900	0.159700
332171.8	0.140200	0.148400	0.125900	0.141800	0.120000	0.143500	0.201400	0.210200	0.198300	0.139800	0.099400	0.179400	0.192200	0.188700	0.167700	0.163400	0.156300	0.160300	0.158200
337129.6	0.140000	0.147800	0.124100	0.142100	0.119000	0.142200	0.198400	0.207100	0.195500	0.137900	0.098600	0.177700	0.190100	0.187400	0.165500	0.162900	0.154400	0.158500	0.157100
342087.4	0.141000	0.147500	0.124700	0.141600	0.118600	0.141800	0.198000	0.208100	0.195300	0.137800	0.100700	0.177100	0.191300	0.186700	0.165900	0.162300	0.153600	0.159000	0.156200
347045.2	0.139600	0.147200	0.123800	0.141100	0.117200	0.143700	0.198400	0.207800	0.195200	0.137100	0.098800	0.177500	0.190500	0.186800	0.164700	0.162300	0.152500	0.158600	0.156300
352003.0	0.140600	0.147400	0.126000	0.141400	0.119500	0.138800	0.195700	0.204400	0.190400	0.137100	0.102300	0.175800	0.189000	0.183400	0.163900	0.162400	0.152600	0.156900	0.155600
356960.7	0.139300	0.147600	0.122500	0.140900	0.117800	0.141500	0.198100	0.207100	0.195300	0.136200	0.096900	0.175900	0.189900	0.187300	0.162300	0.160000	0.150700	0.158200	0.153500
361918.5	0.139200	0.147700	0.125500	0.141500	0.117900	0.139600	0.197500	0.205400	0.192200	0.135500	0.100000	0.174200	0.187200	0.184300	0.163500	0.163000	0.151300	0.157300	0.153900
366876.3	0.138900	0.145900	0.122400	0.140200	0.117000	0.139800	0.197900	0.207000	0.193900	0.135200	0.098000	0.173200	0.188400	0.186000	0.161500	0.161500	0.150500	0.157300	0.153000
371834.1	0.138400	0.146800	0.124400	0.140100	0.117600	0.140700	0.196900	0.203300	0.192200	0.135700	0.100000	0.173100	0.186700	0.183200	0.161100	0.162700	0.150400	0.156300	0.152500
376791.9	0.136200	0.146900	0.123000	0.139400	0.118100	0.139700	0.196600	0.204200	0.191100	0.135100	0.101000	0.172600	0.185500	0.183600	0.162100	0.161600	0.150600	0.156600	0.151100
381749.7	0.136000	0.146700	0.123500	0.138900	0.116300	0.141600	0.197300	0.205200	0.192900	0.134000	0.097600	0.171900	0.189000	0.185100	0.160200	0.160900	0.149800	0.157100	0.151600
386707.5	0.137300	0.147200	0.126600	0.139200	0.119500	0.139500	0.192800	0.198100	0.185200	0.134500	0.100900	0.170400	0.182200	0.179200	0.161500	0.163400	0.153100	0.155800	0.149400
391665.3	0.135700	0.146200	0.123400	0.137900	0.118000	0.139800	0.197200	0.202800	0.189900	0.134000	0.097700	0.171000	0.184700	0.182500	0.159100	0.162500	0.149400	0.155500	0.150100
396623.0	0.135800	0.145600	0.123600	0.137600	0.116500	0.139600	0.193900	0.200800	0.188500	0.133200	0.101400	0.169100	0.183700	0.181000	0.157900	0.160400	0.149200	0.156000	0.148200
401580.8	0.135200	0.146400	0.123900	0.137600	0.116600	0.139000	0.194100	0.201700	0.189200	0.132800	0.098600	0.169300	0.183500	0.180600	0.158500	0.160200	0.149200	0.155900	0.148700
406538.6	0.134100	0.144900	0.120900	0.136400	0.114700	0.139300	0.196500	0.205900	0.193600	0.134000	0.096700	0.170100	0.185200	0.184200	0.156900	0.159400	0.146300	0.156800	0.149200
411496.4	0.134000	0.146100	0.123600	0.137300	0.115200	0.137100	0.192500	0.201500	0.187800	0.134400	0.101000	0.166700	0.182400	0.180700	0.157400	0.161000	0.148900	0.155400	0.147100
416454.2	0.134700	0.144700	0.120800	0.136600	0.114500	0.138700	0.193600	0.202900	0.190200	0.132800	0.097300	0.167100	0.182700	0.181200	0.154700	0.158700	0.146300	0.155100	0.147400
421412.0	0.134400	0.145200	0.123000	0.136800	0.114900	0.137300	0.190600	0.200100	0.186400	0.132000	0.098500	0.166200	0.180900	0.178200	0.156500	0.160000	0.147000	0.153800	0.146700
426369.8	0.132300	0.144700	0.122900	0.136000	0.114500	0.137000	0.191300	0.198300	0.186400	0.131100	0.098400	0.166400	0.180800	0.178800	0.155000	0.158400	0.146600	0.153700	0.145300
431327.5	0.133800	0.145000	0.123300	0.136400	0.114900	0.136400	0.189200	0.196600	0.183800	0.131700	0.098000	0.164600	0.178200	0.177100	0.155000	0.161300	0.146500	0.153900	0.144500
436285.3	0.132000	0.143800	0.121600	0.136000	0.114400	0.136900	0.191100	0.198800	0.186500	0.131200	0.099300	0.163300	0.180000	0.178200	0.151800	0.157800	0.145900	0.153800	0.144200
441243.1	0.133400	0.143200	0.119400	0.133800	0.114000	0.137600	0.190500	0.198000	0.187000	0.130200	0.099000	0.163400	0.179400	0.179000	0.152000	0.155400	0.144500	0.152600	0.142900
446200.9	0.130800	0.143600	0.120400	0.134300	0.113100	0.137100	0.189900	0.198300	0.185700	0.130900	0.099600	0.163200	0.178500	0.177900	0.152900	0.156600	0.144300	0.152900	0.144200
451158.7	0.130700	0.143100	0.119400	0.135100	0.112700	0.137100	0.191300	0.198900	0.187500	0.130800	0.094700	0.165300	0.179700	0.179700	0.151000	0.156600	0.143800	0.154600	0.144200
456116.5	0.131300	0.143300	0.120000	0.134800	0.113500	0.135600	0.188500	0.195500	0.182200	0.129200	0.099300	0.163600	0.176600	0.176200	0.151500	0.157200	0.145200	0.152700	0.143900
461074.3	0.132800	0.143100	0.120200	0.135200	0.113600	0.136000	0.186800	0.193600	0.182000	0.130700	0.099000	0.161900	0.176500	0.175400	0.151400	0.157300	0.145100	0.152800	0.142400
466032.1	0.131000	0.143600	0.121900	0.133900	0.113300	0.133200	0.184700	0.191200	0.177900	0.130200	0.101300	0.161200	0.173400	0.171700	0.152000	0.157800	0.146400	0.151100	0.142100
470989.8	0.128700	0.142400	0.119100	0.133200	0.113000	0.135600	0.186400	0.193200	0.182500	0.128800	0.099100	0.161100	0.174600	0.174500	0.149200	0.154200	0.143700	0.151800	0.142200
475947.6	0.128800	0.141400	0.120200	0.132800	0.113800	0.133700	0.182700	0.189000	0.178100	0.129100	0.100500	0.159600	0.172300	0.169800	0.149800	0.156200	0.144100	0.150700	0.140400
480905.4	0.128600	0.141500	0.117700	0.132200	0.111900	0.136500	0.186200	0.193800	0.182800	0.128800	0.097400	0.159700	0.175000	0.174900	0.148400	0.154200	0.142400	0.151600	0.140700
485863.2	0.128200	0.140800	0.118200	0.133000	0.112200	0.136100	0.184600	0.191300	0.179400	0.129000	0.098900	0.159800	0.173800	0.172600	0.147500	0.152300	0.143400	0.151300	0.140700
490821.0	0.128000	0.141300	0.118000	0.130900	0.112200	0.136000	0.183900	0.191000	0.178000	0.128000	0.100000	0.159000	0.173200	0.172600	0.147000	0.154300	0.143400	0.151200	0.140100
495778.8	0.129300	0.139900	0.117900	0.131600	0.111800	0.135300	0.184700	0.191800	0.179800	0.127900	0.099500	0.159000	0.172600	0.173300	0.146500	0.152600	0.142900	0.149900	0.139900
500736.6	0.128000	0.139300	0.117400	0.131700	0.112300	0.135400	0.183800	0.190000	0.177800	0.127300	0.098800	0.157700	0.172000	0.171600	0.145000	0.153800	0.142200	0.150000	0.138900
505694.3	0.128900	0.139600	0.117000	0.130600	0.111100	0.135000	0.184800	0.189800	0.178600	0.127600	0.097800	0.158800	0.171500	0.171100	0.145100	0.151700	0.141300	0.150800	0.138500
510652.1	0.127700	0.139500	0.116000	0.131600	0.111300	0.133000	0.181700	0.188100	0.174700	0.128100	0.096700	0.156000	0.168800	0.168500	0.145400	0.152300	0.141800	0.149900	0.138000
515609.9	0.127000	0.138900	0.117700	0.130600	0.111500	0.133200	0.183100	0.189400	0.175800	0.127600	0.096300	0.157800	0.170500	0.169400	0.144000	0.151200	0.140700	0.149500	0.138400
520567.7	0.128400	0.137100	0.115500	0.130700	0.109700	0.132400	0.182500	0.188400	0.175900	0.126800	0.098400	0.156800	0.169300	0.170500	0.143100	0.150600	0.139600	0.149700	0.138200
525525.5	0.127400	0.138400	0.115400	0.130900	0.109900	0.134100	0.183600	0.188500	0.176800	0.125800	0.100600	0.156600	0.170100	0.169700	0.143700	0.151200	0.139500	0.149600	0.139200
530483.3	0.126500	0.138000	0.117600	0.129800	0.112100	0.132700	0.178600	0.183900	0.170500	0.126600	0.100400	0.153900	0.167100	0.165300	0.144100	0.151100	0.140400	0.147700	0.136100
535441.1	0.125900	0.137600	0.115500	0.129800	0.110000	0.132700	0.179700	0.186800	0.173800	0.126600	0.099400	0.155900	0.168100	0.168500	0.143400	0.150600	0.140100	0.148700	0.137100
540398.8	0.126000	0.136800	0.114800	0.130100	0.109600	0.132000	0.179200	0.185600	0.172300	0.125700	0.097600	0.154000	0.168300	0.168000	0.141700	0.150600	0.139000	0.148600	0.135700
545356.6	0.125600	0.136600	0.114300	0.128800	0.109100	0.134200	0.180000	0.186300	0.172700	0.125900	0.098100	0.153600	0.168400	0.167700	0.140900	0.148800	0.139300	0.148900	0.135900
550314.4	0.125300	0.137100	0.115400	0.128800	0.110900	0.132100	0.178900	0.183800	0.172400	0.126300	0.101000	0.153700	0.167300	0.166500	0.142900	0.150300	0.141000	0.148700	0.135800
555272.2	0.125800	0.136600	0.114400	0.128500	0.108000	0.133300	0.178600	0.184400	0.174300	0.125800	0.100900	0.153100	0.167000	0.166300	0.141400	0.148300	0.138800	0.148800	0.135100
560230.0	0.125500	0.136000	0.114500	0.128800	0.108900	0.132000	0.178900	0.185300	0.172500	0.126000	0.100400	0.152900	0.166000	0.167200	0.140300	0.148700	0.139800	0.148800	0.135800
565187.8	0.124600	0.135800	0.113900	0.127300	0.108600	0.132100	0.176700	0.182300	0.170600	0.124900	0.099500	0.153100	0.164800	0.166000	0.140700	0.147600	0.140400	0.148600	0.135400
570145.6	0.124800	0.135900	0.114800	0.128800	0.110300	0.131600	0.177400	0.181900	0.169600	0.125600	0.098700	0.153000	0.164000	0.164700	0.140900	0.149900	0.142100	0.147700	0.135500
575103.4	0.123200	0.136300	0.115500	0.127900	0.109100	0.132400	0.176400	0.181600	0.169000	0.125500	0.100200	0.152000	0.163400	0.163800	0.139900	0.148400	0.141000	0.148800	0.134500
580061.1	0.124500	0.135000	0.113100	0.129000	0.107700	0.131500	0.177000	0.182800	0.171200	0.125500	0.098900	0.152900	0.163900	0.165700	0.138800	0.146300	0.139600	0.148400	0.135000
585018.9	0.123600	0.135700	0.115200	0.127500	0.109100	0.129200	0.173300	0.178500	0.166300	0.124900	0.101300	0.150400	0.161000	0.161700	0.140100	0.147600	0.140400	0.146700	0.134900
589976.7	0.123400	0.133700	0.111600	0.125900	0.108200	0.132400	0.177100	0.182200	0.169600	0.124600	0.098800	0.150700	0.164100	0.165400	0.137900	0.143900	0.137600	0.146900	0.132700
594934.5	0.123700	0.133000	0.113000	0.127200	0.107500	0.129400	0.174000	0.179900	0.169200	0.125000	0.097500	0.150600	0.161900	0.163300	0.138300	0.146000	0.138500	0.146700	0.133900
599892.3	0.123800	0.134300	0.112600	0.127100	0.107700	0.130500	0.174500	0.180500	0.168600	0.124000	0.099100	0.150700	0.161400	0.163900	0.138400	0.146300	0.137800	0.146400	0.133600
604850.1	0.124100	0.133600	0.112500	0.126300	0.107500	0.130200	0.173200	0.178600	0.167800	0.122600	0.101600	0.149900	0.161100	0.162200	0.137700	0.146900	0.137500	0.146200	0.133100
609807.9	0.123400	0.132800	0.112200	0.126500	0.107400	0.129600	0.172300	0.178700	0.167000	0.123700	0.099500	0.150200	0.159300	0.161400	0.137600	0.144900	0.136800	0.146000	0.131700
614765.6	0.124500	0.133200	0.113800	0.125200	0.107900	0.129100	0.170500	0.176400	0.164900	0.123400	0.102900	0.146800	0.158200	0.158800	0.138200	0.146500	0.138000	0.145400	0.133400
619723.4	0.124900	0.133200	0.112500	0.125900	0.108900	0.129100	0.170800	0.176300	0.165100	0.124300	0.102500	0.147700	0.158400	0.159200	0.137700	0.146000	0.137400	0.145700	0.132000
624681.2	0.123300	0.133200	0.112600	0.126100	0.107900	0.128200	0.170100	0.176100	0.164100	0.122600	0.099600	0.147900	0.158000	0.159200	0.137300	0.146100	0.138000	0.144700	0.131100
629639.0	0.122800	0.133000	0.111000	0.124500	0.107800	0.129800	0.172100	0.177300	0.167300	0.123400	0.098300	0.148200	0.158300	0.159900	0.135900	0.142900	0.136600	0.145600	0.131700
634596.8	0.124700	0.132200	0.111200	0.124600	0.107300	0.129000	0.171000	0.175400	0.164100	0.122900	0.101700	0.148400	0.157800	0.159300	0.136700	0.143800	0.137700	0.145100	0.132000
639554.6	0.122000	0.132100	0.111500	0.124200	0.107300	0.128400	0.170900	0.176400	0.164600	0.121700	0.100100	0.147000	0.157500	0.159500	0.135900	0.143900	0.137000	0.144600	0.131300
644512.4	0.122900	0.132100	0.110600	0.124800	0.105200	0.128900	0.170400	0.175700	0.164300	0.123000	0.100700	0.147000	0.158400	0.160100	0.135300	0.143000	0.136300	0.145900	0.131600
649470.1	0.120900	0.130600	0.110100	0.124800	0.107300	0.127900	0.169400	0.174800	0.163400	0.122100	0.098500	0.146200	0.155900	0.157400	0.134600	0.142200	0.137300	0.144600	0.130900
654427.9	0.121000	0.130800	0.109500	0.123400	0.105700	0.128600	0.169000	0.174300	0.163200	0.122000	0.099400	0.146200	0.156800	0.156700	0.134200	0.141800	0.135300	0.144600	0.130200
659385.7	0.120500	0.131100	0.110000	0.122900	0.106500	0.129100	0.168900	0.175000	0.162500	0.121500	0.097900	0.146200	0.156600	0.157900	0.132500	0.140600	0.134900	0.144500	0.129700
664343.5	0.121200	0.131500	0.110500	0.123700	0.106400	0.126900	0.166300	0.171500	0.159400	0.122500	0.100300	0.144300	0.153500	0.154600	0.134900	0.143500	0.136100	0.144100	0.129300
669301.3	0.121200	0.131100	0.109100	0.123500	0.106700	0.128200	0.169200	0.174500	0.162800	0.121800	0.099400	0.145500	0.157600	0.157600	0.134300	0.140600	0.135900	0.145100	0.130600
674259.1	0.121600	0.130500	0.109700	0.123900	0.103700	0.127300	0.167000	0.171400	0.159700	0.122100	0.101200	0.144300	0.154900	0.156000	0.133600	0.143200	0.135400	0.144300	0.130200
679216.9	0.121300	0.129600	0.107200	0.122800	0.104900	0.130100	0.170900	0.175700	0.163600	0.121200	0.101600	0.145100	0.156500	0.158100	0.132300	0.140900	0.135500	0.145400	0.129500
684174.6	0.121800	0.130800	0.110600	0.123000	0.106800	0.129200	0.167600	0.172100	0.161000	0.121400	0.099900	0.143600	0.154200	0.155400	0.134200	0.141900	0.136400	0.144500	0.128800
689132.4	0.121100	0.130400	0.109000	0.122300	0.104700	0.128100	0.167700	0.173100	0.160800	0.119900	0.101300	0.143500	0.154100	0.155100	0.132400	0.139000	0.134800	0.144300	0.127900
694090.2	0.122200	0.130600	0.111000	0.123400	0.106100	0.125900	0.165600	0.169300	0.157200	0.121000	0.103700	0.143300	0.152300	0.153600	0.133100	0.142300	0.136700	0.143100	0.128900
699048.0	0.120700	0.128400	0.107300	0.120700	0.102700	0.127400	0.167300	0.171600	0.160100	0.120600	0.098900	0.143300	0.152600	0.155500	0.131900	0.137700	0.133400	0.142500	0.128000
704005.8	0.120600	0.129200	0.107700	0.123000	0.105100	0.127800	0.166600	0.171500	0.160600	0.119400	0.102100	0.143200	0.153800	0.154800	0.132100	0.140200	0.133900	0.143200	0.129600
708963.6	0.120400	0.129100	0.109000	0.121200	0.106000	0.126700	0.165000	0.169500	0.157400	0.120000	0.101400	0.140800	0.151900	0.154000	0.131700	0.141100	0.134900	0.143700	0.127300
713921.4	0.119400	0.128700	0.108400	0.121600	0.105300	0.127300	0.165500	0.170100	0.159200	0.120600	0.097400	0.142000	0.153600	0.154600	0.132100	0.139500	0.134500	0.143700	0.128400
718879.1	0.118500	0.128200	0.108600	0.122200	0.104600	0.126900	0.164900	0.170300	0.158800	0.120000	0.099300	0.141500	0.152400	0.155100	0.131800	0.139400	0.135300	0.143200	0.128600
723836.9	0.120800	0.128300	0.107500	0.120500	0.103200	0.126500	0.162800	0.166600	0.157300	0.118900	0.101300	0.140300	0.151600	0.153300	0.131200	0.137800	0.135900	0.143100	0.127200
728794.7	0.120200	0.128700	0.108500	0.121400	0.105300	0.127500	0.162700	0.167900	0.157400	0.120700	0.104800	0.140100	0.150900	0.152600	0.131700	0.140400	0.137200	0.143400	0.127000
733752.5	0.120500	0.128900	0.109800	0.122400	0.105600	0.126900	0.163000	0.167400	0.157400	0.120100	0.102700	0.141400	0.151500	0.152300	0.132600	0.140800	0.136400	0.142900	0.128400
738710.3	0.120100	0.127100	0.106400	0.120900	0.105600	0.126000	0.164100	0.166600	0.156900	0.119100	0.099200	0.140400	0.150100	0.153100	0.130300	0.139700	0.135500	0.142200	0.127400
743668.1	0.119300	0.126900	0.105500	0.120800	0.104300	0.127200	0.163100	0.167800	0.158300	0.119100	0.098300	0.139700	0.151600	0.154800	0.129300	0.137900	0.134300	0.143100	0.126700
748625.9	0.119300	0.127700	0.108300	0.121200	0.104600	0.125600	0.160100	0.164500	0.154300	0.119600	0.102300	0.138800	0.149200	0.151100	0.130700	0.140200	0.136500	0.141900	0.126800
753583.6	0.117900	0.127300	0.107900	0.121000	0.105900	0.124500	0.159100	0.162500	0.152600	0.119600	0.105300	0.138300	0.147300	0.149400	0.130500	0.141500	0.136600	0.141900	0.125400
758541.4	0.119300	0.127200	0.105700	0.120500	0.104100	0.126800	0.162300	0.168100	0.159200	0.119100	0.100200	0.138500	0.150500	0.153400	0.129200	0.136100	0.134200	0.142200	0.126200
763499.2	0.118200	0.127700	0.108500	0.121200	0.104200	0.124100	0.159200	0.164900	0.154400	0.119100	0.100600	0.137600	0.146400	0.151200	0.131200	0.139700	0.136100	0.141600	0.126200
768457.0	0.118600	0.126400	0.106000	0.120600	0.104500	0.125100	0.161000	0.167400	0.158500	0.119500	0.100400	0.137500	0.149100	0.152400	0.129000	0.137400	0.134700	0.141800	0.127500
773414.8	0.116800	0.126100	0.105400	0.121200	0.105100	0.126700	0.160500	0.167100	0.158300	0.118400	0.101100	0.138000	0.149600	0.153000	0.128800	0.137300	0.134300	0.141400	0.126400
778372.6	0.119800	0.125600	0.106200	0.120200	0.104200	0.125200	0.160800	0.167100	0.157500	0.119300	0.099500	0.138000	0.148600	0.152400	0.128000	0.135700	0.134100	0.141600	0.126000
783330.4	0.122400	0.125600	0.107200	0.121900	0.104000	0.125600	0.160000	0.165300	0.156200	0.119100	0.100400	0.138400	0.148700	0.149700	0.130500	0.137700	0.134600	0.141300	0.126200
788288.1	0.119100	0.126000	0.105800	0.120000	0.103500	0.126200	0.160400	0.167400	0.157500	0.118800	0.097700	0.137600	0.148600	0.151700	0.127500	0.136900	0.133000	0.141900	0.125600
793245.9	0.119200	0.125600	0.107300	0.120400	0.105300	0.124800	0.156900	0.162900	0.153400	0.118800	0.101300	0.136600	0.145200	0.147700	0.129200	0.137900	0.133500	0.141200	0.125200
798203.7	0.118800	0.124800	0.106800	0.120000	0.104500	0.125500	0.156400	0.163700	0.153400	0.118600	0.104000	0.136700	0.147000	0.150400	0.127200	0.136900	0.133100	0.141100	0.124900
803161.5	0.119700	0.125300	0.105800	0.120700	0.102900	0.126100	0.157800	0.164900	0.155300	0.118300	0.100500	0.137300	0.146800	0.150500	0.126500	0.135600	0.132400	0.141500	0.125300
808119.3	0.118800	0.124600	0.106600	0.119600	0.103700	0.125500	0.158300	0.163600	0.154500	0.118900	0.098900	0.137600	0.147000	0.149500	0.125400	0.134600	0.132800	0.141300	0.124200
813077.1	0.120700	0.125400	0.105400	0.120800	0.104300	0.123500	0.155500	0.160900	0.151000	0.117800	0.104700	0.136700	0.145000	0.148300	0.127700	0.135600	0.133300	0.140300	0.124900
818034.9	0.119000	0.125100	0.106300	0.120100	0.104800	0.125600	0.157000	0.162800	0.152500	0.117800	0.103400	0.136300	0.146100	0.147800	0.127800	0.136800	0.132700	0.140800	0.125300
822992.6	0.118100	0.123600	0.104500	0.118500	0.102700	0.125500	0.156300	0.161500	0.152200	0.116900	0.095400	0.135600	0.145200	0.147700	0.126100	0.134900	0.131000	0.140200	0.124000
827950.4	0.120000	0.124500	0.106200	0.118900	0.104900	0.124700	0.154800	0.161700	0.150900	0.117200	0.101900	0.135100	0.144700	0.148300	0.127400	0.135100	0.131900	0.139600	0.124000
832908.2	0.118500	0.125200	0.105900	0.119800	0.103600	0.126000	0.157300	0.162800	0.153000	0.119000	0.100900	0.136300	0.145400	0.149800	0.126900	0.135100	0.131700	0.141100	0.125000
837866.0	0.119600	0.124300	0.105900	0.119100	0.103500	0.123900	0.154300	0.159900	0.149700	0.117800	0.101800	0.135200	0.144200	0.145600	0.126600	0.134800	0.132900	0.139900	0.124600
842823.8	0.118600	0.123800	0.104400	0.118300	0.102500	0.123100	0.155900	0.160300	0.151200	0.116900	0.100000	0.133600	0.144000	0.146600	0.127000	0.133800	0.131000	0.139500	0.124500
847781.6	0.118800	0.124300	0.105700	0.118600	0.103600	0.124000	0.153300	0.158300	0.149600	0.117600	0.099700	0.134700	0.143200	0.145900	0.126700	0.133600	0.132500	0.139500	0.123500
852739.4	0.117000	0.123600	0.104600	0.118100	0.103900	0.122600	0.153300	0.158200	0.148100	0.116500	0.102400	0.133100	0.141700	0.145200	0.125700	0.135500	0.132800	0.139800	0.124200
857697.1	0.118800	0.123100	0.104900	0.118100	0.102400	0.122800	0.152000	0.156900	0.147900	0.117600	0.100600	0.133400	0.142100	0.145700	0.126700	0.134400	0.132300	0.139100	0.124300
862654.9	0.117300	0.122600	0.103500	0.118300	0.102600	0.123000	0.153500	0.157400	0.149300	0.116700	0.103200	0.134600	0.141500	0.146600	0.125700	0.133900	0.131300	0.138800	0.123700
867612.7	0.118300	0.123900	0.106600	0.118300	0.103800	0.122300	0.151100	0.155400	0.146200	0.117500	0.102700	0.133100	0.141100	0.142400	0.126800	0.135600	0.132600	0.138300	0.122600
872570.5	0.117500	0.123500	0.105300	0.118200	0.103200	0.121900	0.153100	0.157000	0.147100	0.117800	0.101800	0.134200	0.141800	0.145300	0.126900	0.134300	0.131900	0.138700	0.124300
877528.3	0.117800	0.122800	0.104300	0.117500	0.102500	0.122900	0.152800	0.157200	0.148300	0.116800	0.096400	0.132800	0.141400	0.144000	0.125700	0.133400	0.130800	0.138400	0.123500
882486.1	0.118200	0.122600	0.103800	0.118200	0.102800	0.122600	0.151600	0.155600	0.147400	0.117100	0.104600	0.132000	0.141100	0.143700	0.126200	0.133600	0.131600	0.138600	0.123700
887443.9	0.117200	0.122700	0.104100	0.118000	0.101100	0.122400	0.152600	0.158400	0.148400	0.117300	0.104400	0.133800	0.142100	0.146800	0.125400	0.132200	0.129800	0.139200	0.123100
892401.6	0.116700	0.122700	0.103300	0.117300	0.101200	0.124900	0.153500	0.158200	0.149700	0.116100	0.101600	0.133600	0.142100	0.146000	0.124700	0.132900	0.129400	0.138700	0.124400
897359.4	0.117900	0.122100	0.104800	0.117600	0.102600	0.122500	0.151700	0.156400	0.145700	0.117300	0.105000	0.132200	0.140300	0.143300	0.125500	0.132600	0.130700	0.138300	0.123900
902317.2	0.116400	0.121500	0.104400	0.117000	0.102000	0.123400	0.150400	0.153600	0.145800	0.116100	0.102500	0.132900	0.140400	0.142900	0.125000	0.133100	0.130600	0.138300	0.122500
907275.0	0.116700	0.122300	0.104200	0.117700	0.103100	0.124300	0.151200	0.154900	0.146200	0.116600	0.102400	0.132800	0.140600	0.142600	0.124800	0.131600	0.131000	0.138400	0.123100
912232.8	0.116100	0.121600	0.103000	0.116700	0.101500	0.122800	0.149600	0.154100	0.145000	0.116200	0.101500	0.132100	0.139800	0.142600	0.125200	0.131700	0.131700	0.138300	0.123800
917190.6	0.116600	0.122000	0.103800	0.118500	0.102300	0.123800	0.149600	0.153500	0.145600	0.116200	0.103600	0.132500	0.139600	0.143900	0.124400	0.132900	0.131700	0.137700	0.123300
922148.4	0.117400	0.121600	0.104700	0.117300	0.103000	0.122100	0.149100	0.153600	0.143700	0.116200	0.100500	0.131800	0.138200	0.141000	0.125500	0.132600	0.132100	0.137600	0.123300
927106.1	0.116200	0.121900	0.103100	0.117600	0.101800	0.123500	0.151200	0.154400	0.145900	0.116800	0.100800	0.131000	0.139400	0.143900	0.124800	0.131000	0.130500	0.137600	0.122900
932063.9	0.116200	0.121500	0.103700	0.116600	0.102700	0.123400	0.150300	0.153700	0.145300	0.116300	0.104500	0.132700	0.139300	0.143300	0.124500	0.131300	0.130800	0.138400	0.122600
937021.7	0.116200	0.120900	0.102600	0.117700	0.101700	0.122100	0.149000	0.154300	0.145400	0.115100	0.101300	0.131800	0.138100	0.141900	0.122600	0.129800	0.129500	0.137100	0.122000
941979.5	0.117000	0.120800	0.102700	0.116500	0.102600	0.122800	0.149100	0.154200	0.144800	0.116500	0.099900	0.130600	0.138300	0.141700	0.124800	0.129600	0.131600	0.137700	0.122400
946937.3	0.117600	0.121300	0.103400	0.116800	0.101400	0.122600	0.150200	0.153200	0.143400	0.116500	0.101900	0.131500	0.138000	0.141900	0.123600	0.131000	0.131400	0.137600	0.121600
951895.1	0.114600	0.120600	0.102000	0.116300	0.102200	0.123300	0.149600	0.154100	0.144700	0.115800	0.099100	0.130900	0.137700	0.143400	0.123900	0.130200	0.130000	0.137000	0.122900
956852.8	0.115700	0.120600	0.101300	0.117200	0.101500	0.122200	0.149500	0.153000	0.145200	0.115600	0.101000	0.130800	0.138700	0.141400	0.123900	0.130900	0.129800	0.137400	0.122900
961810.6	0.116400	0.120700	0.104200	0.117300	0.103000	0.120900	0.148600	0.151700	0.144200	0.115500	0.103900	0.131200	0.137900	0.141600	0.124400	0.131800	0.130900	0.136700	0.122000
966768.4	0.112300	0.119700	0.101000	0.115900	0.100700	0.121300	0.147900	0.153700	0.145500	0.115500	0.100200	0.130600	0.138300	0.142300	0.123800	0.129600	0.130300	0.137200	0.122700
971726.2	0.113400	0.120500	0.102100	0.114500	0.100600	0.122500	0.149800	0.154100	0.146000	0.114800	0.100300	0.129900	0.137700	0.142500	0.122800	0.129500	0.128500	0.136400	0.122100
976684.0	0.115100	0.120800	0.101500	0.116500	0.101500	0.121600	0.150400	0.154400	0.145900	0.115800	0.099900	0.129700	0.137900	0.141500	0.123000	0.128300	0.128400	0.136800	0.122200
981641.8	0.114500	0.120400	0.102200	0.115400	0.101000	0.121600	0.147700	0.151000	0.144100	0.115700	0.103000	0.129400	0.136600	0.140000	0.122000	0.129400	0.130000	0.136100	0.121200
986599.6	0.114400	0.119700	0.100200	0.115900	0.099100	0.123200	0.148800	0.153000	0.145100	0.115200	0.099500	0.129800	0.137900	0.142200	0.122700	0.129400	0.128600	0.136700	0.121600
991557.3	0.115700	0.119600	0.102500	0.116100	0.100700	0.121500	0.147800	0.152900	0.144700	0.114400	0.102800	0.129800	0.135700	0.141300	0.122600	0.128900	0.127700	0.135600	0.121700
996515.1	0.115800	0.119900	0.101100	0.116300	0.099700	0.122200	0.148900	0.152600	0.145400	0.114800	0.097100	0.130300	0.138200	0.141300	0.122500	0.128400	0.129500	0.136600	0.121800
1001472.9	0.115600	0.119600	0.102000	0.116100	0.101200	0.122200	0.146000	0.151400	0.142900	0.114900	0.100500	0.128800	0.136500	0.140000	0.123300	0.129700	0.131000	0.136700	0.120700
1006430.7	0.114600	0.118900	0.101400	0.115500	0.100200	0.122200	0.148200	0.153300	0.145100	0.114800	0.100200	0.131400	0.137200	0.142300	0.122600	0.128300	0.130200	0.136800	0.122700
1011388.5	0.115200	0.119400	0.101400	0.115600	0.101100	0.122700	0.147000	0.151800	0.144200	0.115100	0.098000	0.129200	0.136700	0.140400	0.123300	0.128000	0.130000	0.136600	0.120800
1016346.3	0.115400	0.118800	0.101900	0.115300	0.101700	0.121600	0.145900	0.150100	0.143300	0.114600	0.104500	0.130100	0.135500	0.139100	0.122400	0.129200	0.130200	0.136300	0.121700
1021304.1	0.113600	0.119100	0.101200	0.114900	0.101700	0.121900	0.145300	0.148200	0.142100	0.114100	0.100200	0.129500	0.134400	0.137800	0.122900	0.130900	0.129600	0.135300	0.120200
1026261.8	0.116300	0.119100	0.102700	0.116300	0.100900	0.121100	0.145800	0.149600	0.141500	0.115500	0.104000	0.129600	0.134900	0.139300	0.123200	0.130200	0.130600	0.135600	0.121800
1031219.6	0.113500	0.119200	0.101200	0.115100	0.101700	0.122700	0.147100	0.150100	0.142600	0.114200	0.103000	0.129400	0.134900	0.138300	0.122600	0.128600	0.130300	0.136400	0.122000
1036177.4	0.115900	0.119000	0.101200	0.116400	0.100200	0.123800	0.147800	0.151500	0.144400	0.113900	0.098800	0.129000	0.135800	0.141100	0.122100	0.128200	0.129000	0.135700	0.121800
1041135.2	0.113600	0.118900	0.102300	0.115200	0.101200	0.120700	0.143800	0.148000	0.140900	0.114400	0.106400	0.129000	0.134000	0.138400	0.122400	0.129400	0.129900	0.135300	0.120200
1046093.0	0.114000	0.118300	0.101000	0.115100	0.100100	0.120000	0.145900	0.151300	0.143000	0.113600	0.100900	0.129000	0.134400	0.139900	0.121300	0.126600	0.129200	0.135400	0.120300
1051050.8	0.114600	0.118400	0.100800	0.114300	0.099700	0.121200	0.145500	0.149800	0.143600	0.113900	0.098700	0.128900	0.134800	0.139600	0.120600	0.126100	0.129100	0.134900	0.120500
1056008.6	0.115800	0.118900	0.102000	0.115100	0.101700	0.120000	0.143600	0.147600	0.140600	0.113900	0.101400	0.127300	0.133000	0.138000	0.122600	0.128700	0.130700	0.135700	0.119600
1060966.3	0.114000	0.118700	0.102600	0.114800	0.101400	0.120400	0.143700	0.146400	0.139100	0.114600	0.100600	0.128000	0.132500	0.137100	0.122300	0.129500	0.131000	0.135100	0.120000
1065924.1	0.113100	0.119100	0.102500	0.115500	0.101700	0.120200	0.143600	0.147300	0.139600	0.114600	0.102400	0.127500	0.131700	0.136600	0.123000	0.129300	0.131000	0.135600	0.119800
1070881.9	0.114900	0.118500	0.101000	0.115500	0.100000	0.121300	0.144200	0.148600	0.142000	0.114400	0.104800	0.128900	0.133800	0.139300	0.121900	0.127700	0.128900	0.135300	0.120600
1075839.7	0.115900	0.118300	0.101300	0.115100	0.099600	0.120200	0.144800	0.148000	0.141500	0.113400	0.100800	0.128700	0.133000	0.138700	0.120900	0.127800	0.129100	0.135300	0.119800
1080797.5	0.114800	0.118200	0.099800	0.114500	0.101100	0.121300	0.144800	0.147700	0.141900	0.113900	0.098200	0.127600	0.133300	0.138500	0.121600	0.126100	0.128700	0.135700	0.120400
1085755.3	0.114100	0.117000	0.100000	0.114700	0.100500	0.119900	0.145400	0.149800	0.143500	0.114400	0.104700	0.128100	0.133900	0.139300	0.121400	0.125500	0.128200	0.135400	0.120400
1090713.1	0.115900	0.117500	0.099000	0.115700	0.099400	0.120500	0.145000	0.148400	0.142800	0.114100	0.103200	0.128100	0.133900	0.138300	0.120500	0.126600	0.127700	0.134000	0.120200
1095670.8	0.115700	0.117600	0.100600	0.114600	0.101400	0.119000	0.144700	0.148300	0.140900	0.114000	0.107900	0.128300	0.132000	0.138600	0.121600	0.127300	0.129400	0.135400	0.121100
1100628.6	0.114600	0.117100	0.100600	0.115000	0.099100	0.120300	0.143900	0.147900	0.141800	0.114500	0.104100	0.127100	0.132800	0.138100	0.121700	0.126500	0.128800	0.134500	0.120900
1105586.4	0.114500	0.117900	0.101200	0.115700	0.100200	0.121100	0.144600	0.148200	0.142000	0.115000	0.103200	0.129800	0.132900	0.137600	0.122400	0.127400	0.128400	0.134800	0.122200
1110544.2	0.114700	0.117000	0.099900	0.115300	0.100000	0.121000	0.143600	0.148700	0.142400	0.113800	0.102400	0.128900	0.132700	0.139900	0.120800	0.125800	0.128800	0.134800	0.121200
1115502.0	0.112000	0.117600	0.100300	0.115700	0.100400	0.121200	0.143400	0.148300	0.141900	0.113500	0.102000	0.129000	0.132500	0.138300	0.121500	0.126400	0.128000	0.134500	0.120800
1120459.8	0.114700	0.117200	0.098500	0.113700	0.099800	0.122200	0.144200	0.148700	0.142200	0.113600	0.098900	0.127400	0.132700	0.138800	0.120200	0.124700	0.127800	0.134300	0.119300
1125417.6	0.114400	0.116800	0.100700	0.115200	0.101200	0.120400	0.142700	0.146100	0.140000	0.114300	0.100800	0.127300	0.130600	0.137800	0.121000	0.127000	0.128200	0.134200	0.120800
1130375.3	0.113200	0.117000	0.101000	0.115200	0.099900	0.119000	0.143000	0.145900	0.140100	0.113200	0.101500	0.127700	0.131100	0.136200	0.121500	0.125900	0.127900	0.133300	0.120000
1135333.1	0.115200	0.116600	0.100300	0.116200	0.099500	0.118400	0.142500	0.147300	0.140800	0.114100	0.104600	0.127200	0.131100	0.137100	0.121000	0.126000	0.128400	0.134100	0.120000
1140290.9	0.114900	0.116500	0.101000	0.115200	0.099500	0.119700	0.142200	0.146000	0.139500	0.113400	0.103600	0.126300	0.130000	0.136100	0.121200	0.126600	0.129100	0.134100	0.119900
1145248.7	0.112700	0.116000	0.098400	0.114200	0.099600	0.120800	0.144000	0.148400	0.141800	0.112700	0.101400	0.127400	0.132100	0.139900	0.120700	0.124100	0.126800	0.134600	0.119500
1150206.5	0.116100	0.117300	0.101200	0.115700	0.100600	0.118900	0.141800	0.144600	0.137900	0.113500	0.103200	0.126600	0.129400	0.134300	0.122000	0.127100	0.129600	0.133600	0.120100
1155164.3	0.114500	0.115900	0.099600	0.115300	0.099600	0.119600	0.141600	0.144800	0.138400	0.112700	0.101400	0.125900	0.128900	0.134700	0.120000	0.125400	0.127800	0.134600	0.120000
1160122.1	0.114500	0.115600	0.099100	0.114300	0.098000	0.118900	0.142300	0.146900	0.140900	0.112400	0.103000	0.126800	0.131000	0.137400	0.119200	0.123400	0.128200	0.135100	0.119300
1165079.8	0.115900	0.116600	0.100500	0.115000	0.100400	0.119600	0.141700	0.144400	0.138800	0.113500	0.107000	0.126200	0.129300	0.135400	0.121000	0.127700	0.129400	0.134000	0.120800
1170037.6	0.115200	0.115900	0.100800	0.115000	0.100300	0.119200	0.141300	0.144300	0.138500	0.113500	0.105200	0.126600	0.128400	0.136200	0.120500	0.125400	0.129500	0.133700	0.119400
1174995.4	0.115900	0.116300	0.101100	0.116100	0.099500	0.119500	0.142800	0.146100	0.139900	0.113900	0.110800	0.126700	0.129700	0.136500	0.121100	0.127300	0.129700	0.134200	0.120800
1179953.2	0.115600	0.116900	0.101100	0.116000	0.101600	0.119300	0.143600	0.147600	0.143000	0.113900	0.116000	0.127400	0.131400	0.138300	0.121800	0.126800	0.129300	0.135300	0.121200
1184911.0	0.116400	0.117900	0.101100	0.115700	0.102300	0.121100	0.144100	0.147600	0.143800	0.114400	0.103900	0.126900	0.130900	0.138200	0.122200	0.127500	0.129800	0.136100	0.120900
1189868.8	0.116400	0.117900	0.101700	0.115000	0.101900	0.119000	0.143000	0.145500	0.140200	0.114800	0.104900	0.127200	0.129800	0.136700	0.121600	0.126700	0.130500	0.135400	0.121200
1194826.6	0.117000	0.117300	0.103000	0.116800	0.102000	0.120000	0.141200	0.145900	0.139900	0.114100	0.107400	0.127900	0.129100	0.135400	0.122900	0.128900	0.131500	0.136100	0.121000
1199784.3	0.116400	0.117200	0.103100	0.115600	0.102200	0.120600	0.142500	0.145400	0.140100	0.114400	0.109000	0.127200	0.129300	0.136000	0.122100	0.127600	0.130800	0.136100	0.120800
1204742.1	0.117500	0.117300	0.100800	0.116100	0.099900	0.120800	0.144600	0.147500	0.142900	0.114200	0.109100	0.127800	0.130900	0.138000	0.120700	0.126200	0.128800	0.136100	0.120900
1209699.9	0.117000	0.117300	0.102700	0.114500	0.101900	0.119900	0.139600	0.144200	0.138400	0.114600	0.109400	0.127200	0.126400	0.134200	0.122200	0.127900	0.130900	0.134000	0.120500
1214657.7	0.117300	0.116900	0.102000	0.115500	0.102400	0.119700	0.141600	0.144800	0.139100	0.114300	0.110200	0.126000	0.129000	0.134600	0.122300	0.127500	0.129900	0.134600	0.119700
1219615.5	0.115200	0.116300	0.100100	0.114800	0.099500	0.119700	0.144200	0.147300	0.143100	0.113600	0.106000	0.127800	0.130700	0.138700	0.120200	0.124600	0.127200	0.135100	0.120900
1224573.3	0.115400	0.116500	0.102000	0.115200	0.101300	0.118200	0.140100	0.143400	0.138600	0.114400	0.106700	0.127400	0.126800	0.133400	0.121800	0.128000	0.129300	0.134400	0.120500
1229531.1	0.116100	0.115700	0.101100	0.114600	0.099800	0.118800	0.142700	0.145900	0.141200	0.113700	0.102500	0.127100	0.128600	0.135100	0.120300	0.124200	0.128300	0.133500	0.120400
1234488.8	0.116400	0.115500	0.101200	0.115000	0.100300	0.119800	0.142100	0.147800	0.143000	0.114400	0.106600	0.128100	0.129400	0.136300	0.120000	0.125300	0.130300	0.135000	0.121400
1239446.6	0.117800	0.117000	0.101500	0.116100	0.101500	0.119100	0.144100	0.149700	0.147200	0.117700	0.111600	0.132700	0.130700	0.137900	0.122000	0.124300	0.132800	0.136400	0.125100
1244404.4	0.117000	0.119800	0.104500	0.117800	0.104300	0.122500	0.146900	0.153400	0.151500	0.123500	0.105700	0.139700	0.132800	0.142000	0.124200	0.128300	0.136100	0.140100	0.130000
1249362.2	0.120000	0.121900	0.109200	0.122200	0.104800	0.121900	0.146100	0.153400	0.151100	0.130000	0.108000	0.145700	0.133500	0.141700	0.128400	0.130900	0.141000	0.141900	0.137900
1254320.0	0.123100	0.124100	0.113800	0.126800	0.107300	0.123000	0.150700	0.156800	0.157400	0.136800	0.107300	0.155000	0.136100	0.147300	0.135000	0.134600	0.146600	0.144600	0.145800
1259277.8	0.125300	0.125800	0.115800	0.134800	0.109700	0.123100	0.153300	0.161300	0.163300	0.145200	0.108800	0.164800	0.138400	0.151800	0.141800	0.135400	0.150900	0.147000	0.156300
1264235.6	0.128500	0.128800	0.118600	0.144100	0.111400	0.125500	0.159600	0.168700	0.171800	0.153600	0.107100	0.178000	0.143600	0.161300	0.147600	0.139100	0.156900	0.151000	0.166900
1269193.3	0.134100	0.132600	0.124200	0.153400	0.114500	0.126800	0.163900	0.176500	0.179400	0.164900	0.109600	0.188400	0.148600	0.166200	0.155600	0.141800	0.165300	0.155700	0.178500
1274151.1	0.136500	0.135300	0.129000	0.159900	0.118400	0.127800	0.167400	0.178700	0.182800	0.172900	0.108600	0.194500	0.150000	0.170400	0.163600	0.147400	0.173400	0.158800	0.186200
1279108.9	0.138400	0.137600	0.133100	0.165300	0.118600	0.129700	0.173000	0.185700	0.187700	0.178600	0.109700	0.202600	0.154500	0.173300	0.169300	0.150500	0.176700	0.162500	0.192000
1284066.7	0.141900	0.141100	0.138000	0.167100	0.122200	0.128800	0.177700	0.190400	0.191900	0.183500	0.110400	0.206700	0.158300	0.175600	0.174000	0.154700	0.183000	0.164900	0.195600
1289024.5	0.142500	0.141700	0.142100	0.170800	0.124500	0.129500	0.180800	0.194000	0.193800	0.187400	0.113200	0.210000	0.160300	0.177000	0.179900	0.158300	0.186900	0.166600	0.199800
1293982.3	0.146100	0.144700	0.145200	0.171700	0.126500	0.130800	0.185400	0.197000	0.195800	0.189300	0.113700	0.211200	0.162800	0.179400	0.182600	0.159800	0.190300	0.169900	0.200300
1298940.1	0.146800	0.145100	0.147500	0.176300	0.128800	0.130100	0.188800	0.200400	0.200600	0.189900	0.111700	0.214000	0.165100	0.180300	0.185100	0.162600	0.190400	0.170700	0.203400
1303897.8	0.147800	0.146000	0.146800	0.178200	0.134600	0.129800	0.191500	0.204400	0.199800	0.191300	0.113600	0.214300	0.166300	0.181100	0.187200	0.160000	0.190200	0.171300	0.204800
1308855.6	0.150200	0.147700	0.151800	0.182100	0.142500	0.130800	0.191400	0.204200	0.199800	0.192500	0.113500	0.212400	0.167000	0.180600	0.189600	0.166100	0.192700	0.172500	0.206000
1313813.4	0.151900	0.147900	0.150900	0.181900	0.143800	0.134200	0.196800	0.209300	0.206100	0.191900	0.112700	0.216300	0.171900	0.185000	0.188700	0.165300	0.190100	0.174200	0.206200
1318771.2	0.150900	0.148200	0.149600	0.180500	0.144400	0.130800	0.198100	0.209700	0.206400	0.190700	0.113000	0.218400	0.173100	0.184300	0.189700	0.165700	0.189600	0.173000	0.205100
1323729.0	0.153800	0.149500	0.151800	0.181800	0.144300	0.132100	0.199900	0.211400	0.207700	0.190500	0.111700	0.218200	0.172200	0.183700	0.193100	0.167600	0.188400	0.173400	0.206400
1328686.8	0.154500	0.148900	0.150300	0.185200	0.143000	0.131100	0.202200	0.214300	0.207400	0.189500	0.112100	0.218500	0.173500	0.184900	0.191500	0.167900	0.188200	0.173600	0.205900
1333644.6	0.153400	0.150400	0.149800	0.185600	0.141500	0.131400	0.205600	0.216200	0.210000	0.191400	0.111100	0.221200	0.176300	0.185900	0.191800	0.168900	0.187500	0.175900	0.208300
1338602.3	0.157600	0.150700	0.152800	0.189000	0.144200	0.130900	0.206400	0.216800	0.209800	0.196200	0.112200	0.221400	0.176300	0.186100	0.194700	0.172400	0.191000	0.175800	0.210300
1343560.1	0.156900	0.153600	0.155500	0.190000	0.146200	0.131700	0.207000	0.216800	0.209100	0.198600	0.115000	0.219700	0.176900	0.186000	0.196600	0.175700	0.193500	0.176700	0.210700
1348517.9	0.157500	0.152700	0.153400	0.190700	0.144000	0.134800	0.210200	0.218700	0.212200	0.197200	0.108600	0.220700	0.179500	0.185500	0.195300	0.174600	0.191500	0.178500	0.210900
1353475.7	0.158600	0.154600	0.153000	0.190900	0.144400	0.133200	0.212800	0.221800	0.214800	0.198800	0.114400	0.222900	0.179500	0.186200	0.196600	0.175100	0.192700	0.178400	0.211000
1358433.5	0.159900	0.155200	0.154500	0.188300	0.146900	0.132200	0.212900	0.219700	0.211300	0.198600	0.115300	0.222000	0.178800	0.184600	0.196600	0.177100	0.193600	0.178700	0.209900
1363391.3	0.161700	0.156600	0.155200	0.188300	0.147000	0.133300	0.212700	0.219600	0.211900	0.199500	0.115300	0.219900	0.179500	0.184200	0.198400	0.178100	0.194700	0.181100	0.207800
1368349.1	0.161300	0.156900	0.153000	0.188400	0.146700	0.134100	0.216500	0.224200	0.217800	0.200800	0.110800	0.221100	0.183400	0.187600	0.195800	0.177700	0.192800	0.181200	0.209800
1373306.8	0.161500	0.156700	0.153300	0.190100	0.147000	0.133100	0.217200	0.223100	0.219200	0.203200	0.112000	0.223700	0.183400	0.186500	0.195600	0.174900	0.194200	0.180000	0.210100
1378264.6	0.160000	0.156400	0.152200	0.187800	0.152700	0.130800	0.213900	0.217500	0.211400	0.200500	0.113100	0.218800	0.179900	0.183500	0.193600	0.175300	0.193700	0.177400	0.207400
1383222.4	0.159500	0.156400	0.155900	0.190800	0.167300	0.131800	0.211900	0.216300	0.211500	0.202400	0.112400	0.219100	0.179400	0.183300	0.194700	0.176200	0.193600	0.177400	0.207900
1388180.2	0.160400	0.155900	0.154300	0.189200	0.172000	0.131400	0.213800	0.217200	0.211200	0.204200	0.111900	0.220900	0.178700	0.184300	0.192900	0.173100	0.192900	0.177300	0.209300
1393138.0	0.156800	0.155800	0.153900	0.185300	0.171100	0.132300	0.211700	0.217400	0.211200	0.204000	0.112200	0.222000	0.178600	0.182300	0.191100	0.172600	0.190500	0.176700	0.208600
1398095.8	0.158200	0.156900	0.152600	0.186200	0.172200	0.133000	0.216300	0.222800	0.217700	0.206700	0.111300	0.226200	0.183200	0.185900	0.193000	0.174300	0.194600	0.177700	0.211600
1403053.6	0.161800	0.157500	0.154300	0.184200	0.169100	0.133500	0.218300	0.221800	0.216700	0.207000	0.111300	0.228200	0.183300	0.186900	0.195500	0.174400	0.196000	0.178900	0.212000
1408011.4	0.160400	0.156800	0.154600	0.181000	0.161100	0.135100	0.218000	0.221500	0.216000	0.206100	0.114300	0.225900	0.184300	0.186900	0.193400	0.176300	0.196300	0.180400	0.209600
1412969.1	0.158200	0.156400	0.150600	0.177500	0.153600	0.134700	0.218300	0.221800	0.218800	0.204500	0.112000	0.224900	0.184500	0.187200	0.191400	0.172800	0.192900	0.179500	0.207100
1417926.9	0.156300	0.153600	0.148300	0.177000	0.147900	0.131200	0.214900	0.215800	0.212900	0.196500	0.114100	0.219300	0.180800	0.182900	0.188800	0.170800	0.190800	0.176100	0.203800
1422884.7	0.151000	0.148000	0.139100	0.167200	0.137100	0.131400	0.206100	0.209200	0.206000	0.179700	0.111700	0.207800	0.175100	0.178200	0.178500	0.165600	0.179800	0.169800	0.190700
1427842.5	0.144200	0.143600	0.134500	0.158600	0.130200	0.130000	0.197500	0.200400	0.198000	0.167000	0.110700	0.197500	0.170400	0.172600	0.171100	0.158800	0.172100	0.164400	0.180300
1432800.3	0.142600	0.139600	0.129800	0.154400	0.126200	0.129400	0.190800	0.194000	0.191600	0.157600	0.108900	0.189900	0.164900	0.166200	0.165300	0.155900	0.168100	0.158800	0.174600
1437758.1	0.137700	0.136100	0.125300	0.147600	0.120800	0.126500	0.185400	0.188100	0.186600	0.149500	0.109800	0.183500	0.159900	0.162100	0.159100	0.152200	0.161200	0.155900	0.166900
1442715.9	0.133400	0.133000	0.119400	0.143400	0.115900	0.125700	0.179100	0.181200	0.179100	0.143600	0.108100	0.176800	0.154200	0.156700	0.155600	0.148700	0.157400	0.152200	0.160900
1447673.6	0.130800	0.130300	0.116600	0.140400	0.114300	0.126400	0.177400	0.180800	0.179700	0.138400	0.105400	0.174200	0.154200	0.156300	0.151000	0.144000	0.152600	0.150900	0.158000
1452631.4	0.130300	0.129400	0.115600	0.138300	0.113700	0.124400	0.172800	0.175500	0.174000	0.135300	0.103500	0.169100	0.150600	0.152000	0.149000	0.142900	0.150500	0.147500	0.154100
1457589.2	0.127900	0.127100	0.113900	0.135900	0.111200	0.124700	0.170600	0.172400	0.170600	0.132100	0.104700	0.165900	0.147300	0.150000	0.145700	0.141700	0.147900	0.146800	0.149700
1462547.0	0.126200	0.126100	0.111800	0.134300	0.110300	0.123700	0.168500	0.170900	0.169300	0.128600	0.104200	0.162100	0.145800	0.147800	0.143100	0.139000	0.145900	0.145300	0.146400
1467504.8	0.127200	0.125200	0.112000	0.134500	0.109300	0.122100	0.164300	0.165000	0.165700	0.126700	0.105400	0.158600	0.143500	0.145000	0.143100	0.140300	0.146000	0.144000	0.145300
1472462.6	0.123300	0.122700	0.107900	0.130700	0.107900	0.123600	0.162600	0.165800	0.164100	0.124800	0.103300	0.156000	0.141700	0.145000	0.139800	0.135600	0.141300	0.143000	0.141400
1477420.4	0.122000	0.123000	0.108700	0.129700	0.107000	0.121200	0.159400	0.161200	0.160400	0.124000	0.103000	0.153200	0.138900	0.141600	0.139100	0.136900	0.142300	0.141400	0.139700
1482378.1	0.121000	0.121000	0.106500	0.128200	0.105900	0.122800	0.159500	0.162500	0.162600	0.121600	0.105700	0.152100	0.139100	0.142400	0.135400	0.132600	0.138300	0.140600	0.137500
1487335.9	0.121700	0.120300	0.105400	0.126600	0.104900	0.122100	0.156500	0.159400	0.160300	0.120300	0.105300	0.149500	0.136900	0.139800	0.133000	0.132400	0.136800	0.140900	0.135600
1492293.7	0.121500	0.121000	0.106100	0.126900	0.105200	0.121600	0.154900	0.156400	0.158100	0.119200	0.103600	0.147300	0.136100	0.139300	0.132900	0.132700	0.138100	0.139700	0.134900
1497251.5	0.120100	0.120000	0.105400	0.124800	0.104700	0.122000	0.153400	0.156200	0.155300	0.118900	0.102600	0.144900	0.134900	0.136600	0.132600	0.131400	0.136300	0.139500	0.133000
1502209.3	0.119200	0.118800	0.104500	0.124000	0.105400	0.120700	0.151300	0.154500	0.152800	0.116900	0.102400	0.143200	0.131300	0.136000	0.130700	0.130600	0.136300	0.139000	0.130900
1507167.1	0.119800	0.118700	0.103500	0.124200	0.101500	0.120800	0.149400	0.152300	0.153100	0.116000	0.102400	0.141700	0.131400	0.135900	0.129100	0.128000	0.134900	0.138100	0.130100
1512124.9	0.117100	0.117800	0.103700	0.122900	0.102200	0.120900	0.148900	0.150600	0.150000	0.117300	0.102700	0.140800	0.130600	0.134600	0.129300	0.129600	0.134700	0.138500	0.129700
1517082.7	0.116200	0.117700	0.103900	0.121700	0.103900	0.120700	0.147500	0.149900	0.149900	0.116700	0.104400	0.139300	0.128900	0.133400	0.127000	0.128500	0.133900	0.137800	0.128200
1522040.4	0.118000	0.117000	0.102000	0.120900	0.103000	0.119400	0.147200	0.150400	0.149500	0.116500	0.101100	0.139700	0.128500	0.134100	0.125700	0.127300	0.132400	0.136900	0.127100
1526998.2	0.116100	0.116300	0.100600	0.120500	0.101300	0.121200	0.146100	0.150200	0.150600	0.114700	0.100000	0.137200	0.128500	0.135200	0.125000	0.124300	0.130900	0.136700	0.125700
1531956.0	0.115000	0.115900	0.101000	0.119200	0.101100	0.119900	0.144900	0.148500	0.148400	0.114300	0.099800	0.136000	0.127500	0.133500	0.123000	0.122500	0.129900	0.135500	0.125000
1536913.8	0.116200	0.115800	0.100900	0.119300	0.100600	0.119900	0.141500	0.145000	0.144800	0.114500	0.103300	0.136300	0.126300	0.131700	0.122600	0.124400	0.131300	0.135500	0.124400
1541871.6	0.114500	0.114900	0.100300	0.118400	0.101100	0.118700	0.143400	0.145300	0.144200	0.114400	0.097800	0.133100	0.125000	0.132300	0.122400	0.123700	0.130900	0.136100	0.123700
1546829.4	0.113500	0.115800	0.101600	0.119400	0.101000	0.118200	0.141000	0.143200	0.144200	0.113500	0.102900	0.133000	0.124700	0.130300	0.122100	0.123900	0.131200	0.135200	0.123600
1551787.2	0.114300	0.114200	0.100700	0.118100	0.100600	0.119300	0.139900	0.143200	0.142600	0.112600	0.100200	0.132000	0.123000	0.129400	0.121800	0.123800	0.129600	0.134700	0.122600
1556745.0	0.112900	0.114200	0.099300	0.118000	0.100200	0.119100	0.138800	0.141800	0.142700	0.113200	0.103700	0.131200	0.124500	0.130900	0.120900	0.120500	0.129300	0.134500	0.121500
