VERSION	1200
Time[MSec.]	Ratio	Ratio	Ratio	Ratio	Ratio	Ratio	Ratio	Ratio	Ratio	Ratio	Ratio	Ratio	Ratio	Ratio	Ratio	Ratio	Ratio
%.1f	%.4f	%.4f	%.4f	%.4f	%.4f	%.4f	%.4f	%.4f	%.4f	%.4f	%.4f	%.4f	%.4f	%.4f	%.4f	%.4f	%.4f
Time	ROI(1-1)	ROI(1-2)	ROI(1-3)	ROI(1-4)	ROI(1-5)	ROI(1-6)	ROI(1-7)	ROI(1-8)	ROI(1-9)	ROI(1-10)	ROI(1-11)	ROI(1-12)	ROI(1-13)	ROI(1-14)	ROI(1-15)	ROI(1-16)	ROI(1-17)
GraphNo	1	2	3	4	5	6	7	8	9	10	11	12	13	14	15	16	17
0.0	0.202300	0.137200	0.170100	0.239300	0.157900	0.205800	0.193700	0.110300	0.177600	0.186300	0.185300	0.113900	0.176100	0.163500	0.172700	0.155400	0.101000
5095.5	0.201500	0.136300	0.169500	0.238900	0.159400	0.207800	0.197300	0.109900	0.179900	0.188500	0.186300	0.112700	0.181400	0.163800	0.173000	0.155800	0.100000
10191.0	0.203400	0.136700	0.169400	0.235600	0.159200	0.207200	0.194000	0.108100	0.178700	0.187100	0.185500	0.112700	0.178200	0.164900	0.172900	0.156200	0.100900
15286.5	0.208400	0.141200	0.167500	0.231400	0.155800	0.201900	0.185400	0.117800	0.175000	0.183500	0.183200	0.119300	0.174800	0.164300	0.173900	0.156100	0.100700
20382.0	0.205300	0.138200	0.169200	0.235000	0.159200	0.206900	0.192800	0.113800	0.178500	0.185800	0.185200	0.116500	0.178800	0.165000	0.173300	0.156100	0.099800
25477.5	0.206800	0.139100	0.169000	0.236700	0.157100	0.207700	0.194200	0.110300	0.178100	0.187900	0.186800	0.114000	0.179200	0.165900	0.174400	0.157000	0.097300
30573.0	0.207500	0.141700	0.168600	0.231000	0.154900	0.201900	0.188100	0.119800	0.175500	0.184500	0.185100	0.120700	0.175700	0.165300	0.174900	0.157000	0.100400
35668.5	0.204200	0.136500	0.169600	0.237600	0.161000	0.206700	0.198000	0.107100	0.178400	0.187600	0.186900	0.111900	0.180100	0.166000	0.174200	0.156900	0.095200
40764.0	0.206100	0.137800	0.167100	0.235100	0.156500	0.204100	0.194100	0.113500	0.177600	0.186800	0.185700	0.116000	0.178900	0.166700	0.174300	0.155900	0.097300
45859.5	0.206200	0.138900	0.168100	0.236200	0.156400	0.204800	0.194600	0.112200	0.177500	0.188000	0.187100	0.114700	0.179300	0.167600	0.175300	0.157100	0.095600
50955.1	0.209500	0.143000	0.168800	0.227300	0.154800	0.197900	0.183600	0.124300	0.172700	0.182700	0.183900	0.122700	0.173300	0.166100	0.175700	0.156800	0.100600
56050.6	0.200300	0.134300	0.168500	0.239300	0.166000	0.207300	0.205200	0.106500	0.180800	0.190200	0.190800	0.110300	0.182300	0.168000	0.174600	0.156500	0.092600
61146.1	0.203600	0.137500	0.168200	0.232200	0.159500	0.200800	0.195100	0.114800	0.174900	0.185400	0.186000	0.115600	0.176700	0.165600	0.172500	0.155300	0.095500
66241.6	0.202200	0.135700	0.166900	0.231400	0.157400	0.199600	0.195800	0.112000	0.175600	0.186500	0.184800	0.112800	0.175800	0.165200	0.171700	0.154200	0.095200
71337.1	0.208000	0.140800	0.166900	0.225800	0.152700	0.195500	0.188800	0.115700	0.172700	0.184100	0.182600	0.117200	0.173500	0.165600	0.172200	0.156600	0.095700
76432.6	0.205200	0.135800	0.166900	0.230700	0.157100	0.197800	0.195500	0.108200	0.174500	0.185600	0.184500	0.111700	0.174300	0.165800	0.171500	0.155300	0.094500
81528.1	0.201100	0.133000	0.167100	0.239100	0.162000	0.202600	0.205200	0.103700	0.178100	0.189600	0.188100	0.108700	0.181500	0.167500	0.172100	0.157100	0.091200
86623.6	0.205100	0.137600	0.168500	0.235700	0.160400	0.197800	0.204200	0.110200	0.175800	0.186400	0.185300	0.113200	0.176200	0.168500	0.177400	0.157200	0.094300
91719.1	0.218800	0.141100	0.389400	0.290100	0.164000	0.216400	0.557400	0.110500	0.182100	0.226000	0.443800	0.119000	0.532600	0.436800	0.347200	0.240800	0.093100
96814.6	0.471600	0.150100	0.344600	0.299100	0.170400	0.229800	0.504600	0.126000	0.206300	0.221000	0.384800	0.240900	0.453900	0.342700	0.293100	0.322900	0.098100
101910.1	0.315200	0.154600	0.284700	0.300100	0.256500	0.297500	0.401000	0.114500	0.368900	0.211400	0.300900	0.177100	0.354000	0.292500	0.329100	0.262600	0.095400
107005.6	0.267500	0.180200	0.239700	0.305200	0.366600	0.481400	0.337400	0.116100	0.282200	0.200300	0.248100	0.154200	0.287900	0.286800	0.288600	0.222600	0.096100
112101.1	0.241900	0.260000	0.204300	0.297700	0.338600	0.366500	0.340700	0.112500	0.241200	0.201500	0.230700	0.138100	0.247200	0.303900	0.292100	0.207800	0.096600
117196.6	0.228000	0.222800	0.184300	0.282600	0.275800	0.295100	0.330700	0.113700	0.212300	0.196300	0.214400	0.128800	0.217500	0.266000	0.273700	0.194800	0.095100
122292.1	0.214300	0.172700	0.173600	0.271500	0.225200	0.255800	0.323500	0.110700	0.197500	0.194500	0.205000	0.122200	0.203600	0.240100	0.261600	0.184800	0.095300
127387.6	0.205900	0.148600	0.169700	0.275700	0.201800	0.246000	0.333800	0.104000	0.195500	0.198400	0.206000	0.112600	0.206200	0.221000	0.254000	0.180300	0.091400
132483.1	0.203500	0.144700	0.164700	0.259000	0.175600	0.222900	0.296700	0.111200	0.184200	0.191800	0.195200	0.115900	0.189700	0.204500	0.249900	0.175400	0.096400
137578.6	0.201500	0.140900	0.164300	0.258000	0.175300	0.218800	0.292300	0.111600	0.185200	0.193600	0.194900	0.114800	0.190800	0.194100	0.235300	0.170800	0.092000
142674.1	0.204900	0.142000	0.164600	0.252500	0.168400	0.212100	0.267500	0.113500	0.181300	0.191400	0.192200	0.116600	0.186300	0.187400	0.226300	0.167900	0.097800
147769.6	0.206200	0.142300	0.164600	0.250100	0.165700	0.208300	0.247100	0.117300	0.181600	0.191600	0.195000	0.118000	0.185200	0.182300	0.219700	0.167700	0.096700
152865.1	0.202600	0.138700	0.163000	0.246300	0.164700	0.207400	0.239000	0.112800	0.180700	0.193300	0.194800	0.114700	0.186900	0.178900	0.214900	0.164600	0.095700
157960.7	0.208800	0.142900	0.163600	0.241000	0.164100	0.204400	0.223900	0.113400	0.180300	0.190900	0.193300	0.117600	0.184800	0.178600	0.213600	0.166600	0.098000
163056.2	0.206600	0.140900	0.164600	0.243100	0.162200	0.203900	0.218000	0.111300	0.179700	0.192000	0.194400	0.114000	0.182700	0.175300	0.203700	0.162600	0.097600
168151.7	0.204100	0.140100	0.164000	0.242700	0.164600	0.205400	0.217600	0.111800	0.180700	0.193600	0.194000	0.113700	0.183700	0.172300	0.196500	0.161300	0.097600
173247.2	0.200200	0.139000	0.164100	0.244600	0.164400	0.207600	0.217900	0.106700	0.182900	0.195000	0.194800	0.110400	0.188500	0.173100	0.197100	0.161600	0.094900
178342.7	0.204000	0.144400	0.164000	0.236500	0.160100	0.202200	0.201400	0.118900	0.177400	0.190600	0.191700	0.118100	0.183300	0.171700	0.195800	0.161800	0.101100
183438.2	0.202200	0.140800	0.164200	0.238400	0.163000	0.201700	0.203700	0.112500	0.177800	0.192600	0.192700	0.113600	0.182300	0.169600	0.192300	0.159700	0.097100
188533.7	0.198700	0.139300	0.161600	0.232400	0.159200	0.199100	0.197800	0.112400	0.175700	0.190200	0.190700	0.114400	0.180600	0.167700	0.187500	0.158200	0.095300
193629.2	0.200300	0.142000	0.163200	0.234400	0.161300	0.200800	0.199100	0.113100	0.177100	0.191100	0.191900	0.113600	0.181700	0.169100	0.186500	0.159200	0.094400
198724.7	0.198800	0.140100	0.166400	0.236200	0.164500	0.201700	0.203100	0.114800	0.178500	0.192700	0.194300	0.115900	0.181200	0.168700	0.184500	0.158100	0.098200
203820.2	0.194100	0.137400	0.165000	0.241800	0.167100	0.208300	0.209200	0.104800	0.180400	0.195300	0.194400	0.109400	0.186400	0.169800	0.183800	0.158000	0.093900
208915.7	0.198800	0.142000	0.163900	0.232900	0.161900	0.202800	0.199300	0.116500	0.175800	0.191300	0.190000	0.117300	0.180700	0.168000	0.181400	0.157200	0.101600
214011.2	0.196700	0.138200	0.163200	0.235100	0.162700	0.206700	0.199900	0.109100	0.178000	0.194200	0.191000	0.112300	0.184300	0.168000	0.179300	0.157000	0.095500
219106.7	0.202300	0.143000	0.163300	0.231100	0.156800	0.204200	0.191300	0.119900	0.174500	0.194100	0.188700	0.117100	0.179600	0.166900	0.178500	0.156000	0.100600
224202.2	0.195000	0.138500	0.163200	0.236600	0.166100	0.208700	0.205000	0.110100	0.178300	0.195200	0.191800	0.110900	0.185500	0.167600	0.177600	0.156100	0.097100
229297.7	0.194600	0.138100	0.162300	0.234400	0.161600	0.205000	0.205900	0.107400	0.178300	0.195000	0.191100	0.109900	0.186500	0.167400	0.177100	0.156400	0.094400
234393.2	0.197900	0.140600	0.162500	0.230500	0.159900	0.200500	0.199300	0.111300	0.175300	0.191000	0.188200	0.112700	0.180600	0.166900	0.176700	0.156200	0.096400
239488.7	0.194300	0.136200	0.161500	0.233700	0.163400	0.205300	0.207200	0.107100	0.179200	0.194400	0.191000	0.108000	0.185200	0.167300	0.174600	0.155600	0.095000
244584.2	0.202100	0.145100	0.160900	0.225900	0.154500	0.198100	0.189300	0.121400	0.172100	0.187200	0.184800	0.119600	0.179000	0.166300	0.175400	0.155000	0.101800
249679.7	0.198400	0.141700	0.161800	0.229300	0.161400	0.201400	0.201000	0.115000	0.175700	0.190900	0.187500	0.113600	0.182000	0.166200	0.174100	0.154800	0.097600
254775.2	0.196900	0.139100	0.161900	0.232400	0.161900	0.201800	0.202200	0.109300	0.176200	0.192300	0.188800	0.110100	0.182800	0.165600	0.174800	0.156300	0.095500
259870.7	0.201100	0.144100	0.161200	0.224300	0.154700	0.194500	0.188700	0.122300	0.172000	0.187200	0.185200	0.119600	0.177600	0.164900	0.175300	0.156600	0.101700
264966.3	0.198900	0.142200	0.162500	0.229800	0.157100	0.200000	0.196700	0.116700	0.174300	0.190000	0.188300	0.113800	0.182400	0.164200	0.173900	0.155700	0.097200
270061.8	0.195100	0.137100	0.161900	0.232400	0.163600	0.202200	0.207100	0.104400	0.178300	0.194100	0.191700	0.106800	0.185400	0.164800	0.174100	0.155100	0.092000
275157.3	0.200500	0.139900	0.162800	0.229400	0.159600	0.199600	0.196800	0.112400	0.175700	0.190900	0.188300	0.111600	0.182200	0.164900	0.174000	0.155400	0.096600
280252.8	0.202500	0.145000	0.161600	0.223700	0.160000	0.194600	0.189500	0.122600	0.171300	0.186300	0.185500	0.119400	0.177300	0.163500	0.173900	0.154900	0.100100
285348.3	0.193700	0.135800	0.160200	0.233400	0.162200	0.200600	0.204800	0.109100	0.178000	0.193300	0.191000	0.107500	0.182900	0.163700	0.172100	0.154900	0.093300
290443.8	0.198900	0.140700	0.161400	0.226200	0.160600	0.199200	0.196500	0.114600	0.175100	0.190800	0.189000	0.113000	0.181600	0.164500	0.173500	0.156100	0.094400
295539.3	0.193800	0.135400	0.161200	0.237500	0.166700	0.207200	0.212800	0.101900	0.180300	0.197200	0.194200	0.104500	0.190200	0.165800	0.172700	0.156500	0.090000
300634.8	0.194600	0.135300	0.162100	0.235200	0.166700	0.208700	0.212300	0.104700	0.179600	0.196000	0.193700	0.105900	0.189800	0.166100	0.172800	0.155800	0.089600
305730.3	0.198300	0.138400	0.161000	0.228800	0.158900	0.202900	0.202700	0.109900	0.175900	0.193300	0.190700	0.110400	0.183000	0.164900	0.171800	0.154700	0.094400
310825.8	0.202900	0.142700	0.162500	0.224700	0.159400	0.198500	0.193400	0.122400	0.172000	0.190500	0.187600	0.117600	0.180200	0.164100	0.172600	0.155700	0.097400
315921.3	0.199200	0.137900	0.161800	0.230700	0.160800	0.203400	0.203900	0.107400	0.176500	0.193600	0.191900	0.108000	0.184000	0.164800	0.172700	0.154000	0.091100
321016.8	0.205100	0.143500	0.162100	0.226700	0.156500	0.200200	0.192900	0.119200	0.172700	0.190300	0.189200	0.116100	0.181500	0.165500	0.174200	0.154800	0.097400
326112.3	0.205100	0.139600	0.160700	0.227500	0.159100	0.200700	0.199100	0.111500	0.174700	0.191800	0.190100	0.111600	0.181000	0.165200	0.173700	0.154600	0.096800
331207.8	0.212600	0.144900	0.160700	0.224700	0.153800	0.199200	0.192100	0.120900	0.172300	0.189100	0.187800	0.118700	0.179900	0.164000	0.174300	0.154700	0.098000
336303.3	0.209300	0.142100	0.160400	0.225100	0.159100	0.195500	0.196300	0.118500	0.171800	0.190100	0.188400	0.115800	0.177700	0.162900	0.173000	0.153800	0.098200
341398.8	0.210200	0.140400	0.160500	0.226200	0.160600	0.200600	0.202000	0.114700	0.173900	0.191600	0.190300	0.113700	0.181700	0.164000	0.172700	0.154200	0.095700
346494.3	0.212800	0.144900	0.158200	0.218900	0.149800	0.196200	0.187300	0.116500	0.170600	0.189400	0.187200	0.117600	0.176600	0.163800	0.173400	0.155300	0.099700
351589.8	0.210000	0.142200	0.161100	0.224700	0.161200	0.198300	0.196100	0.117600	0.171500	0.191600	0.188500	0.115600	0.178300	0.162700	0.172800	0.154200	0.098200
356685.3	0.204700	0.138500	0.160800	0.229600	0.163600	0.205600	0.207200	0.107500	0.176700	0.195700	0.193400	0.109900	0.188000	0.164700	0.173100	0.154900	0.091700
361780.8	0.210200	0.141100	0.160900	0.219900	0.157300	0.197500	0.194100	0.115400	0.170500	0.190300	0.187800	0.114400	0.179600	0.162400	0.172400	0.153500	0.095200
366876.3	0.209500	0.140500	0.160700	0.226600	0.159000	0.202100	0.201500	0.112900	0.174600	0.193100	0.191300	0.111800	0.183500	0.164000	0.172600	0.153900	0.095100
371971.9	0.215300	0.144000	0.162100	0.224100	0.156900	0.198700	0.194000	0.118200	0.171700	0.191300	0.189100	0.117000	0.180200	0.164700	0.174300	0.155200	0.096900
377067.4	0.210300	0.139900	0.162600	0.226300	0.163400	0.202900	0.205000	0.108900	0.175600	0.195600	0.192700	0.110100	0.183000	0.166000	0.173500	0.154600	0.091300
382162.9	0.214600	0.142800	0.161500	0.222700	0.157100	0.197800	0.194500	0.117900	0.171600	0.191000	0.188400	0.116900	0.178300	0.164300	0.173600	0.154400	0.097300
387258.4	0.209000	0.138400	0.164300	0.229400	0.166300	0.206600	0.209800	0.109200	0.176900	0.195800	0.193600	0.111200	0.187800	0.166100	0.173900	0.155300	0.091900
392353.9	0.209400	0.140000	0.164400	0.228900	0.166900	0.206700	0.210100	0.108900	0.176500	0.196000	0.194700	0.111000	0.187100	0.165800	0.173700	0.155900	0.092800
397449.4	0.212300	0.142300	0.163600	0.229600	0.164500	0.204100	0.203100	0.112800	0.174600	0.195300	0.192800	0.114000	0.184400	0.165800	0.174800	0.155000	0.096400
402544.9	0.216400	0.146300	0.165300	0.226600	0.161700	0.204300	0.200400	0.116500	0.173700	0.194600	0.192400	0.115000	0.183000	0.167000	0.176800	0.157300	0.096700
407640.4	0.215900	0.146500	0.166800	0.230400	0.168000	0.207500	0.206400	0.116100	0.175700	0.197600	0.194800	0.115700	0.186900	0.168400	0.177300	0.158500	0.097500
412735.9	0.217200	0.144700	0.167100	0.234100	0.166200	0.210800	0.211600	0.112500	0.177500	0.199500	0.197100	0.112600	0.190300	0.168100	0.178400	0.157600	0.094800
417831.4	0.231300	0.158300	0.168200	0.220300	0.154900	0.201200	0.184400	0.135100	0.169200	0.191400	0.189600	0.129500	0.180500	0.168400	0.180900	0.159900	0.108300
422926.9	0.223000	0.149100	0.167900	0.233200	0.167800	0.211000	0.208800	0.119400	0.178300	0.200300	0.198700	0.118400	0.189700	0.170200	0.179900	0.159500	0.097500
428022.4	0.223200	0.149600	0.168300	0.231100	0.161500	0.210500	0.206200	0.119600	0.176900	0.199600	0.197500	0.117500	0.189200	0.171400	0.181900	0.160600	0.099300
433117.9	0.227000	0.151600	0.168400	0.231200	0.164400	0.212700	0.206100	0.124800	0.177100	0.199400	0.198600	0.122300	0.189500	0.171300	0.181600	0.161800	0.100500
438213.4	0.222600	0.144900	0.168800	0.236500	0.172200	0.217500	0.218200	0.111100	0.180100	0.203900	0.201700	0.113800	0.192300	0.171800	0.179600	0.160600	0.096400
443308.9	0.225400	0.148500	0.166700	0.227300	0.163400	0.209600	0.204900	0.123700	0.174400	0.198700	0.197000	0.120900	0.185400	0.169100	0.179500	0.158900	0.099700
448404.4	0.223200	0.144900	0.166200	0.233300	0.167100	0.215300	0.213000	0.111900	0.177900	0.201700	0.199700	0.114200	0.190400	0.170700	0.178700	0.159700	0.094800
453499.9	0.222100	0.143300	0.166600	0.233100	0.167800	0.213600	0.213700	0.112000	0.177800	0.200900	0.199000	0.112400	0.188500	0.171100	0.179100	0.159800	0.094800
458595.4	0.229800	0.152500	0.167100	0.224000	0.158300	0.208800	0.196200	0.127900	0.172300	0.195200	0.194800	0.125300	0.183700	0.169900	0.180700	0.160800	0.102700
463690.9	0.227200	0.149100	0.166900	0.230300	0.162200	0.213100	0.202900	0.119700	0.175200	0.196900	0.196700	0.120200	0.187400	0.170400	0.180800	0.161000	0.099700
468786.4	0.225000	0.147800	0.167200	0.228700	0.162800	0.211200	0.202600	0.118600	0.174800	0.196700	0.196000	0.119100	0.185700	0.170000	0.179300	0.159900	0.097500
473881.9	0.224400	0.147100	0.164500	0.230900	0.160500	0.210100	0.203100	0.121700	0.172900	0.196200	0.195800	0.119400	0.186400	0.169300	0.178500	0.158600	0.098400
478977.4	0.221000	0.145900	0.163300	0.223300	0.158500	0.205700	0.196800	0.121700	0.171100	0.193500	0.193000	0.119800	0.181500	0.167600	0.176300	0.158000	0.098800
484073.0	0.220100	0.147500	0.163100	0.228000	0.163500	0.206700	0.201600	0.125000	0.172100	0.193700	0.194200	0.121400	0.183100	0.167200	0.176900	0.158100	0.098700
489168.5	0.220000	0.146400	0.165300	0.233200	0.163500	0.213400	0.206100	0.120800	0.175300	0.197600	0.197200	0.117700	0.189200	0.170400	0.179500	0.161000	0.096400
494264.0	0.212000	0.139500	0.165300	0.238200	0.170300	0.218500	0.219500	0.109500	0.179200	0.202700	0.201800	0.110800	0.193900	0.170300	0.177300	0.159500	0.090100
499359.5	0.212600	0.141300	0.165100	0.232600	0.167600	0.216300	0.216200	0.110100	0.178300	0.200200	0.201000	0.112600	0.190800	0.170800	0.177600	0.160200	0.090300
504455.0	0.213800	0.140900	0.164200	0.232100	0.161900	0.213200	0.211300	0.113800	0.176200	0.198800	0.199600	0.112500	0.187900	0.170000	0.176900	0.158200	0.092700
509550.5	0.215600	0.141900	0.165700	0.232300	0.167200	0.213200	0.211200	0.114600	0.176400	0.199000	0.198600	0.114100	0.186900	0.169000	0.176700	0.158800	0.093600
514646.0	0.215000	0.139200	0.165100	0.236500	0.164500	0.215300	0.216100	0.110300	0.177200	0.200800	0.199500	0.110500	0.190200	0.169400	0.176800	0.157500	0.090800
519741.5	0.216000	0.139400	0.163600	0.237100	0.167200	0.215400	0.214600	0.112000	0.177800	0.200700	0.199600	0.111600	0.189800	0.169100	0.176300	0.158600	0.090800
524837.0	0.215700	0.140400	0.163400	0.234100	0.165300	0.214500	0.215600	0.112000	0.176800	0.200300	0.199000	0.111400	0.189100	0.169000	0.177200	0.159200	0.090400
529932.5	0.215100	0.139100	0.163800	0.235000	0.169200	0.213300	0.216500	0.110700	0.176600	0.198900	0.198600	0.109900	0.187600	0.168700	0.175400	0.158500	0.091000
535028.0	0.214900	0.138200	0.163100	0.235000	0.167200	0.213800	0.217500	0.108100	0.177900	0.200100	0.198500	0.108400	0.190200	0.169400	0.176000	0.158100	0.089200
540123.5	0.219100	0.143500	0.163600	0.227400	0.160500	0.209000	0.205900	0.118700	0.172400	0.195800	0.193500	0.115800	0.186500	0.168800	0.176900	0.158200	0.095900
545219.0	0.215500	0.140700	0.161700	0.231700	0.162800	0.211900	0.212300	0.111200	0.176400	0.198300	0.196200	0.111100	0.188400	0.169200	0.176600	0.157600	0.090200
550314.5	0.217900	0.139800	0.162000	0.234600	0.165500	0.211800	0.212300	0.113600	0.174700	0.196800	0.195800	0.110800	0.187700	0.169200	0.176100	0.156800	0.092700
555410.0	0.219900	0.137300	0.162300	0.236800	0.168200	0.217700	0.220300	0.105200	0.178000	0.199600	0.198300	0.106000	0.194100	0.170000	0.176600	0.157300	0.087100
560505.5	0.229500	0.142900	0.161000	0.227100	0.160700	0.207800	0.201800	0.116300	0.171900	0.194100	0.192500	0.114500	0.181700	0.167100	0.176500	0.157300	0.094500
565601.0	0.229600	0.139300	0.161200	0.233900	0.166300	0.212200	0.216500	0.110300	0.175900	0.198500	0.195500	0.108500	0.188800	0.168500	0.175500	0.155700	0.090700
570696.5	0.231000	0.141900	0.160200	0.228100	0.160600	0.205800	0.204400	0.115500	0.173100	0.194800	0.193100	0.113900	0.183600	0.168000	0.175900	0.157500	0.095300
575792.0	0.234300	0.144800	0.161700	0.222000	0.156700	0.203400	0.196800	0.123800	0.169200	0.192300	0.190700	0.117400	0.181400	0.167600	0.176300	0.157600	0.097800
580887.5	0.227400	0.139700	0.162300	0.233200	0.164100	0.210200	0.216600	0.110500	0.175900	0.197600	0.195300	0.109000	0.188200	0.168100	0.175200	0.156600	0.090500
585983.0	0.230300	0.142700	0.161400	0.227600	0.161500	0.204200	0.210000	0.113600	0.172000	0.196100	0.193700	0.113200	0.182800	0.167400	0.175100	0.157100	0.092500
591078.5	0.230700	0.144800	0.161800	0.225900	0.159800	0.202200	0.206500	0.118300	0.169500	0.193700	0.191800	0.115400	0.180300	0.166200	0.175000	0.156100	0.094600
596174.0	0.227000	0.142200	0.161300	0.226300	0.161000	0.200700	0.206800	0.116500	0.169900	0.193700	0.192000	0.113500	0.179400	0.165000	0.173900	0.154600	0.091500
601269.6	0.226200	0.143400	0.161800	0.226600	0.159200	0.203100	0.207000	0.116700	0.171100	0.194900	0.192900	0.113600	0.182100	0.166900	0.175300	0.156100	0.090800
606365.1	0.223100	0.139500	0.161000	0.224900	0.158700	0.203100	0.209100	0.110400	0.172300	0.196200	0.193000	0.110000	0.181200	0.166400	0.174000	0.154600	0.089100
611460.6	0.229100	0.142400	0.163200	0.229800	0.162000	0.203100	0.207600	0.117900	0.170400	0.195700	0.193000	0.114100	0.180000	0.167300	0.174400	0.156000	0.094300
616556.1	0.231600	0.143100	0.163600	0.228100	0.158500	0.205600	0.206400	0.114200	0.170300	0.193700	0.191500	0.114200	0.183700	0.166600	0.173800	0.155700	0.094900
621651.6	0.230600	0.141500	0.162900	0.226800	0.158700	0.205300	0.206600	0.115700	0.170500	0.193900	0.192100	0.112400	0.181500	0.166000	0.173400	0.155000	0.092000
626747.1	0.231200	0.142700	0.160800	0.225800	0.154100	0.201400	0.203600	0.112200	0.169600	0.193000	0.191900	0.112100	0.179500	0.165700	0.173700	0.154600	0.092000
631842.6	0.222200	0.136900	0.162400	0.233500	0.164900	0.208000	0.220200	0.103400	0.174700	0.197300	0.195500	0.104400	0.185500	0.166800	0.172900	0.154900	0.086700
636938.1	0.229400	0.142900	0.161000	0.224900	0.158500	0.201500	0.204800	0.115900	0.169900	0.193200	0.190900	0.113700	0.179500	0.164800	0.172900	0.154200	0.091700
642033.6	0.223100	0.139800	0.163300	0.228800	0.160000	0.205700	0.211800	0.108200	0.172700	0.196200	0.194000	0.107700	0.184000	0.165300	0.172600	0.154400	0.088700
647129.1	0.225500	0.142500	0.163900	0.229100	0.161200	0.203100	0.208300	0.114700	0.170800	0.194400	0.192100	0.111500	0.181700	0.164500	0.172700	0.153800	0.092400
652224.6	0.225600	0.142000	0.164300	0.223900	0.159900	0.200800	0.203000	0.115800	0.169900	0.193500	0.192700	0.112700	0.180200	0.164100	0.173000	0.154300	0.090600
657320.1	0.226300	0.141300	0.163800	0.224700	0.159900	0.202300	0.208100	0.113900	0.170100	0.194200	0.193100	0.111500	0.180900	0.164500	0.172400	0.154500	0.091100
662415.6	0.231400	0.143200	0.164000	0.225500	0.156700	0.200500	0.205200	0.113800	0.170400	0.194400	0.192100	0.112800	0.182400	0.164300	0.174400	0.155500	0.092200
667511.1	0.223300	0.139100	0.164300	0.229200	0.163300	0.203900	0.214600	0.111100	0.173000	0.197100	0.194600	0.109500	0.183300	0.164500	0.173500	0.155200	0.090100
672606.6	0.222500	0.138800	0.163600	0.227700	0.162600	0.202300	0.212800	0.111100	0.172300	0.196600	0.194000	0.108100	0.182100	0.164400	0.174000	0.154300	0.089900
677702.1	0.223900	0.140400	0.164500	0.226700	0.159800	0.202600	0.212000	0.110500	0.171600	0.195600	0.193900	0.110200	0.182300	0.165400	0.176200	0.155700	0.092700
682797.6	0.223100	0.141600	0.164500	0.224400	0.157400	0.201300	0.209600	0.112400	0.171600	0.194700	0.191200	0.111400	0.180900	0.164100	0.176200	0.154900	0.092700
687893.1	0.218900	0.140700	0.164300	0.226100	0.160800	0.204500	0.216100	0.110000	0.173300	0.198000	0.193600	0.108700	0.183300	0.164900	0.176000	0.154100	0.090200
692988.6	0.213400	0.135000	0.164100	0.234900	0.168400	0.209000	0.232900	0.100300	0.177200	0.201500	0.197300	0.102500	0.188900	0.165900	0.175100	0.154400	0.084900
698084.1	0.215600	0.137300	0.163200	0.232100	0.165300	0.206400	0.225400	0.103800	0.175700	0.198800	0.194700	0.106500	0.186900	0.165300	0.175200	0.155000	0.089100
703179.6	0.219100	0.140100	0.163000	0.228100	0.161500	0.203500	0.216000	0.109600	0.173200	0.197500	0.193100	0.108500	0.182300	0.164700	0.176000	0.155800	0.091700
708275.1	0.219200	0.142500	0.163000	0.224600	0.157900	0.200500	0.212700	0.115000	0.170400	0.196200	0.191700	0.113400	0.180700	0.163700	0.174900	0.155300	0.092800
713370.6	0.217000	0.141700	0.164000	0.223600	0.160600	0.202600	0.214800	0.113700	0.172100	0.197500	0.192700	0.111100	0.181500	0.164500	0.174200	0.154300	0.093500
718466.2	0.209500	0.137000	0.163400	0.232700	0.167400	0.209800	0.232400	0.104000	0.176800	0.201800	0.196800	0.104700	0.187600	0.165200	0.174600	0.154800	0.086900
723561.7	0.217200	0.145500	0.164000	0.223200	0.154700	0.199600	0.211800	0.116300	0.170000	0.194600	0.189700	0.113900	0.179000	0.164400	0.176300	0.156500	0.095600
728657.2	0.212600	0.142800	0.163900	0.226200	0.158100	0.202200	0.220100	0.112900	0.170600	0.197200	0.192000	0.112100	0.181200	0.163900	0.174800	0.155900	0.093800
733752.7	0.219700	0.148600	0.165700	0.216100	0.153200	0.197400	0.204900	0.124500	0.166400	0.192500	0.187600	0.119000	0.174700	0.164100	0.176400	0.156900	0.100300
738848.2	0.216200	0.144600	0.166400	0.225900	0.155600	0.204300	0.217000	0.116600	0.171300	0.196700	0.191100	0.113300	0.180700	0.165100	0.176100	0.157000	0.095200
743943.7	0.210800	0.138300	0.168400	0.233600	0.167700	0.211600	0.235000	0.108900	0.176400	0.204100	0.198600	0.107600	0.187400	0.166300	0.176100	0.157500	0.092100
749039.2	0.216500	0.145400	0.169200	0.228300	0.162800	0.207500	0.225900	0.116100	0.173500	0.201500	0.195400	0.114600	0.184000	0.166900	0.177400	0.158300	0.095800
754134.7	0.211700	0.141600	0.170200	0.234000	0.169900	0.213100	0.237200	0.108700	0.177500	0.206000	0.200000	0.109600	0.189400	0.168500	0.179600	0.159100	0.091400
759230.2	0.219100	0.146900	0.169300	0.228600	0.158200	0.206200	0.218800	0.117100	0.172100	0.199300	0.195600	0.116100	0.182800	0.167300	0.180800	0.160000	0.097000
764325.7	0.222100	0.148100	0.170800	0.229200	0.163700	0.208400	0.220900	0.122100	0.173900	0.201800	0.196000	0.118400	0.184900	0.168300	0.180900	0.159900	0.099500
769421.2	0.223500	0.148200	0.170700	0.224800	0.160100	0.205200	0.213100	0.121100	0.171600	0.200200	0.194500	0.119600	0.182100	0.168700	0.180600	0.160400	0.099200
774516.7	0.216700	0.142600	0.174500	0.232100	0.163100	0.211900	0.227300	0.113000	0.177500	0.205100	0.199400	0.112000	0.187800	0.168900	0.180000	0.159600	0.094900
779612.2	0.217600	0.144200	0.176100	0.228000	0.162300	0.209100	0.222800	0.114300	0.174200	0.204300	0.197000	0.113300	0.184500	0.167100	0.179200	0.159600	0.096600
784707.7	0.217600	0.142200	0.179600	0.236900	0.171400	0.215700	0.236500	0.110800	0.178600	0.207700	0.201000	0.111600	0.191600	0.169100	0.179400	0.160100	0.093600
789803.2	0.224400	0.146500	0.180800	0.226600	0.160900	0.209900	0.221800	0.116900	0.173400	0.203400	0.196100	0.115600	0.184400	0.168600	0.180100	0.159800	0.097900
794898.7	0.222800	0.144200	0.179200	0.231300	0.167500	0.213900	0.234200	0.114000	0.176300	0.206200	0.198600	0.112500	0.189200	0.169600	0.180900	0.161100	0.096500
799994.2	0.222700	0.145100	0.178500	0.229300	0.164600	0.212900	0.229700	0.114400	0.175500	0.204000	0.197000	0.114600	0.187700	0.171200	0.182200	0.161500	0.099000
805089.7	0.219100	0.141300	0.176000	0.232700	0.166700	0.213700	0.236500	0.110300	0.176000	0.206000	0.197900	0.111400	0.188600	0.170400	0.180500	0.160900	0.099300
810185.2	0.225800	0.147900	0.174800	0.225700	0.161600	0.208500	0.222800	0.124200	0.171700	0.202300	0.194500	0.120500	0.185000	0.170200	0.182000	0.161900	0.106000
815280.7	0.222000	0.143500	0.172600	0.227600	0.165600	0.212300	0.231800	0.112500	0.176600	0.206400	0.198700	0.113700	0.188300	0.170200	0.180100	0.161500	0.102000
820376.2	0.222400	0.148600	0.173800	0.226800	0.162700	0.210300	0.226500	0.120000	0.173900	0.204700	0.197400	0.118400	0.186900	0.170500	0.180800	0.161400	0.105900
825471.7	0.220100	0.144600	0.174200	0.233100	0.164600	0.213300	0.234600	0.113600	0.175500	0.205800	0.198500	0.115100	0.189300	0.170800	0.180100	0.161900	0.102600
830567.2	0.217400	0.140900	0.174200	0.230500	0.168800	0.215300	0.240700	0.107900	0.177200	0.208200	0.200500	0.110100	0.190800	0.170000	0.179500	0.160500	0.099100
835662.7	0.219400	0.142700	0.172600	0.229500	0.165000	0.214500	0.234200	0.114200	0.175800	0.207300	0.199600	0.112600	0.188600	0.169200	0.178500	0.161500	0.098900
840758.3	0.221300	0.145100	0.174900	0.234000	0.166600	0.216500	0.237400	0.114600	0.177300	0.208200	0.201400	0.115100	0.192500	0.171500	0.180200	0.161500	0.100400
845853.8	0.220700	0.144100	0.174000	0.228900	0.168200	0.214400	0.239500	0.112100	0.176200	0.207900	0.199600	0.113700	0.189900	0.171300	0.180100	0.163300	0.099800
850949.3	0.226200	0.146400	0.172800	0.227800	0.165500	0.212700	0.234400	0.116400	0.174500	0.205400	0.197400	0.116700	0.187000	0.171700	0.180000	0.163000	0.101500
