VERSION	1200
Time[MSec.]	Ratio	Ratio	Ratio	Ratio	Ratio	Ratio	Ratio	Ratio	Ratio	Ratio	Ratio	Ratio
%.1f	%.4f	%.4f	%.4f	%.4f	%.4f	%.4f	%.4f	%.4f	%.4f	%.4f	%.4f	%.4f
Time	ROI(1-1)	ROI(1-2)	ROI(1-3)	ROI(1-4)	ROI(1-5)	ROI(1-6)	ROI(1-7)	ROI(1-8)	ROI(1-9)	ROI(1-10)	ROI(1-11)	ROI(1-12)
GraphNo	1	2	3	4	5	6	7	8	9	10	11	12
0.0	0.181300	0.204200	0.205400	0.198400	0.173900	0.121800	0.157300	0.195800	0.173100	0.159900	0.176800	0.179600
5164.4	0.181000	0.199700	0.199500	0.189100	0.175600	0.126000	0.170300	0.203500	0.175800	0.160400	0.177700	0.178200
10328.7	0.180800	0.194000	0.197600	0.187900	0.175900	0.128400	0.171800	0.212400	0.174400	0.162000	0.177300	0.178700
15493.1	0.180500	0.195100	0.200500	0.192800	0.174700	0.125400	0.167800	0.231200	0.174200	0.160100	0.179000	0.179000
20657.4	0.180800	0.191600	0.198900	0.190100	0.175300	0.126200	0.171000	0.225700	0.174000	0.161500	0.179900	0.178200
25821.8	0.182200	0.192500	0.197300	0.188400	0.174200	0.125600	0.167600	0.202800	0.173900	0.164000	0.180700	0.178900
30986.2	0.180600	0.191700	0.198700	0.187900	0.173700	0.126000	0.172200	0.192500	0.174400	0.166700	0.179400	0.177800
36150.5	0.179000	0.189200	0.199500	0.188200	0.172500	0.125900	0.168900	0.187200	0.175400	0.178100	0.178900	0.177000
41314.9	0.183400	0.195300	0.204200	0.198300	0.172900	0.123000	0.160900	0.186200	0.175000	0.208400	0.179500	0.179000
46479.3	0.182300	0.198300	0.198200	0.190500	0.172800	0.124100	0.164100	0.182800	0.174600	0.196500	0.180300	0.178000
51643.6	0.183100	0.197100	0.195800	0.187400	0.174000	0.127300	0.171400	0.183700	0.175500	0.177100	0.180300	0.178300
56808.0	0.182300	0.199500	0.198900	0.189800	0.173000	0.124700	0.168000	0.180400	0.173600	0.164600	0.180400	0.178200
61972.4	0.183200	0.200400	0.199100	0.189200	0.173500	0.125700	0.165200	0.183100	0.178300	0.162600	0.177300	0.179800
67136.7	0.182700	0.198300	0.195000	0.182700	0.173800	0.129700	0.173700	0.181100	0.174300	0.158800	0.179900	0.178500
72301.1	0.184100	0.208200	0.200700	0.192100	0.174000	0.124300	0.166700	0.181400	0.174300	0.157100	0.180800	0.178800
77465.5	0.182800	0.200700	0.197900	0.186200	0.174300	0.127800	0.173800	0.180600	0.174700	0.158200	0.180900	0.178500
82629.8	0.183000	0.201700	0.202400	0.197600	0.173800	0.124700	0.162800	0.182600	0.173600	0.156200	0.181600	0.181500
87794.2	0.182100	0.198300	0.201200	0.195000	0.173900	0.128700	0.167500	0.179900	0.175300	0.157500	0.182000	0.180800
92958.6	0.229000	0.233300	0.208600	0.240200	0.177500	0.127800	0.169500	0.191600	0.193800	0.160200	0.193900	0.190300
98122.9	0.445300	0.470400	0.372700	0.424800	0.420300	0.143300	0.505500	0.238800	0.345600	0.220000	0.276000	0.442100
103287.3	0.375500	0.395300	0.375600	0.355200	0.387700	0.142300	0.363000	0.224300	0.288500	0.330600	0.351900	0.339900
108451.6	0.360700	0.377300	0.376700	0.346600	0.384500	0.150400	0.311800	0.349000	0.289600	0.290700	0.423000	0.348600
113616.0	0.347800	0.356000	0.334000	0.318500	0.371300	0.262300	0.307000	0.302000	0.266800	0.256900	0.377600	0.310600
118780.4	0.346000	0.350200	0.318900	0.317200	0.368800	0.280500	0.296000	0.281500	0.273300	0.250100	0.352000	0.315200
123944.7	0.341900	0.352300	0.310800	0.315300	0.366500	0.269500	0.291900	0.275600	0.268200	0.241800	0.335300	0.306100
129109.1	0.339500	0.348400	0.305500	0.314300	0.365600	0.276200	0.297400	0.270700	0.271100	0.241100	0.339300	0.314100
134273.5	0.340500	0.350700	0.304700	0.321400	0.358100	0.250100	0.287100	0.267200	0.268100	0.233000	0.334000	0.307700
139437.8	0.336500	0.350000	0.304500	0.321200	0.350100	0.229800	0.282800	0.253600	0.270600	0.229400	0.326400	0.310500
144602.2	0.340800	0.355200	0.309400	0.332100	0.339100	0.216900	0.272100	0.245100	0.265000	0.223200	0.309300	0.302500
149766.6	0.338500	0.340200	0.311900	0.324200	0.326100	0.224800	0.290100	0.246800	0.269000	0.222800	0.301800	0.303800
154930.9	0.333800	0.342000	0.316100	0.335900	0.312000	0.204800	0.279300	0.253300	0.264600	0.217500	0.289700	0.297700
160095.3	0.331200	0.328200	0.318600	0.323700	0.296700	0.199500	0.287000	0.245700	0.264300	0.217900	0.290200	0.301700
165259.6	0.323100	0.312300	0.314900	0.314100	0.283400	0.194000	0.302200	0.228600	0.259300	0.216400	0.274500	0.289200
170424.0	0.327600	0.311600	0.321100	0.325000	0.271200	0.178000	0.286300	0.222400	0.254400	0.213500	0.268500	0.289200
175588.4	0.325200	0.313400	0.327200	0.325300	0.262100	0.170300	0.287400	0.214800	0.253000	0.211700	0.262600	0.285600
180752.7	0.320900	0.302800	0.328000	0.320700	0.248700	0.164800	0.284900	0.204700	0.243100	0.205000	0.252000	0.272600
185917.1	0.318300	0.299400	0.330000	0.315200	0.247600	0.162400	0.298800	0.205100	0.246500	0.208300	0.248200	0.272700
191081.5	0.319300	0.299400	0.335700	0.327700	0.244000	0.152100	0.286900	0.205800	0.243700	0.207100	0.243100	0.273100
196245.8	0.310100	0.285400	0.324000	0.310800	0.236800	0.158400	0.310700	0.201000	0.240500	0.206100	0.236800	0.261500
201410.2	0.311500	0.291200	0.328200	0.318300	0.234000	0.151100	0.299300	0.200600	0.237000	0.203700	0.237000	0.258400
206574.6	0.309500	0.286400	0.331200	0.316800	0.231400	0.147800	0.300500	0.198100	0.234000	0.201200	0.233800	0.254100
211738.9	0.306500	0.276900	0.329500	0.314200	0.230200	0.143900	0.304400	0.195700	0.232600	0.199000	0.230600	0.249900
216903.3	0.306600	0.268900	0.333200	0.313600	0.227900	0.140600	0.297100	0.193200	0.229000	0.195500	0.226600	0.245500
222067.7	0.303400	0.265200	0.334100	0.318100	0.226400	0.131100	0.280400	0.189000	0.221400	0.189300	0.220000	0.239400
227232.0	0.304400	0.253900	0.333600	0.313300	0.225100	0.136700	0.291600	0.187000	0.223400	0.191500	0.216600	0.232600
232396.4	0.299100	0.243500	0.329800	0.307800	0.223800	0.136600	0.298700	0.183400	0.218300	0.189700	0.211100	0.223800
237560.7	0.296100	0.235300	0.327000	0.306000	0.221400	0.133900	0.292500	0.178600	0.212600	0.186200	0.203800	0.216800
242725.1	0.297000	0.227600	0.314800	0.300500	0.219000	0.129300	0.278400	0.176400	0.207900	0.181500	0.195800	0.208000
247889.5	0.295500	0.220800	0.307200	0.284100	0.218800	0.130400	0.281800	0.174800	0.206700	0.181900	0.189500	0.203100
253053.8	0.290500	0.212200	0.295200	0.261200	0.215700	0.133300	0.277700	0.171300	0.206000	0.181400	0.184500	0.194500
258218.2	0.287000	0.208000	0.292500	0.252700	0.209100	0.128600	0.243800	0.170700	0.203500	0.181500	0.181500	0.189800
263382.6	0.289100	0.209200	0.295800	0.247000	0.203100	0.128700	0.222900	0.169900	0.202900	0.179100	0.178500	0.187500
268546.9	0.295100	0.210800	0.297800	0.249000	0.200200	0.127500	0.217600	0.169800	0.205600	0.176100	0.177100	0.186500
273711.3	0.285700	0.207900	0.300500	0.247600	0.197000	0.128700	0.224000	0.169300	0.210700	0.170000	0.176000	0.186600
278875.7	0.280100	0.212500	0.311300	0.256000	0.199200	0.122800	0.215600	0.170600	0.210600	0.159800	0.174500	0.187800
284040.0	0.274700	0.206400	0.316300	0.253100	0.201200	0.126900	0.226000	0.168700	0.209400	0.157800	0.174900	0.187600
289204.4	0.266700	0.201000	0.313900	0.251800	0.200800	0.123700	0.223300	0.168000	0.198900	0.156000	0.173700	0.185700
294368.8	0.266300	0.200200	0.315900	0.249600	0.199500	0.126400	0.229500	0.167900	0.186600	0.155100	0.173300	0.185500
299533.1	0.259200	0.197200	0.309000	0.239800	0.198300	0.127500	0.234000	0.167300	0.181700	0.156200	0.173900	0.182600
304697.5	0.262700	0.200300	0.309800	0.240700	0.196300	0.120100	0.222600	0.167400	0.179400	0.154800	0.172600	0.181500
309861.8	0.261000	0.198700	0.304500	0.230400	0.195700	0.124400	0.225900	0.166800	0.179000	0.156100	0.173800	0.179800
315026.2	0.257600	0.196400	0.292900	0.222500	0.195100	0.124000	0.224300	0.165600	0.176600	0.157400	0.173100	0.179700
320190.6	0.255200	0.197500	0.294200	0.229800	0.194500	0.123800	0.219200	0.166500	0.174800	0.157000	0.170300	0.179100
325354.9	0.252000	0.192400	0.285300	0.223000	0.191900	0.124300	0.218400	0.164800	0.175400	0.156100	0.170700	0.176500
330519.3	0.249100	0.195100	0.282500	0.223200	0.190200	0.122000	0.212400	0.164600	0.176500	0.156600	0.171600	0.176000
335683.7	0.241400	0.191200	0.275500	0.214900	0.188600	0.121600	0.210400	0.164500	0.176600	0.156400	0.170300	0.173000
340848.0	0.236500	0.190000	0.268800	0.211900	0.187200	0.124200	0.211600	0.164000	0.175900	0.156200	0.170500	0.173000
346012.4	0.235400	0.190500	0.269600	0.213600	0.186800	0.123600	0.207500	0.165900	0.175900	0.157000	0.172100	0.173700
351176.7	0.231100	0.190000	0.261600	0.212000	0.184200	0.120100	0.201200	0.165900	0.172700	0.155200	0.170400	0.172700
356341.1	0.230300	0.185400	0.251300	0.202300	0.184200	0.128100	0.206900	0.162800	0.172200	0.154800	0.170600	0.171400
361505.5	0.224500	0.183700	0.246900	0.205500	0.184000	0.126500	0.204000	0.164800	0.170900	0.155900	0.171200	0.171400
366669.8	0.223000	0.184400	0.243200	0.205100	0.182600	0.127400	0.206900	0.163900	0.170500	0.156200	0.170900	0.170200
371834.2	0.220700	0.189200	0.244200	0.213800	0.183100	0.121500	0.187400	0.165600	0.169200	0.155200	0.171200	0.173500
376998.6	0.218100	0.186800	0.238500	0.207500	0.181200	0.122100	0.191600	0.164400	0.167400	0.154400	0.171000	0.172000
382162.9	0.216000	0.186300	0.235600	0.208500	0.181400	0.121000	0.188300	0.162900	0.167600	0.152700	0.170700	0.171100
387327.3	0.214000	0.185600	0.234000	0.204200	0.180800	0.121000	0.185400	0.164800	0.168600	0.154300	0.171300	0.171000
392491.7	0.211400	0.185400	0.228900	0.200200	0.179900	0.123100	0.192900	0.164500	0.167200	0.154100	0.171100	0.170700
397656.0	0.210200	0.190500	0.237000	0.209700	0.178800	0.118100	0.179300	0.166300	0.166700	0.154600	0.171400	0.172700
402820.4	0.206100	0.181400	0.219600	0.192600	0.177700	0.126800	0.196700	0.163900	0.168500	0.156100	0.171800	0.168500
407984.8	0.203700	0.183300	0.219400	0.195800	0.178400	0.124700	0.188800	0.164100	0.166900	0.155400	0.170900	0.169900
413149.1	0.204100	0.183300	0.220100	0.194700	0.177900	0.124800	0.185700	0.165500	0.167000	0.155700	0.171700	0.170100
418313.5	0.202700	0.183100	0.219900	0.194400	0.176700	0.124800	0.184200	0.164200	0.165900	0.155000	0.171000	0.169600
423477.8	0.202200	0.184100	0.219100	0.195600	0.177100	0.124400	0.184600	0.165300	0.167400	0.155100	0.171900	0.171400
428642.2	0.198800	0.182000	0.216200	0.194600	0.176300	0.122800	0.181400	0.164300	0.166900	0.153500	0.170500	0.170100
433806.6	0.197500	0.182400	0.215800	0.192300	0.175700	0.126100	0.185000	0.165200	0.167600	0.154900	0.171500	0.169700
438970.9	0.198600	0.183800	0.215700	0.194000	0.175900	0.119900	0.178400	0.163900	0.166500	0.153200	0.171400	0.169400
444135.3	0.197800	0.188100	0.219400	0.200200	0.174100	0.118800	0.172400	0.165600	0.165600	0.152600	0.170400	0.171000
449299.7	0.196800	0.185200	0.212900	0.194600	0.175000	0.125300	0.179400	0.166000	0.167800	0.155300	0.172000	0.171400
454464.0	0.196100	0.186200	0.211400	0.194600	0.171800	0.121000	0.180400	0.164100	0.165900	0.153800	0.170200	0.170500
459628.4	0.196100	0.186600	0.213900	0.196800	0.173100	0.120400	0.177200	0.165800	0.166000	0.154400	0.170900	0.170500
464792.8	0.193900	0.180000	0.206000	0.188600	0.171700	0.125700	0.183100	0.164500	0.165400	0.154200	0.169900	0.169500
469957.1	0.193900	0.181700	0.204900	0.188100	0.172400	0.122800	0.183300	0.164900	0.164900	0.154700	0.170800	0.169200
475121.5	0.194400	0.185800	0.209400	0.192100	0.172600	0.121400	0.176000	0.164500	0.165100	0.155000	0.170500	0.170400
480285.8	0.191700	0.180700	0.203300	0.185400	0.172200	0.127800	0.187600	0.165500	0.168300	0.156800	0.171000	0.168500
485450.2	0.194600	0.185900	0.211600	0.196800	0.172200	0.122000	0.172600	0.165500	0.165200	0.155600	0.172200	0.171100
490614.6	0.193600	0.182200	0.205000	0.187800	0.170500	0.125300	0.182000	0.163200	0.166300	0.156000	0.172600	0.170000
495778.9	0.195500	0.184500	0.208300	0.192500	0.171200	0.124400	0.177500	0.164500	0.165700	0.157000	0.173500	0.170500
500943.3	0.192100	0.179800	0.202200	0.188200	0.171200	0.127600	0.187700	0.162800	0.166900	0.157200	0.172200	0.169500
506107.7	0.191100	0.181900	0.206300	0.192000	0.171100	0.124200	0.179200	0.162900	0.164400	0.155100	0.172000	0.169700
511272.0	0.190100	0.183000	0.205200	0.191800	0.169000	0.121100	0.175500	0.163200	0.164800	0.153600	0.171100	0.170800
516436.4	0.189700	0.182500	0.203900	0.189700	0.169700	0.121700	0.177200	0.163400	0.164700	0.154000	0.171900	0.170700
521600.8	0.190700	0.184900	0.207900	0.189900	0.170400	0.121600	0.176200	0.162100	0.165200	0.154500	0.172000	0.170400
526765.1	0.191300	0.184000	0.206000	0.189500	0.170600	0.123000	0.177100	0.163700	0.165100	0.155700	0.172200	0.171900
531929.5	0.191500	0.182800	0.201400	0.183000	0.168900	0.127400	0.182000	0.162400	0.165000	0.155600	0.170900	0.169300
537093.8	0.190200	0.187300	0.206300	0.187900	0.170300	0.121300	0.178600	0.165000	0.165500	0.154800	0.171100	0.170600
542258.2	0.191100	0.183700	0.204100	0.181500	0.169500	0.125300	0.184300	0.162800	0.164900	0.156700	0.171600	0.169100
547422.6	0.192100	0.187900	0.207500	0.188300	0.169500	0.125200	0.176000	0.164300	0.165600	0.155900	0.171800	0.172200
552586.9	0.191100	0.183600	0.212800	0.182100	0.168700	0.131300	0.184300	0.163900	0.164000	0.156100	0.170900	0.169000
557751.3	0.194000	0.186700	0.230400	0.185700	0.169600	0.129500	0.176800	0.166500	0.165500	0.156200	0.172700	0.170900
562915.7	0.192300	0.196500	0.295500	0.183500	0.168200	0.138300	0.184300	0.165800	0.164700	0.156900	0.172200	0.170000
568080.1	0.196700	0.212400	0.306800	0.195500	0.171200	0.153900	0.178000	0.173300	0.167300	0.158400	0.175100	0.173100
573244.4	0.194500	0.223400	0.272100	0.187400	0.170900	0.241500	0.182900	0.183100	0.167200	0.161800	0.177200	0.172100
578408.7	0.195200	0.237100	0.266900	0.194300	0.170900	0.228700	0.180200	0.208800	0.166400	0.158200	0.176100	0.171100
583573.1	0.195100	0.244700	0.260400	0.186700	0.172500	0.207800	0.190200	0.192000	0.168400	0.161500	0.179300	0.174400
588737.5	0.196200	0.296300	0.284000	0.189800	0.173200	0.184900	0.189200	0.181500	0.168900	0.161900	0.182200	0.178000
593901.8	0.193700	0.293400	0.263800	0.194000	0.170400	0.174400	0.189800	0.171900	0.167300	0.161300	0.183800	0.179700
599066.2	0.194900	0.266800	0.250800	0.202000	0.172600	0.172300	0.180000	0.168300	0.168800	0.162300	0.188700	0.181600
604230.6	0.194800	0.248600	0.255300	0.201700	0.172500	0.166000	0.181300	0.166100	0.167700	0.161700	0.191000	0.184700
609394.9	0.196400	0.241600	0.267100	0.206100	0.172500	0.164900	0.178800	0.166600	0.167400	0.161800	0.202200	0.192500
614559.3	0.194100	0.230300	0.262600	0.198400	0.175000	0.170000	0.183700	0.165800	0.167600	0.161900	0.219700	0.197100
619723.7	0.193500	0.224700	0.259600	0.200600	0.177000	0.173500	0.189900	0.167300	0.169400	0.164900	0.224700	0.205000
624888.0	0.194800	0.227400	0.265700	0.216000	0.173300	0.162100	0.181500	0.165300	0.165500	0.162900	0.218300	0.201500
630052.4	0.192900	0.222900	0.293000	0.219200	0.171100	0.165000	0.191500	0.164700	0.166800	0.163400	0.213000	0.201400
635216.7	0.191500	0.216100	0.285200	0.214800	0.170700	0.157400	0.193900	0.167300	0.168300	0.164000	0.207400	0.195300
640381.1	0.192300	0.211400	0.261100	0.216800	0.169200	0.163900	0.204400	0.166900	0.169800	0.165600	0.201200	0.187500
645545.5	0.190300	0.208200	0.266600	0.229800	0.169600	0.163300	0.192800	0.170100	0.167300	0.164700	0.198800	0.186400
650709.8	0.191000	0.204200	0.247600	0.216700	0.168800	0.174200	0.205800	0.168500	0.168300	0.165400	0.195200	0.187400
655874.2	0.192000	0.204300	0.244200	0.207400	0.167300	0.165100	0.200100	0.168500	0.168500	0.164600	0.192500	0.189300
661038.6	0.193100	0.202300	0.239400	0.199100	0.165800	0.155000	0.202400	0.171800	0.166500	0.169000	0.189500	0.182400
666202.9	0.194200	0.200500	0.230300	0.197200	0.168200	0.144300	0.192700	0.175400	0.167400	0.170500	0.189400	0.181500
671367.3	0.191400	0.198400	0.216800	0.192100	0.168000	0.137200	0.190900	0.172200	0.165900	0.169400	0.188200	0.180900
676531.7	0.190000	0.193600	0.205300	0.183100	0.166000	0.135600	0.198100	0.165700	0.166300	0.170600	0.187700	0.177200
681696.0	0.189900	0.197600	0.203200	0.189400	0.166200	0.129600	0.190800	0.164600	0.163800	0.165500	0.185800	0.175200
686860.4	0.190600	0.200400	0.199700	0.193200	0.166200	0.121900	0.181700	0.162700	0.165600	0.165000	0.186800	0.174300
692024.7	0.189700	0.201100	0.198100	0.188900	0.166700	0.122100	0.184400	0.164200	0.164700	0.162400	0.188200	0.173700
697189.1	0.186400	0.209900	0.193800	0.188000	0.165300	0.120600	0.182700	0.164400	0.163700	0.160900	0.184300	0.172000
702353.5	0.187300	0.221900	0.193800	0.185100	0.166100	0.122600	0.180400	0.164700	0.163900	0.163000	0.184100	0.174200
707517.8	0.188300	0.239900	0.194800	0.184400	0.165600	0.116800	0.174100	0.163400	0.164100	0.161000	0.181500	0.172600
712682.2	0.187400	0.245000	0.192300	0.184400	0.164600	0.120100	0.178100	0.161900	0.163900	0.159200	0.180000	0.172800
717846.6	0.187300	0.242800	0.191000	0.181200	0.164500	0.121400	0.179000	0.163100	0.164600	0.159300	0.180200	0.170800
723010.9	0.188100	0.238700	0.191200	0.180700	0.164200	0.117900	0.170100	0.162400	0.163400	0.157100	0.178200	0.169800
728175.3	0.188200	0.254200	0.189900	0.180900	0.163300	0.116600	0.172900	0.162500	0.163400	0.157000	0.176400	0.166900
733339.7	0.188500	0.261700	0.192500	0.182600	0.163500	0.119900	0.171900	0.162700	0.163800	0.157700	0.175600	0.167800
738504.0	0.190200	0.249800	0.196400	0.189400	0.164200	0.115000	0.162800	0.164900	0.164200	0.157300	0.175400	0.170800
743668.4	0.186700	0.236600	0.193400	0.179700	0.164000	0.120700	0.171400	0.164700	0.165400	0.160300	0.176400	0.171800
748832.7	0.188000	0.232600	0.192400	0.178500	0.164600	0.122200	0.174800	0.164500	0.163600	0.160500	0.176000	0.171300
753997.1	0.188400	0.240600	0.194900	0.182700	0.164100	0.119700	0.170400	0.165300	0.163000	0.158900	0.175200	0.175000
759161.5	0.189000	0.262600	0.194200	0.183000	0.164200	0.119100	0.174900	0.166100	0.163200	0.159800	0.177300	0.177200
764325.8	0.188900	0.271000	0.198600	0.186900	0.166300	0.120700	0.182200	0.168200	0.166500	0.162500	0.181000	0.175100
769490.2	0.190800	0.267200	0.203600	0.192100	0.165600	0.121500	0.187400	0.174100	0.172100	0.164200	0.183800	0.175000
774654.6	0.189500	0.273600	0.213700	0.218300	0.167300	0.127900	0.199500	0.223300	0.225000	0.171000	0.190200	0.179000
779818.9	0.187700	0.284400	0.294200	0.299000	0.167700	0.136600	0.226600	0.201000	0.196100	0.174500	0.192600	0.176300
784983.3	0.189300	0.269000	0.265100	0.270100	0.167800	0.137900	0.252100	0.189600	0.181500	0.174000	0.195800	0.177500
790147.6	0.190500	0.260900	0.258700	0.248700	0.169100	0.173900	0.242600	0.174000	0.178600	0.185700	0.202800	0.176900
795312.0	0.190200	0.276300	0.263300	0.235000	0.169800	0.227700	0.227100	0.170300	0.172500	0.203800	0.210800	0.176900
800476.4	0.189900	0.269200	0.243200	0.228000	0.171600	0.196100	0.210400	0.167300	0.171500	0.210600	0.211700	0.179000
805640.7	0.191400	0.251300	0.231300	0.222400	0.170100	0.174500	0.200400	0.167500	0.172400	0.203800	0.205300	0.177000
810805.1	0.188600	0.236200	0.219700	0.202300	0.168400	0.165300	0.192400	0.165600	0.172600	0.195400	0.201300	0.172900
815969.5	0.191700	0.232000	0.215000	0.201100	0.170800	0.167400	0.185600	0.165800	0.171400	0.184900	0.200200	0.173300
821133.8	0.191000	0.232700	0.216100	0.202800	0.167000	0.161400	0.178600	0.164000	0.168900	0.174100	0.192600	0.173500
826298.2	0.189600	0.228200	0.213500	0.196500	0.167800	0.156800	0.176300	0.163900	0.167100	0.169600	0.189000	0.173100
831462.6	0.190100	0.222300	0.209800	0.189700	0.167200	0.152100	0.171700	0.164300	0.167200	0.167800	0.187700	0.172800
836626.9	0.189500	0.227000	0.212600	0.190400	0.167200	0.140600	0.167800	0.165700	0.167300	0.164600	0.183700	0.171700
841791.3	0.188400	0.228700	0.212100	0.187900	0.163800	0.132200	0.163400	0.164100	0.164500	0.159900	0.180200	0.172300
846955.6	0.188600	0.238300	0.213300	0.192100	0.164500	0.126900	0.159700	0.165500	0.169500	0.159600	0.180500	0.174500
852120.0	0.186900	0.229600	0.209300	0.181800	0.165400	0.130200	0.164700	0.165300	0.174200	0.160300	0.180300	0.174500
857284.4	0.189400	0.240800	0.213200	0.184500	0.165000	0.126900	0.160100	0.164700	0.184300	0.160000	0.182400	0.175100
862448.7	0.188000	0.237900	0.213100	0.184200	0.167500	0.124900	0.162500	0.166200	0.184100	0.159600	0.185900	0.176000
867613.1	0.191500	0.245200	0.218600	0.187300	0.168800	0.126500	0.163100	0.167700	0.178600	0.161700	0.186700	0.178200
872777.5	0.188500	0.245300	0.216800	0.182700	0.168000	0.129900	0.164900	0.166600	0.170700	0.163000	0.187600	0.176700
877941.8	0.190900	0.251100	0.225800	0.190800	0.168300	0.121800	0.158900	0.165700	0.166300	0.163500	0.185100	0.179600
883106.2	0.192600	0.238700	0.237700	0.192100	0.166700	0.119200	0.155400	0.165200	0.162600	0.163900	0.183700	0.178600
888270.6	0.189600	0.223800	0.236000	0.186800	0.166600	0.124800	0.163700	0.164100	0.162900	0.168200	0.183300	0.178600
893434.9	0.189700	0.217300	0.239600	0.190200	0.166400	0.123100	0.160800	0.166100	0.162400	0.167600	0.182800	0.175800
898599.3	0.191600	0.212700	0.242900	0.194200	0.164800	0.121500	0.156700	0.167300	0.161600	0.166800	0.181400	0.176100
903763.6	0.189400	0.204600	0.228600	0.183600	0.163800	0.126700	0.167200	0.165200	0.163000	0.168300	0.180200	0.177700
908928.0	0.190800	0.198300	0.227000	0.186100	0.163500	0.124700	0.165500	0.165400	0.162100	0.165500	0.177400	0.175600
914092.4	0.191500	0.203000	0.233400	0.193100	0.161100	0.121200	0.161100	0.166800	0.161900	0.163400	0.174400	0.175100
919256.7	0.190600	0.202100	0.230400	0.192600	0.162200	0.120100	0.161600	0.167500	0.164700	0.162500	0.174100	0.174300
924421.1	0.194000	0.205300	0.229100	0.195500	0.161600	0.119000	0.158400	0.166400	0.164500	0.159900	0.172100	0.176900
929585.5	0.192600	0.199600	0.219100	0.189200	0.161800	0.121800	0.167700	0.164700	0.165100	0.163500	0.172600	0.178000
934749.8	0.191200	0.199800	0.215100	0.186100	0.161600	0.122900	0.168100	0.164400	0.166400	0.162400	0.172000	0.180600
939914.2	0.191200	0.203300	0.213900	0.195600	0.160700	0.120200	0.165200	0.165800	0.166000	0.160700	0.172100	0.182200
945078.6	0.191300	0.198500	0.209000	0.189200	0.160500	0.122000	0.170100	0.168800	0.165700	0.161600	0.171400	0.181600
950242.9	0.190100	0.197600	0.208800	0.189600	0.163500	0.121800	0.168700	0.170800	0.169500	0.162100	0.171900	0.184100
955407.3	0.191800	0.200300	0.208600	0.193400	0.161600	0.119400	0.165000	0.168300	0.167900	0.159500	0.170700	0.180900
960571.6	0.194800	0.200200	0.213400	0.198700	0.160900	0.115600	0.156900	0.167800	0.169000	0.160100	0.170500	0.179300
965736.0	0.191500	0.196200	0.208300	0.193400	0.162700	0.117600	0.162900	0.168200	0.167600	0.161600	0.171400	0.176200
970900.4	0.188900	0.192200	0.205400	0.191800	0.161200	0.119500	0.164600	0.165400	0.164900	0.161500	0.170100	0.176200
976064.7	0.188900	0.190900	0.205100	0.187000	0.160900	0.120000	0.168900	0.165600	0.164300	0.160200	0.171300	0.177800
981229.1	0.188200	0.188900	0.202500	0.183500	0.161000	0.122200	0.171600	0.166100	0.163000	0.161900	0.171100	0.177500
986393.5	0.190400	0.194400	0.212600	0.197100	0.160100	0.117500	0.162400	0.167700	0.161000	0.161700	0.171300	0.178000
991557.8	0.191000	0.197500	0.205800	0.188600	0.159600	0.125200	0.168100	0.165400	0.162000	0.164100	0.170800	0.173500
996722.2	0.187800	0.194100	0.208200	0.189900	0.161000	0.125300	0.170400	0.166500	0.161000	0.164400	0.170300	0.171700
1001886.5	0.187300	0.191100	0.206600	0.186600	0.159800	0.126600	0.170400	0.167800	0.162000	0.163900	0.171300	0.171900
1007050.9	0.187900	0.194000	0.213600	0.194600	0.158300	0.122000	0.164000	0.165100	0.161800	0.158500	0.169400	0.175000
1012215.3	0.188800	0.189000	0.208500	0.194900	0.159700	0.125100	0.166200	0.164400	0.163700	0.160900	0.171400	0.175500
1017379.6	0.191200	0.193500	0.213700	0.198800	0.160300	0.120000	0.160100	0.167500	0.164000	0.160000	0.172500	0.175000
1022544.0	0.191800	0.191200	0.215200	0.201400	0.158200	0.120400	0.162300	0.167700	0.162300	0.157600	0.172000	0.174800
1027708.4	0.190400	0.189400	0.213000	0.194300	0.160100	0.121300	0.166600	0.167500	0.163500	0.158600	0.173800	0.176500
1032872.7	0.191500	0.194100	0.215700	0.197300	0.160500	0.119100	0.162600	0.166900	0.162200	0.158000	0.174700	0.178300
1038037.1	0.189900	0.191900	0.211700	0.194300	0.160100	0.125000	0.167900	0.166300	0.164200	0.159000	0.174600	0.177600
1043201.5	0.188200	0.197500	0.212400	0.196900	0.159000	0.122900	0.167900	0.167100	0.162900	0.158300	0.175200	0.177800
1048365.8	0.190600	0.200700	0.213200	0.194800	0.160800	0.123500	0.169100	0.167000	0.164800	0.160800	0.176600	0.178400
1053530.2	0.188400	0.200500	0.209900	0.192300	0.160500	0.123700	0.168800	0.164700	0.163900	0.162100	0.176200	0.175400
1058694.5	0.187800	0.194200	0.207600	0.186100	0.160400	0.128000	0.175800	0.165000	0.164900	0.164300	0.177300	0.173200
1063858.9	0.187100	0.200800	0.216100	0.192800	0.158600	0.121500	0.163300	0.165400	0.162800	0.162500	0.175300	0.171600
1069023.3	0.187300	0.204000	0.217500	0.197400	0.161900	0.122400	0.167800	0.166200	0.163900	0.164600	0.176100	0.173500
1074187.6	0.185900	0.200400	0.214900	0.192400	0.162400	0.124300	0.169700	0.166100	0.164600	0.163700	0.175000	0.173300
1079352.0	0.183900	0.193600	0.217300	0.191400	0.160400	0.126500	0.173100	0.165100	0.163500	0.164100	0.174900	0.171500
