VERSION	1200
Time[MSec.]	Ratio	Ratio	Ratio	Ratio	Ratio	Ratio	Ratio	Ratio	Ratio	Ratio	Ratio	Ratio	Ratio	Ratio	Ratio	Ratio
%.1f	%.4f	%.4f	%.4f	%.4f	%.4f	%.4f	%.4f	%.4f	%.4f	%.4f	%.4f	%.4f	%.4f	%.4f	%.4f	%.4f
Time	ROI(1-1)	ROI(1-2)	ROI(1-3)	ROI(1-4)	ROI(1-5)	ROI(1-6)	ROI(1-7)	ROI(1-8)	ROI(1-9)	ROI(1-10)	ROI(1-11)	ROI(1-12)	ROI(1-13)	ROI(1-14)	ROI(1-15)	ROI(1-16)
GraphNo	1	2	3	4	5	6	7	8	9	10	11	12	13	14	15	16
0.0	0.207500	0.157700	0.160200	0.172700	0.226400	0.173100	0.168600	0.153700	0.133700	0.104300	0.088900	0.108500	0.175300	0.164500	0.176300	0.160300
4957.8	0.209700	0.159000	0.162700	0.175100	0.229100	0.174200	0.170700	0.149300	0.132400	0.102300	0.086300	0.106400	0.176800	0.165400	0.177600	0.162000
9915.6	0.209500	0.158900	0.161700	0.173600	0.228700	0.174100	0.170300	0.143500	0.130500	0.098700	0.083300	0.104300	0.176500	0.164500	0.179900	0.159100
14873.4	0.209400	0.158200	0.163000	0.173600	0.229700	0.174900	0.171600	0.142700	0.129700	0.099900	0.085200	0.105500	0.175200	0.164800	0.182300	0.162100
19831.1	0.210600	0.158000	0.161500	0.173700	0.228900	0.174300	0.170000	0.142800	0.129400	0.098400	0.082800	0.104400	0.175900	0.163300	0.179200	0.159000
24788.9	0.213800	0.159000	0.164200	0.178300	0.234600	0.176600	0.174300	0.135500	0.126600	0.096000	0.081100	0.102200	0.177300	0.167200	0.180100	0.164500
29746.7	0.212700	0.159500	0.162800	0.174900	0.229200	0.174700	0.171600	0.136400	0.129500	0.101000	0.084200	0.106700	0.176000	0.163500	0.176000	0.158600
34704.5	0.211300	0.159300	0.162200	0.173000	0.227700	0.174300	0.169700	0.132800	0.128300	0.101700	0.086000	0.107700	0.175100	0.163200	0.174900	0.158800
39662.3	0.210600	0.159600	0.165800	0.176500	0.231200	0.176300	0.174000	0.128500	0.125800	0.096400	0.081200	0.101900	0.176500	0.166900	0.178800	0.162200
44620.1	0.208500	0.159800	0.168600	0.184400	0.230200	0.175600	0.174400	0.115600	0.118000	0.085100	0.076300	0.090000	0.179400	0.163900	0.179400	0.159600
49577.9	0.209600	0.159000	0.164000	0.173800	0.226200	0.174500	0.172200	0.127900	0.125900	0.098200	0.084300	0.104000	0.175700	0.165800	0.177000	0.161000
54535.7	0.208000	0.159300	0.162400	0.172000	0.219800	0.173800	0.170100	0.132800	0.128700	0.101100	0.085500	0.107300	0.176100	0.163200	0.172600	0.156600
59493.4	0.208300	0.159800	0.165100	0.176500	0.224400	0.176200	0.177400	0.139400	0.129500	0.099200	0.083400	0.104200	0.177100	0.166500	0.175400	0.163200
64451.2	0.208000	0.158600	0.164500	0.176200	0.223900	0.176900	0.176100	0.136300	0.127600	0.097700	0.082100	0.103400	0.176400	0.170300	0.175300	0.165100
69409.0	0.208300	0.158200	0.162000	0.172700	0.218900	0.174100	0.172700	0.136100	0.129900	0.100200	0.084500	0.106100	0.175400	0.165100	0.173100	0.160700
74366.8	0.207900	0.158700	0.162800	0.174800	0.221000	0.174800	0.173300	0.133400	0.129300	0.102100	0.086200	0.107100	0.176200	0.167900	0.175400	0.162500
79324.6	0.206600	0.157700	0.159300	0.172000	0.214800	0.172000	0.168500	0.133500	0.129800	0.104600	0.088500	0.110100	0.174800	0.165700	0.172600	0.159000
84282.4	0.205900	0.158500	0.163300	0.175700	0.219800	0.175000	0.173900	0.133400	0.128200	0.099500	0.083300	0.105200	0.175800	0.167000	0.178200	0.160100
89240.2	0.204300	0.158400	0.161000	0.174000	0.215900	0.172300	0.170400	0.135400	0.130100	0.103000	0.086700	0.108800	0.175200	0.164900	0.173300	0.159200
94198.0	0.200800	0.157700	0.162800	0.175600	0.215200	0.173200	0.170600	0.127300	0.125300	0.098200	0.082300	0.103200	0.175600	0.166400	0.176000	0.160800
99155.8	0.197800	0.157800	0.161500	0.172700	0.211300	0.170700	0.168400	0.126500	0.126700	0.099500	0.084300	0.104900	0.174500	0.164400	0.172300	0.159800
104113.5	0.195200	0.156900	0.158500	0.170400	0.206300	0.169700	0.165700	0.125900	0.126800	0.100400	0.086000	0.106700	0.172900	0.162200	0.169100	0.156800
109071.3	0.193400	0.156900	0.160100	0.171600	0.208500	0.170400	0.166300	0.121100	0.124600	0.095000	0.081500	0.102300	0.173800	0.162200	0.169900	0.156600
114029.1	0.194300	0.157100	0.161900	0.174200	0.212600	0.172200	0.168400	0.121200	0.123800	0.095600	0.080900	0.101700	0.174100	0.164400	0.171600	0.159600
118986.9	0.192900	0.157800	0.161800	0.173500	0.211100	0.170100	0.167900	0.121200	0.123600	0.095300	0.081200	0.101900	0.172900	0.164100	0.169700	0.157300
123944.7	0.190400	0.155600	0.157200	0.167800	0.204500	0.167200	0.162900	0.122800	0.124900	0.098500	0.083500	0.103900	0.170300	0.159900	0.164400	0.154500
128902.5	0.192300	0.158300	0.163100	0.174400	0.210300	0.171100	0.168300	0.121500	0.124200	0.096800	0.082300	0.102700	0.173400	0.163500	0.170000	0.158500
133860.3	0.190100	0.157100	0.163900	0.174100	0.208900	0.170900	0.167200	0.121600	0.123300	0.096500	0.082000	0.102500	0.173300	0.166500	0.169200	0.161700
138818.1	0.189300	0.157600	0.162000	0.171900	0.205100	0.168500	0.165100	0.124800	0.124900	0.097700	0.083100	0.104400	0.173500	0.162600	0.166300	0.158400
143775.8	0.188400	0.158200	0.161500	0.171900	0.204600	0.170800	0.166700	0.125700	0.125400	0.099800	0.084500	0.105600	0.173800	0.164300	0.169300	0.158300
148733.6	0.187700	0.158800	0.164400	0.174000	0.203100	0.171100	0.167100	0.122600	0.123700	0.097000	0.082100	0.102400	0.176100	0.166100	0.169600	0.161000
153691.4	0.187800	0.159900	0.163500	0.171400	0.197500	0.170600	0.166700	0.125800	0.127300	0.100900	0.085900	0.106300	0.178100	0.166100	0.169600	0.161400
158649.2	0.189700	0.163100	0.167600	0.174700	0.197800	0.172900	0.171100	0.128600	0.129000	0.102200	0.086300	0.107200	0.183500	0.169500	0.172700	0.165000
163607.0	0.192500	0.165700	0.170100	0.174600	0.195800	0.174400	0.173000	0.137000	0.134800	0.108100	0.091300	0.112500	0.188400	0.173100	0.176500	0.166100
168564.8	0.195500	0.172200	0.179100	0.183600	0.202200	0.181000	0.184000	0.136900	0.133900	0.103100	0.084500	0.105200	0.197900	0.181200	0.189700	0.174200
173522.6	0.199700	0.176400	0.184800	0.187000	0.202900	0.185300	0.188600	0.149200	0.140500	0.109000	0.090600	0.110700	0.205200	0.192100	0.195800	0.178500
178480.4	0.205000	0.181300	0.187500	0.187400	0.202700	0.189200	0.192500	0.161400	0.147000	0.116600	0.099100	0.118300	0.214500	0.201100	0.203600	0.182900
183438.1	0.207600	0.186500	0.192300	0.192400	0.204400	0.192300	0.197300	0.163800	0.149400	0.116500	0.101000	0.118700	0.224800	0.206400	0.209400	0.184600
188395.9	0.211100	0.190500	0.194800	0.192300	0.207700	0.194300	0.202800	0.165000	0.152200	0.120300	0.105500	0.122600	0.233700	0.209800	0.213700	0.186700
193353.7	0.215800	0.196300	0.201000	0.194700	0.213000	0.199400	0.209200	0.165100	0.154500	0.121700	0.106600	0.124900	0.248200	0.220000	0.217000	0.191300
198311.5	0.219500	0.199600	0.203600	0.195200	0.214000	0.201300	0.212400	0.164800	0.156400	0.123800	0.105900	0.125100	0.257400	0.225700	0.216700	0.195600
203269.3	0.223900	0.203300	0.203900	0.193300	0.213800	0.202700	0.214000	0.169000	0.161000	0.130800	0.110900	0.132500	0.265400	0.229300	0.217700	0.195500
208227.1	0.227200	0.207400	0.211700	0.199600	0.221900	0.207700	0.224300	0.163400	0.158500	0.126100	0.103000	0.126900	0.277600	0.236700	0.222800	0.201400
213184.9	0.230000	0.210300	0.209600	0.195900	0.220000	0.207700	0.223900	0.168600	0.164500	0.133900	0.109200	0.134900	0.283900	0.237700	0.222100	0.199800
218142.7	0.238300	0.218700	0.221800	0.205400	0.233600	0.218100	0.238100	0.166500	0.165700	0.132000	0.105600	0.132500	0.294400	0.248800	0.233700	0.212300
223100.5	0.241800	0.220500	0.218400	0.202600	0.231100	0.216300	0.234700	0.170400	0.170200	0.138000	0.108700	0.138000	0.292600	0.245000	0.229100	0.208900
228058.2	0.248300	0.226600	0.224700	0.207600	0.238200	0.220900	0.244700	0.168000	0.171400	0.140200	0.109500	0.139600	0.299400	0.252800	0.235500	0.216600
233016.0	0.250100	0.227800	0.223900	0.206900	0.238700	0.221300	0.245800	0.168200	0.173100	0.142100	0.110500	0.141100	0.298300	0.255400	0.233100	0.222900
237973.8	0.254300	0.229800	0.226100	0.209300	0.242200	0.224400	0.251900	0.165700	0.173200	0.141400	0.107900	0.140700	0.301600	0.256300	0.236600	0.234100
242931.6	0.252200	0.228300	0.221800	0.204100	0.237600	0.220200	0.247500	0.164900	0.171900	0.142800	0.110300	0.142500	0.299500	0.252500	0.231200	0.238300
247889.4	0.257200	0.232000	0.226100	0.208400	0.244700	0.224100	0.255900	0.164000	0.173700	0.144000	0.109800	0.143900	0.298600	0.258800	0.235400	0.249700
252847.2	0.259200	0.234000	0.227700	0.210400	0.244900	0.224500	0.252400	0.162500	0.174200	0.142900	0.108300	0.142200	0.293700	0.258600	0.233300	0.247500
257805.0	0.260500	0.234000	0.226700	0.209800	0.245100	0.224500	0.254200	0.160800	0.173000	0.142700	0.107700	0.142200	0.283500	0.256200	0.231900	0.249500
262762.8	0.262100	0.234800	0.227600	0.211000	0.246200	0.225200	0.255200	0.159600	0.173200	0.143900	0.109500	0.143800	0.275400	0.255000	0.231700	0.256600
267720.5	0.263100	0.235200	0.231100	0.214700	0.251800	0.228400	0.260600	0.156100	0.170500	0.140000	0.107700	0.141000	0.271900	0.261000	0.236900	0.270800
272678.3	0.263200	0.234500	0.225100	0.209400	0.245600	0.224300	0.254100	0.159400	0.174100	0.146500	0.110600	0.146300	0.261500	0.253200	0.231100	0.261900
277636.1	0.266100	0.235500	0.228200	0.212800	0.249800	0.227500	0.257600	0.156300	0.173000	0.143100	0.106200	0.144300	0.259200	0.257200	0.233200	0.267500
282593.9	0.264900	0.232600	0.224200	0.208400	0.245400	0.224100	0.252800	0.158100	0.173500	0.146400	0.108900	0.147600	0.252600	0.253100	0.229000	0.263900
287551.7	0.265100	0.231900	0.222800	0.208200	0.245300	0.224200	0.251700	0.155000	0.171700	0.143200	0.106800	0.146100	0.247500	0.253000	0.229300	0.268500
292509.5	0.270700	0.237000	0.228500	0.212300	0.250600	0.228100	0.255400	0.158000	0.174200	0.148500	0.109700	0.150100	0.248600	0.258200	0.231400	0.268700
297467.3	0.271200	0.236400	0.225600	0.210300	0.249100	0.226400	0.253600	0.157300	0.175600	0.147000	0.107100	0.149400	0.245600	0.254000	0.230000	0.265500
302425.1	0.272200	0.237600	0.228700	0.213600	0.252300	0.228800	0.256200	0.156900	0.174600	0.147500	0.107600	0.149600	0.243200	0.255700	0.231400	0.269900
307382.9	0.269700	0.234400	0.221900	0.208000	0.244600	0.223000	0.245700	0.158100	0.175700	0.150700	0.111700	0.153000	0.237800	0.251300	0.224500	0.265200
312340.6	0.268900	0.233500	0.222400	0.209200	0.245900	0.223200	0.247700	0.152900	0.171700	0.141600	0.102500	0.143900	0.236100	0.247800	0.225300	0.266300
317298.4	0.267900	0.232100	0.219700	0.207200	0.243200	0.222100	0.246000	0.154900	0.173600	0.146500	0.107100	0.148500	0.233500	0.248200	0.222600	0.263500
322256.2	0.267200	0.231500	0.221000	0.207500	0.244100	0.221800	0.246300	0.153100	0.171000	0.143600	0.105000	0.146400	0.232700	0.246200	0.223400	0.262500
327214.0	0.266000	0.230600	0.216400	0.204800	0.239400	0.219900	0.241800	0.153200	0.171000	0.143100	0.103000	0.145900	0.229500	0.241800	0.219300	0.252000
332171.8	0.264800	0.231200	0.216200	0.203700	0.238900	0.219000	0.240600	0.155300	0.172700	0.148600	0.107500	0.149600	0.228300	0.240500	0.217700	0.249700
337129.6	0.265300	0.231100	0.216600	0.205600	0.240400	0.219200	0.241200	0.151700	0.169400	0.142400	0.101800	0.144700	0.227900	0.240300	0.218600	0.249900
342087.4	0.264100	0.230200	0.215600	0.203900	0.238300	0.218300	0.238500	0.150700	0.168700	0.141900	0.102200	0.144900	0.224900	0.239200	0.216400	0.243600
347045.2	0.262300	0.228200	0.213700	0.202300	0.236200	0.216500	0.237600	0.151100	0.168000	0.144200	0.103600	0.146000	0.222800	0.237700	0.216000	0.239000
352003.0	0.262800	0.227600	0.214000	0.202400	0.236500	0.217600	0.237000	0.149600	0.167500	0.143000	0.102200	0.145000	0.222000	0.241400	0.216500	0.241100
356960.7	0.262700	0.228200	0.214600	0.203900	0.237700	0.217200	0.237500	0.148600	0.165900	0.140700	0.099600	0.142500	0.222300	0.238700	0.217100	0.240400
361918.5	0.262400	0.227600	0.213300	0.202600	0.236600	0.217400	0.239000	0.149600	0.166400	0.142500	0.101200	0.144500	0.220800	0.237300	0.216900	0.234800
366876.3	0.261100	0.225900	0.212300	0.201400	0.234300	0.216100	0.234700	0.148100	0.164600	0.141700	0.101700	0.144000	0.219200	0.235900	0.213700	0.232500
371834.1	0.261600	0.226600	0.215100	0.203700	0.236800	0.216600	0.239200	0.146800	0.163700	0.138700	0.098100	0.140700	0.219800	0.236400	0.216400	0.232000
376791.9	0.260000	0.224300	0.209400	0.198400	0.230200	0.214100	0.232800	0.147600	0.164700	0.139900	0.100400	0.143000	0.216900	0.231200	0.211300	0.225900
381749.7	0.260800	0.224200	0.211300	0.200400	0.233200	0.215500	0.235500	0.146900	0.163600	0.139400	0.097400	0.140900	0.217200	0.231500	0.215100	0.225300
386707.5	0.260500	0.223800	0.209300	0.198700	0.230700	0.214400	0.233000	0.145200	0.163100	0.137300	0.097300	0.139700	0.215600	0.231200	0.211300	0.223900
391665.3	0.261200	0.223200	0.210400	0.200800	0.232000	0.215200	0.234800	0.144700	0.161800	0.136400	0.096800	0.138800	0.216000	0.230900	0.213800	0.224300
396623.0	0.257900	0.221600	0.209100	0.198200	0.228600	0.213700	0.231100	0.147000	0.162500	0.141100	0.101400	0.143600	0.213900	0.230800	0.212000	0.222900
401580.8	0.258100	0.222300	0.205900	0.196100	0.226100	0.213500	0.230600	0.146600	0.162900	0.139900	0.100900	0.143100	0.212700	0.226400	0.209300	0.218400
406538.6	0.258600	0.222500	0.207300	0.197300	0.228000	0.214300	0.232200	0.146200	0.162400	0.140600	0.101700	0.143300	0.213700	0.224800	0.211400	0.219900
411496.4	0.256200	0.220600	0.207800	0.197500	0.225900	0.213200	0.230600	0.144000	0.160300	0.135200	0.097800	0.139200	0.212900	0.223800	0.210400	0.216900
416454.2	0.254100	0.218800	0.203400	0.193000	0.221200	0.209700	0.224800	0.147800	0.163000	0.143300	0.104800	0.146300	0.209700	0.220300	0.204600	0.213300
421412.0	0.254800	0.220800	0.205800	0.196800	0.224400	0.211400	0.229500	0.143700	0.160200	0.135800	0.097400	0.138900	0.212300	0.221900	0.208500	0.214300
426369.8	0.254900	0.219600	0.206000	0.196500	0.222900	0.211200	0.231800	0.142200	0.159000	0.135200	0.097400	0.138200	0.211100	0.222400	0.209400	0.214100
431327.6	0.254800	0.219100	0.206500	0.197100	0.223900	0.212100	0.231900	0.140400	0.157400	0.131600	0.094100	0.135100	0.212000	0.221100	0.209200	0.215000
436285.3	0.253100	0.218500	0.205800	0.194600	0.221000	0.210600	0.228400	0.141800	0.157900	0.134800	0.097000	0.138600	0.209800	0.220100	0.208200	0.215400
441243.1	0.252400	0.217600	0.204600	0.195400	0.219300	0.209900	0.228600	0.141000	0.157400	0.132900	0.094800	0.136300	0.209800	0.217800	0.207100	0.209500
446200.9	0.251700	0.216000	0.201100	0.191400	0.215300	0.208100	0.224700	0.142700	0.159100	0.136600	0.098100	0.139600	0.208200	0.215100	0.204900	0.207500
451158.7	0.251800	0.216900	0.201500	0.192200	0.216000	0.207700	0.226000	0.141100	0.158100	0.134000	0.095900	0.137600	0.208500	0.214600	0.205000	0.206000
456116.5	0.250800	0.215300	0.202300	0.193000	0.216300	0.208400	0.225300	0.140600	0.156700	0.135200	0.097700	0.138900	0.207700	0.216400	0.205400	0.207500
461074.3	0.250700	0.215900	0.201500	0.192100	0.215100	0.207700	0.224600	0.141400	0.157800	0.134700	0.096900	0.138600	0.207800	0.215900	0.204200	0.205900
466032.1	0.249400	0.216000	0.202800	0.193300	0.216700	0.208500	0.226000	0.139600	0.155900	0.132600	0.096400	0.137200	0.207900	0.215600	0.205500	0.208800
470989.9	0.247600	0.215000	0.197600	0.188900	0.211500	0.205200	0.220300	0.143400	0.159200	0.137900	0.100700	0.142300	0.205300	0.210600	0.200800	0.203700
475947.6	0.249600	0.216600	0.202100	0.193100	0.215400	0.208200	0.227400	0.139800	0.156600	0.131500	0.094400	0.135800	0.207700	0.212700	0.205300	0.207000
480905.4	0.247400	0.215700	0.199800	0.190400	0.212100	0.205600	0.221600	0.139400	0.156000	0.131300	0.094800	0.135300	0.206400	0.208900	0.202600	0.201600
485863.2	0.245500	0.213300	0.195400	0.187700	0.208100	0.202600	0.218200	0.141300	0.157700	0.134500	0.097700	0.139200	0.203400	0.205500	0.199200	0.197800
490821.0	0.246400	0.214300	0.197900	0.189900	0.210300	0.205300	0.219800	0.139300	0.156000	0.131300	0.094600	0.135800	0.204900	0.208300	0.200600	0.201200
495778.8	0.247400	0.214000	0.198300	0.189500	0.210200	0.205700	0.221100	0.139400	0.155300	0.131700	0.095300	0.136400	0.204800	0.208200	0.202300	0.199800
500736.6	0.246300	0.213200	0.199300	0.191000	0.211700	0.205500	0.220700	0.137500	0.153700	0.128900	0.093200	0.134200	0.205200	0.209100	0.202600	0.202800
505694.4	0.244400	0.212700	0.197800	0.189200	0.208200	0.203400	0.217700	0.138500	0.154500	0.132500	0.096300	0.136700	0.203700	0.205900	0.200900	0.200400
510652.2	0.244100	0.212600	0.195200	0.187900	0.204700	0.201700	0.214700	0.137600	0.153700	0.129400	0.094500	0.134300	0.203600	0.202500	0.197300	0.196500
515610.0	0.243800	0.212100	0.197400	0.189000	0.206600	0.203600	0.216700	0.134800	0.151300	0.126900	0.092300	0.131900	0.203900	0.204000	0.199400	0.197800
520567.7	0.243500	0.212000	0.200500	0.191600	0.208900	0.204600	0.218400	0.134200	0.150400	0.125300	0.090400	0.130600	0.203900	0.206100	0.202200	0.202100
525525.5	0.241400	0.211000	0.196600	0.188300	0.205000	0.201900	0.213600	0.136100	0.151400	0.128100	0.093600	0.133500	0.202800	0.202900	0.197600	0.196600
530483.3	0.242500	0.211400	0.198000	0.188900	0.206200	0.204300	0.215700	0.135700	0.151500	0.127600	0.093700	0.133700	0.203300	0.202500	0.200400	0.198600
535441.1	0.241200	0.210000	0.197000	0.189500	0.204500	0.202700	0.215000	0.135800	0.151400	0.128700	0.094500	0.134700	0.202400	0.201300	0.198600	0.196100
540398.9	0.239200	0.209500	0.194800	0.188100	0.202800	0.200400	0.211000	0.134100	0.150300	0.125800	0.092100	0.131400	0.202500	0.199100	0.196300	0.192700
545356.7	0.240600	0.209600	0.196900	0.189100	0.206300	0.202600	0.215700	0.133600	0.151000	0.124000	0.090700	0.129900	0.203200	0.200800	0.200000	0.195700
550314.5	0.238300	0.209500	0.196300	0.188400	0.204400	0.200900	0.212800	0.135400	0.151600	0.127100	0.093000	0.133000	0.201500	0.199600	0.197600	0.193400
555272.3	0.237400	0.209100	0.193700	0.186500	0.201700	0.199500	0.210500	0.135200	0.151300	0.127300	0.093800	0.133300	0.200600	0.197900	0.195000	0.194900
560230.0	0.238700	0.208900	0.195000	0.186700	0.202900	0.200700	0.212200	0.135500	0.151400	0.126900	0.094100	0.133300	0.201000	0.197900	0.197400	0.194700
565187.8	0.237800	0.209300	0.197200	0.189900	0.205400	0.201000	0.215100	0.132900	0.149600	0.121900	0.089800	0.128000	0.202400	0.198600	0.199700	0.195800
570145.6	0.236000	0.207600	0.193700	0.186700	0.200600	0.198600	0.210200	0.134500	0.152400	0.125100	0.092700	0.131700	0.200200	0.195200	0.195500	0.193700
575103.4	0.235600	0.207800	0.194300	0.187100	0.200500	0.198900	0.208900	0.134200	0.151400	0.122700	0.090700	0.129400	0.199900	0.194300	0.194600	0.192200
580061.2	0.234200	0.207200	0.193800	0.186300	0.199700	0.196900	0.208500	0.135000	0.152200	0.125600	0.093000	0.131600	0.200200	0.193000	0.192300	0.188800
585019.0	0.233600	0.206700	0.192600	0.185300	0.197800	0.196800	0.206200	0.132900	0.151200	0.122000	0.090100	0.128400	0.199300	0.190900	0.193400	0.187800
589976.8	0.236200	0.208000	0.196800	0.189400	0.202900	0.199500	0.211800	0.131800	0.149000	0.118200	0.087100	0.125400	0.200700	0.193900	0.197900	0.194000
594934.6	0.231600	0.205100	0.191200	0.185500	0.196400	0.195300	0.205200	0.131800	0.149100	0.119100	0.088600	0.125900	0.197700	0.188500	0.191200	0.187900
599892.3	0.231800	0.205300	0.192800	0.186600	0.197900	0.195800	0.206900	0.131600	0.149300	0.120100	0.089900	0.127400	0.197700	0.191200	0.193600	0.190800
604850.1	0.232100	0.206400	0.195200	0.188900	0.199300	0.197300	0.207300	0.129300	0.146200	0.117400	0.086500	0.122800	0.198500	0.191100	0.194800	0.190900
609807.9	0.229800	0.203100	0.189500	0.184300	0.194300	0.193600	0.201400	0.132300	0.148500	0.121600	0.091200	0.127600	0.195700	0.187200	0.189400	0.185700
614765.7	0.231800	0.205900	0.194800	0.189800	0.199600	0.196700	0.207800	0.129100	0.145700	0.116900	0.086400	0.123400	0.197900	0.190500	0.194600	0.192500
619723.5	0.229800	0.204300	0.191300	0.186200	0.195900	0.193800	0.203500	0.129500	0.145600	0.117600	0.088200	0.123700	0.195600	0.188400	0.191300	0.187800
624681.3	0.228600	0.203400	0.189800	0.185700	0.194200	0.192600	0.203100	0.129400	0.146300	0.116900	0.086800	0.122900	0.195000	0.185100	0.190700	0.185900
629639.1	0.229500	0.203900	0.192400	0.188000	0.196800	0.194200	0.204200	0.129700	0.146400	0.117800	0.088400	0.123600	0.195600	0.187100	0.192600	0.187800
634596.9	0.226900	0.202400	0.189300	0.185100	0.193800	0.191500	0.201200	0.130000	0.147000	0.119800	0.089900	0.125000	0.194100	0.184200	0.189300	0.187200
639554.7	0.226900	0.202200	0.190700	0.185800	0.194400	0.192300	0.201900	0.128200	0.144600	0.115900	0.086900	0.121400	0.193800	0.183500	0.189600	0.185300
644512.4	0.227100	0.203600	0.192700	0.187800	0.197600	0.193700	0.204000	0.127000	0.143300	0.113400	0.084400	0.119300	0.195300	0.186500	0.192500	0.187400
649470.2	0.223800	0.201000	0.187700	0.183400	0.191400	0.189000	0.197200	0.130100	0.145500	0.118900	0.090000	0.124300	0.192000	0.182000	0.186600	0.184100
654428.0	0.223600	0.200700	0.186600	0.181200	0.190400	0.188800	0.196200	0.133300	0.147500	0.124700	0.094900	0.130000	0.190900	0.181800	0.186200	0.184000
659385.8	0.223100	0.201000	0.187800	0.183000	0.191500	0.189200	0.198700	0.128400	0.144100	0.116100	0.086700	0.121400	0.192300	0.180900	0.187400	0.181900
664343.6	0.222300	0.200200	0.186600	0.181500	0.191400	0.189600	0.196700	0.130800	0.144800	0.120900	0.091500	0.125800	0.191200	0.181600	0.186400	0.184200
669301.4	0.222000	0.200700	0.186900	0.182700	0.191200	0.188200	0.196400	0.129500	0.144800	0.119000	0.090000	0.124200	0.192400	0.180300	0.185900	0.182100
674259.2	0.221300	0.200300	0.186200	0.182400	0.190700	0.188700	0.195300	0.128100	0.142600	0.116000	0.087600	0.121800	0.191100	0.180700	0.185700	0.183700
679217.0	0.220900	0.199900	0.186800	0.182900	0.191700	0.188400	0.195900	0.128000	0.143400	0.116300	0.088100	0.122300	0.191400	0.179800	0.185500	0.182900
684174.8	0.219700	0.199500	0.184100	0.181300	0.189200	0.186600	0.194100	0.130100	0.144100	0.118600	0.090000	0.124100	0.190300	0.178100	0.183800	0.180100
689132.5	0.219800	0.199400	0.187600	0.184100	0.192500	0.188200	0.196900	0.127300	0.140600	0.115800	0.088100	0.121800	0.190300	0.181700	0.186400	0.184700
694090.3	0.218600	0.198600	0.185500	0.182100	0.190300	0.187000	0.192900	0.127900	0.140800	0.115800	0.088200	0.122100	0.189700	0.178900	0.184900	0.182200
699048.1	0.216800	0.197900	0.183600	0.181000	0.188800	0.185200	0.191000	0.127100	0.140300	0.115900	0.088200	0.121700	0.189000	0.177100	0.183300	0.181300
704005.9	0.217000	0.198600	0.186300	0.182900	0.190600	0.186300	0.193800	0.126300	0.138700	0.113700	0.086700	0.119500	0.190100	0.178400	0.184200	0.182800
708963.7	0.217800	0.198800	0.186400	0.183100	0.192000	0.186900	0.195500	0.125300	0.138400	0.111400	0.084400	0.117100	0.189800	0.177900	0.185200	0.182000
713921.5	0.215700	0.197200	0.184200	0.180800	0.188700	0.184900	0.191000	0.127500	0.139800	0.116000	0.088400	0.121500	0.188400	0.176200	0.182900	0.180800
718879.3	0.214400	0.198000	0.184100	0.181400	0.189300	0.184600	0.191100	0.125100	0.137200	0.110900	0.084800	0.116700	0.188600	0.175700	0.182700	0.178400
723837.1	0.216500	0.197600	0.186900	0.183700	0.192000	0.186100	0.194900	0.124600	0.136400	0.110700	0.084700	0.116800	0.188800	0.179400	0.185800	0.183500
728794.8	0.214200	0.197900	0.186100	0.182300	0.190700	0.184900	0.192800	0.122700	0.134600	0.108400	0.082700	0.114800	0.188600	0.176400	0.183100	0.181400
733752.6	0.212900	0.197100	0.183700	0.181000	0.187900	0.183200	0.189000	0.125600	0.136700	0.113500	0.087100	0.119000	0.187200	0.174700	0.180400	0.178300
738710.4	0.212700	0.197400	0.183800	0.180200	0.188100	0.183700	0.189500	0.126600	0.136800	0.113700	0.087700	0.120400	0.187100	0.174100	0.181400	0.180300
743668.2	0.211800	0.196700	0.183700	0.181000	0.187800	0.182600	0.190500	0.124900	0.135000	0.111600	0.086500	0.118400	0.186700	0.174100	0.180600	0.179000
748626.0	0.210700	0.196400	0.184000	0.181200	0.187900	0.182100	0.188900	0.123600	0.133900	0.109900	0.085500	0.116600	0.186700	0.175000	0.181400	0.177900
753583.8	0.210200	0.196300	0.185000	0.181200	0.188100	0.182000	0.189600	0.123600	0.134200	0.109300	0.084300	0.115500	0.185900	0.175500	0.180900	0.180900
758541.6	0.209800	0.196300	0.184900	0.181500	0.188100	0.182200	0.189900	0.123800	0.133700	0.109300	0.084700	0.115900	0.186000	0.174400	0.181200	0.179300
763499.4	0.209800	0.196000	0.184500	0.181200	0.187600	0.182100	0.189400	0.123200	0.134000	0.108500	0.083800	0.115300	0.186400	0.174300	0.180600	0.178200
768457.1	0.208500	0.194800	0.182800	0.179000	0.185600	0.180800	0.187800	0.124900	0.134800	0.111000	0.086000	0.117400	0.185200	0.173600	0.179700	0.175600
773414.9	0.207100	0.195400	0.183000	0.180000	0.186300	0.180300	0.187500	0.122900	0.133300	0.109100	0.084900	0.115300	0.185200	0.174200	0.179800	0.178400
778372.7	0.207100	0.196100	0.182800	0.180500	0.185700	0.180400	0.187600	0.123700	0.134500	0.109800	0.084700	0.115700	0.185100	0.173400	0.179300	0.177500
783330.5	0.205900	0.195500	0.180800	0.177900	0.182400	0.178400	0.185800	0.124500	0.134900	0.110800	0.085900	0.116800	0.184500	0.168900	0.176900	0.173700
788288.3	0.206000	0.195800	0.185500	0.181500	0.187400	0.181000	0.189800	0.123100	0.133300	0.108500	0.084700	0.115100	0.185300	0.175400	0.181000	0.180000
793246.1	0.204900	0.195300	0.182800	0.179500	0.184700	0.179200	0.187100	0.121500	0.131600	0.106200	0.082500	0.112900	0.184500	0.173100	0.179200	0.177100
798203.9	0.204500	0.195100	0.182700	0.179600	0.184000	0.179000	0.186200	0.123900	0.133100	0.109800	0.085400	0.115800	0.184300	0.173000	0.179200	0.176600
803161.7	0.202700	0.193900	0.180900	0.178000	0.182700	0.177600	0.184100	0.124200	0.133200	0.111200	0.087700	0.117300	0.182800	0.171700	0.177100	0.176600
808119.5	0.201600	0.193300	0.179100	0.175800	0.180400	0.176000	0.181300	0.125300	0.133900	0.112700	0.088100	0.118500	0.182000	0.169600	0.175200	0.172900
813077.2	0.202000	0.194700	0.180700	0.178000	0.181900	0.177100	0.184100	0.123600	0.132000	0.110100	0.086300	0.115800	0.182600	0.170900	0.177200	0.175400
818035.0	0.201800	0.195000	0.182300	0.179200	0.182500	0.178000	0.184200	0.122700	0.132100	0.108900	0.084800	0.114000	0.183200	0.172300	0.176700	0.176900
822992.8	0.200800	0.194600	0.181100	0.178800	0.181300	0.176600	0.184000	0.122700	0.131800	0.109000	0.085000	0.114300	0.182400	0.170900	0.176000	0.175500
827950.6	0.200300	0.195000	0.180800	0.178000	0.180500	0.175800	0.182200	0.122400	0.131200	0.107700	0.084200	0.112600	0.181900	0.170800	0.175800	0.175200
832908.4	0.199600	0.194600	0.180400	0.178000	0.179500	0.176000	0.181800	0.123400	0.132600	0.108700	0.084600	0.113000	0.182800	0.169400	0.175300	0.172600
837866.2	0.199700	0.195400	0.183100	0.180700	0.183300	0.177900	0.184800	0.118900	0.129200	0.103600	0.080200	0.107700	0.183100	0.171300	0.178400	0.177100
842824.0	0.199300	0.195400	0.183800	0.181300	0.183700	0.177900	0.186100	0.120600	0.129700	0.105600	0.081400	0.109600	0.183800	0.172200	0.178600	0.177400
847781.8	0.198100	0.195000	0.182300	0.179300	0.181000	0.176100	0.182700	0.122700	0.132000	0.108800	0.084400	0.113200	0.182600	0.169500	0.176100	0.173300
852739.5	0.197000	0.194200	0.183400	0.180100	0.181600	0.176900	0.181900	0.121000	0.130600	0.105400	0.081100	0.108900	0.182600	0.170000	0.176700	0.174700
857697.3	0.196700	0.194000	0.180400	0.178100	0.178800	0.174600	0.179700	0.123000	0.132200	0.108500	0.083800	0.111700	0.181600	0.169100	0.173700	0.174000
862655.1	0.196800	0.194400	0.182500	0.179400	0.180300	0.175600	0.180700	0.121100	0.130700	0.106000	0.082100	0.109200	0.181700	0.171200	0.175600	0.176200
867612.9	0.195800	0.194600	0.181600	0.178500	0.179300	0.175100	0.179900	0.122100	0.131100	0.106800	0.083000	0.110500	0.181800	0.169800	0.174800	0.172700
872570.7	0.197100	0.195500	0.184200	0.181100	0.182300	0.177600	0.181900	0.121300	0.130300	0.106300	0.082100	0.110100	0.182000	0.172500	0.176400	0.179100
877528.5	0.195200	0.194400	0.182700	0.179000	0.179500	0.175200	0.180200	0.121700	0.130400	0.106800	0.082900	0.109600	0.181300	0.169400	0.173800	0.174200
882486.3	0.193500	0.192500	0.178500	0.175500	0.174500	0.171700	0.176100	0.124100	0.132900	0.110700	0.085700	0.113800	0.179300	0.165700	0.170400	0.172100
887444.1	0.195000	0.194800	0.184500	0.181000	0.181000	0.175300	0.182800	0.119600	0.128800	0.104200	0.080200	0.106900	0.181700	0.170100	0.175600	0.175600
892401.8	0.194300	0.193900	0.183500	0.180600	0.180400	0.175000	0.181700	0.120000	0.129300	0.104200	0.081300	0.107100	0.181800	0.170200	0.175000	0.175400
897359.6	0.192800	0.191900	0.180600	0.177600	0.177500	0.173400	0.177300	0.122200	0.130600	0.107200	0.084100	0.111100	0.180100	0.168500	0.171500	0.173700
902317.4	0.192500	0.193100	0.183800	0.180200	0.179700	0.173700	0.179700	0.120900	0.129800	0.106100	0.082000	0.109200	0.180800	0.168900	0.174300	0.174800
907275.2	0.191800	0.192800	0.181100	0.178200	0.177200	0.172600	0.176700	0.121500	0.131000	0.105900	0.082500	0.109400	0.179200	0.168000	0.170900	0.171900
912233.0	0.192000	0.192900	0.181500	0.179100	0.178100	0.173100	0.177600	0.121600	0.130100	0.106900	0.082500	0.109400	0.180200	0.167500	0.172800	0.173300
917190.8	0.190600	0.192000	0.178900	0.176300	0.174300	0.171100	0.175000	0.121700	0.130700	0.107200	0.083600	0.109600	0.178200	0.164600	0.170300	0.170000
922148.6	0.191500	0.192900	0.181900	0.179000	0.177800	0.172700	0.177400	0.120100	0.128600	0.104200	0.081200	0.107000	0.180200	0.167500	0.171800	0.172100
927106.4	0.189700	0.191900	0.178600	0.175700	0.174100	0.171100	0.174800	0.122400	0.130600	0.108500	0.085100	0.111800	0.178600	0.164400	0.169300	0.168700
932064.1	0.189300	0.191600	0.180500	0.177200	0.175400	0.171200	0.174300	0.122300	0.130000	0.108200	0.085200	0.111000	0.178700	0.165100	0.170600	0.171600
937021.9	0.191100	0.192300	0.183900	0.180700	0.178700	0.173600	0.178900	0.119200	0.127300	0.102700	0.080300	0.105600	0.180100	0.167900	0.173300	0.174300
941979.7	0.189000	0.191900	0.180200	0.177500	0.175600	0.170900	0.175300	0.121800	0.129300	0.106800	0.083400	0.109300	0.178400	0.165800	0.170600	0.170000
946937.5	0.189900	0.191800	0.182300	0.179000	0.177100	0.172100	0.177200	0.119300	0.128100	0.103600	0.080900	0.106400	0.179100	0.166600	0.171200	0.171900
951895.3	0.189500	0.191300	0.180000	0.177200	0.174800	0.170900	0.176000	0.120600	0.128300	0.104800	0.081400	0.106900	0.178200	0.164300	0.170400	0.169300
956853.1	0.188200	0.191300	0.180900	0.179400	0.176600	0.171100	0.176500	0.118400	0.127200	0.102300	0.079000	0.104800	0.178100	0.165700	0.171100	0.170500
961810.9	0.188700	0.190700	0.180600	0.177900	0.176900	0.171300	0.177000	0.120800	0.127900	0.106400	0.083500	0.108800	0.177900	0.166300	0.171500	0.172600
966768.7	0.187900	0.191700	0.183700	0.181100	0.178300	0.172000	0.176700	0.116800	0.124600	0.099500	0.076400	0.101300	0.178600	0.166100	0.171300	0.171200
971726.5	0.187600	0.190700	0.180400	0.178800	0.175800	0.171300	0.175600	0.119800	0.127400	0.105700	0.081200	0.107000	0.176600	0.165800	0.170100	0.170400
976684.2	0.186700	0.190400	0.178600	0.177000	0.174300	0.169800	0.173300	0.121100	0.128200	0.106700	0.083500	0.108400	0.176300	0.164000	0.169000	0.170800
981642.0	0.186900	0.189200	0.178000	0.176400	0.172500	0.169500	0.174000	0.120000	0.127900	0.105100	0.082400	0.106900	0.175800	0.164100	0.168200	0.168600
986599.8	0.186000	0.189300	0.177400	0.176800	0.172800	0.169600	0.172800	0.120000	0.127500	0.103900	0.081200	0.105900	0.176100	0.163300	0.168300	0.169100
991557.6	0.185400	0.189300	0.177900	0.176900	0.173000	0.169400	0.172700	0.119600	0.127100	0.105400	0.082000	0.107500	0.175500	0.163200	0.168200	0.169500
996515.4	0.184600	0.188600	0.178100	0.176900	0.173100	0.170000	0.172300	0.118900	0.126300	0.103300	0.081700	0.105600	0.175500	0.163800	0.169000	0.169000
1001473.2	0.185100	0.189600	0.180700	0.178100	0.174600	0.169900	0.175100	0.118500	0.125900	0.102400	0.079800	0.104900	0.176300	0.163900	0.170000	0.171500
1006431.0	0.186400	0.190200	0.180700	0.179400	0.176000	0.172000	0.175600	0.117600	0.125000	0.099500	0.077400	0.102600	0.176900	0.164900	0.170900	0.171600
1011388.8	0.184800	0.188300	0.177100	0.176500	0.172700	0.169900	0.172700	0.119600	0.126200	0.103800	0.081400	0.106400	0.174500	0.162500	0.168600	0.168900
1016346.5	0.184700	0.189000	0.177500	0.177100	0.172800	0.169400	0.171200	0.118300	0.124200	0.102200	0.081200	0.105100	0.174000	0.162800	0.167900	0.167900
1021304.3	0.184200	0.189300	0.180800	0.180400	0.175700	0.170600	0.173800	0.116600	0.123200	0.099900	0.078900	0.103200	0.174500	0.165800	0.170100	0.169500
1026262.1	0.183800	0.188600	0.177000	0.177100	0.171900	0.168000	0.172000	0.117300	0.124200	0.100700	0.079600	0.103700	0.173500	0.161100	0.166500	0.167100
1031219.9	0.184100	0.188500	0.177600	0.177700	0.172600	0.169300	0.171100	0.117700	0.123700	0.101600	0.080500	0.105200	0.174300	0.163200	0.167700	0.169000
1036177.7	0.182800	0.187100	0.176200	0.176500	0.171700	0.168300	0.170200	0.118000	0.124100	0.102300	0.080600	0.105300	0.172800	0.163300	0.165500	0.167600
1041135.5	0.183700	0.187500	0.175900	0.176500	0.171600	0.168300	0.172100	0.119400	0.124900	0.103800	0.081600	0.106700	0.172900	0.161000	0.166300	0.168000
1046093.3	0.182600	0.187200	0.176000	0.176800	0.172400	0.168900	0.171000	0.117700	0.124400	0.101700	0.081300	0.104700	0.172600	0.162100	0.166600	0.167600
1051051.1	0.182800	0.186300	0.174100	0.174700	0.169800	0.167400	0.169200	0.118900	0.125200	0.103000	0.082400	0.106500	0.172000	0.161400	0.164800	0.166500
1056008.9	0.182700	0.186600	0.174800	0.176200	0.170800	0.167400	0.170200	0.117500	0.124200	0.100800	0.080800	0.104600	0.171700	0.161600	0.165800	0.168600
1060966.6	0.182800	0.187900	0.178500	0.179700	0.174500	0.170500	0.173900	0.116100	0.122500	0.098600	0.077700	0.102200	0.172900	0.164000	0.168700	0.170500
1065924.4	0.181500	0.186500	0.174100	0.175500	0.170200	0.166900	0.169400	0.117600	0.124300	0.100700	0.080100	0.104000	0.172200	0.159200	0.165900	0.165800
1070882.2	0.181800	0.187100	0.175400	0.176200	0.170600	0.167400	0.169000	0.118000	0.124300	0.101700	0.081400	0.105800	0.171500	0.161900	0.166400	0.167200
1075840.0	0.182100	0.186800	0.176300	0.177000	0.171600	0.168500	0.170900	0.117200	0.123600	0.101800	0.080700	0.104600	0.172000	0.161800	0.167200	0.166700
1080797.8	0.180200	0.185300	0.173200	0.174200	0.169100	0.166700	0.167800	0.119200	0.125000	0.103600	0.083500	0.107600	0.170600	0.159700	0.165200	0.167000
1085755.6	0.180100	0.185900	0.174700	0.176300	0.171100	0.168100	0.169100	0.118100	0.123900	0.102700	0.081700	0.106100	0.171100	0.161900	0.165600	0.168400
1090713.4	0.180600	0.185700	0.172800	0.175000	0.168400	0.166800	0.166900	0.118500	0.124500	0.103000	0.082600	0.106200	0.170100	0.159200	0.163700	0.166600
1095671.2	0.180600	0.185400	0.174900	0.176200	0.170700	0.167300	0.169700	0.116900	0.123500	0.101100	0.079700	0.104100	0.170900	0.160500	0.165400	0.167200
1100628.9	0.180600	0.185400	0.173200	0.175700	0.170100	0.166700	0.169000	0.118000	0.123900	0.102300	0.081400	0.105600	0.170700	0.159500	0.165200	0.166600
1105586.7	0.180000	0.185900	0.174600	0.176500	0.169400	0.167100	0.168600	0.116600	0.122800	0.100300	0.079700	0.102900	0.170900	0.159700	0.164600	0.166400
1110544.5	0.178900	0.185400	0.173600	0.174900	0.168100	0.165700	0.167500	0.117400	0.123800	0.101000	0.080800	0.104400	0.170000	0.157800	0.164100	0.164700
1115502.3	0.180000	0.185500	0.174600	0.176300	0.169500	0.166700	0.168600	0.116100	0.122600	0.099400	0.079600	0.102500	0.170500	0.159700	0.165200	0.167600
1120460.1	0.179600	0.186100	0.174700	0.175800	0.169700	0.166500	0.167000	0.119300	0.124500	0.103500	0.081900	0.106500	0.169800	0.159700	0.164500	0.167100
1125417.9	0.179200	0.185000	0.174400	0.177000	0.170100	0.167000	0.167800	0.116300	0.122200	0.100600	0.079800	0.103000	0.170400	0.160300	0.165500	0.166700
1130375.7	0.180000	0.186100	0.173600	0.176000	0.169600	0.166700	0.168100	0.116400	0.122800	0.099400	0.079300	0.102300	0.170000	0.159500	0.165000	0.168600
1135333.5	0.179400	0.185400	0.173300	0.175000	0.168600	0.166500	0.168300	0.117100	0.123100	0.099600	0.079500	0.102800	0.169600	0.158700	0.164800	0.167300
1140291.2	0.179000	0.185000	0.173700	0.175300	0.169300	0.166700	0.168700	0.117600	0.123100	0.100600	0.080500	0.103700	0.169400	0.159900	0.165100	0.165700
1145249.0	0.178600	0.185300	0.174300	0.176400	0.170200	0.166800	0.168700	0.115600	0.121900	0.098400	0.078700	0.101500	0.169700	0.158700	0.165400	0.167100
1150206.8	0.178400	0.186300	0.174800	0.176200	0.171500	0.167800	0.169400	0.117200	0.123300	0.100000	0.079400	0.103400	0.170000	0.160000	0.165600	0.169300
1155164.6	0.181500	0.188700	0.177700	0.180400	0.174500	0.169800	0.172700	0.115900	0.122900	0.097800	0.077100	0.100700	0.171500	0.162700	0.168300	0.171200
1160122.4	0.181500	0.189100	0.178000	0.179000	0.172500	0.168500	0.171700	0.117900	0.124900	0.101800	0.080100	0.104400	0.170700	0.161300	0.168200	0.168900
1165080.2	0.181800	0.191300	0.179900	0.180600	0.174900	0.169700	0.172600	0.118200	0.124600	0.101800	0.079600	0.105000	0.172400	0.162100	0.170000	0.171100
1170038.0	0.181900	0.192100	0.179800	0.181500	0.175200	0.170800	0.172600	0.119500	0.126000	0.103500	0.081700	0.106400	0.173000	0.162700	0.170200	0.172300
1174995.8	0.182500	0.192300	0.179100	0.180600	0.174500	0.169900	0.172100	0.119800	0.126500	0.103400	0.080600	0.106700	0.172900	0.161800	0.168400	0.172300
1179953.6	0.181500	0.191800	0.176800	0.179300	0.173700	0.169100	0.170400	0.119700	0.126500	0.102500	0.080800	0.106100	0.172100	0.160100	0.167200	0.167400
1184911.3	0.181500	0.191500	0.177800	0.179300	0.174400	0.168200	0.169500	0.120200	0.127000	0.106500	0.083700	0.109300	0.170300	0.161500	0.165900	0.171300
1189869.1	0.181700	0.193400	0.179400	0.182500	0.177500	0.170200	0.172300	0.117600	0.125200	0.099800	0.078900	0.103300	0.172400	0.160700	0.168200	0.173000
1194826.9	0.179800	0.190700	0.175000	0.178100	0.173000	0.167300	0.166900	0.122100	0.128200	0.106900	0.085900	0.110800	0.169000	0.159400	0.164400	0.168300
1199784.7	0.181000	0.190600	0.178500	0.181800	0.177800	0.169400	0.171200	0.116700	0.124200	0.099800	0.078800	0.102900	0.170500	0.161100	0.167500	0.172500
1204742.5	0.180700	0.191200	0.179200	0.182400	0.179400	0.170200	0.172600	0.117100	0.124500	0.100900	0.081000	0.105200	0.170600	0.162700	0.168700	0.173000
1209700.3	0.181300	0.191900	0.180800	0.183300	0.180500	0.171300	0.174500	0.116800	0.124200	0.099300	0.079300	0.103800	0.170900	0.163400	0.169700	0.176200
1214658.1	0.179500	0.189900	0.177300	0.181400	0.178100	0.169700	0.170700	0.118400	0.125100	0.102200	0.081400	0.106000	0.169600	0.161500	0.166400	0.171300
1219615.9	0.180100	0.189000	0.176800	0.181400	0.178900	0.169000	0.172400	0.117100	0.124700	0.100600	0.080700	0.105100	0.168700	0.160700	0.167400	0.175000
1224573.6	0.180800	0.190800	0.180500	0.185300	0.182700	0.170800	0.174300	0.116900	0.123900	0.099500	0.078900	0.104200	0.169900	0.164000	0.170900	0.177600
1229531.4	0.180400	0.190100	0.180400	0.185100	0.183200	0.170800	0.176300	0.119500	0.125200	0.100800	0.081700	0.105400	0.169800	0.164000	0.171600	0.177300
1234489.2	0.182000	0.193500	0.181000	0.184700	0.183100	0.174900	0.200300	0.144000	0.135200	0.106900	0.109400	0.114700	0.196700	0.173500	0.204700	0.184000
1239447.0	0.185200	0.196400	0.182700	0.185700	0.186000	0.178700	0.223700	0.172400	0.146500	0.114800	0.121800	0.121800	0.214600	0.179600	0.239200	0.187500
1244404.8	0.188500	0.198000	0.183300	0.186100	0.188300	0.183900	0.235100	0.186500	0.152400	0.117200	0.122800	0.123700	0.221700	0.184900	0.254100	0.193900
1249362.6	0.192000	0.198900	0.183600	0.186000	0.189200	0.187900	0.244100	0.195000	0.155800	0.123100	0.129200	0.129100	0.224200	0.190600	0.262700	0.200800
1254320.4	0.195400	0.199200	0.187000	0.189000	0.194500	0.192600	0.257400	0.196800	0.155700	0.124400	0.127000	0.130200	0.226900	0.197400	0.273500	0.209300
1259278.2	0.199600	0.200400	0.188500	0.190500	0.197400	0.197000	0.266700	0.204200	0.160000	0.131000	0.130600	0.137200	0.229200	0.199600	0.282000	0.215300
1264236.0	0.202500	0.200600	0.188200	0.189900	0.198600	0.201100	0.274900	0.202900	0.159100	0.132000	0.131200	0.137500	0.230300	0.205400	0.286800	0.222700
1269193.7	0.205100	0.200700	0.188600	0.190700	0.200300	0.203600	0.281400	0.204900	0.160300	0.135100	0.132800	0.141400	0.231800	0.207900	0.290400	0.226600
1274151.5	0.207600	0.201600	0.187100	0.189800	0.200700	0.205500	0.286200	0.206300	0.161500	0.138500	0.135200	0.146000	0.232200	0.210300	0.292800	0.231900
1279109.3	0.209900	0.201400	0.184800	0.187000	0.199700	0.207400	0.286600	0.216900	0.167000	0.151500	0.146800	0.159900	0.230200	0.211800	0.292600	0.236300
1284067.1	0.212900	0.203300	0.190200	0.192900	0.205800	0.212600	0.298600	0.208000	0.163400	0.140300	0.134700	0.149700	0.234600	0.217200	0.303500	0.244200
1289024.9	0.215700	0.204600	0.190300	0.193300	0.207100	0.214200	0.302600	0.212400	0.164900	0.146000	0.137500	0.153000	0.234200	0.220100	0.305800	0.246700
1293982.7	0.219500	0.206000	0.192200	0.194500	0.210000	0.217800	0.306900	0.210200	0.164500	0.146100	0.138500	0.154200	0.236900	0.223700	0.310800	0.253700
1298940.5	0.221600	0.205300	0.191000	0.193700	0.209100	0.217000	0.306800	0.213200	0.166100	0.148700	0.142200	0.157400	0.235600	0.223500	0.308300	0.254100
1303898.3	0.225000	0.206100	0.191600	0.193400	0.210100	0.219000	0.307600	0.217100	0.167800	0.155800	0.147500	0.164200	0.236500	0.227200	0.311500	0.262000
1308856.0	0.228600	0.206500	0.193600	0.195200	0.213600	0.223200	0.314200	0.216800	0.167700	0.154900	0.145300	0.164100	0.237600	0.230500	0.316100	0.267700
1313813.8	0.230700	0.208300	0.194300	0.195300	0.214400	0.223500	0.315500	0.218000	0.168600	0.157100	0.145000	0.165300	0.238700	0.233700	0.318400	0.270200
1318771.6	0.231700	0.207300	0.192500	0.194600	0.213000	0.223100	0.313200	0.221000	0.170300	0.159700	0.148800	0.168600	0.238200	0.232900	0.315900	0.268900
1323729.4	0.232600	0.208000	0.195200	0.196600	0.215800	0.225500	0.315100	0.218300	0.169500	0.158600	0.145900	0.167100	0.239900	0.237900	0.316600	0.273100
1328687.2	0.233800	0.208400	0.193500	0.195800	0.214500	0.225500	0.313600	0.218800	0.169700	0.158000	0.145100	0.168100	0.240200	0.237700	0.319300	0.273600
1333645.0	0.232900	0.206300	0.193200	0.194900	0.214300	0.224500	0.313000	0.217100	0.168600	0.159600	0.147300	0.169500	0.237500	0.238000	0.316100	0.276700
1338602.8	0.235400	0.207800	0.192800	0.193600	0.213900	0.223500	0.314300	0.223500	0.171500	0.164000	0.151300	0.174900	0.238900	0.237000	0.316600	0.274100
1343560.6	0.237700	0.207600	0.194800	0.195800	0.216900	0.227200	0.315800	0.222300	0.171000	0.164700	0.151700	0.176000	0.239500	0.242400	0.318500	0.282200
1348518.3	0.237900	0.208900	0.198000	0.199600	0.221400	0.225400	0.308100	0.209000	0.164800	0.154600	0.137000	0.164800	0.240200	0.240500	0.308300	0.277800
1353476.1	0.234500	0.206100	0.195200	0.197900	0.217400	0.220500	0.281300	0.192700	0.160600	0.147900	0.120800	0.158300	0.229100	0.231300	0.274200	0.266200
1358433.9	0.227800	0.202400	0.193000	0.195900	0.213400	0.212500	0.261700	0.177600	0.155600	0.144200	0.113400	0.152600	0.214200	0.223800	0.250900	0.255300
1363391.7	0.222000	0.198800	0.185500	0.189000	0.204300	0.203400	0.242000	0.174300	0.156100	0.148500	0.116700	0.157000	0.202000	0.210100	0.229900	0.240400
1368349.5	0.221100	0.198400	0.190800	0.194700	0.209000	0.205000	0.240200	0.157300	0.147900	0.133900	0.100900	0.141800	0.198000	0.212500	0.227500	0.243100
1373307.3	0.217000	0.196200	0.188300	0.191900	0.204300	0.200000	0.228700	0.152100	0.146300	0.132400	0.100400	0.140400	0.192200	0.207500	0.217500	0.232900
1378265.1	0.213300	0.194800	0.186700	0.191000	0.201900	0.196500	0.222600	0.146900	0.143700	0.128300	0.096300	0.137400	0.187900	0.202700	0.212400	0.228200
1383222.9	0.214300	0.195600	0.190300	0.195500	0.206000	0.198300	0.223700	0.141300	0.141700	0.122900	0.091100	0.131800	0.188300	0.204000	0.212300	0.228600
1388180.7	0.208500	0.192400	0.183500	0.188400	0.197700	0.191100	0.210100	0.141300	0.142000	0.126800	0.094700	0.134500	0.183000	0.195700	0.201900	0.219800
1393138.4	0.207900	0.192100	0.185400	0.190100	0.198900	0.190100	0.207400	0.136200	0.139200	0.120900	0.090100	0.129100	0.182700	0.194900	0.199600	0.216800
1398096.2	0.205100	0.191400	0.185700	0.190300	0.199000	0.188200	0.204600	0.133900	0.137900	0.120000	0.090000	0.128200	0.182000	0.194100	0.197800	0.214300
1403054.0	0.202000	0.189800	0.184200	0.188700	0.196800	0.185500	0.199100	0.132100	0.136100	0.117500	0.089000	0.126500	0.180500	0.190700	0.193600	0.208700
1408011.8	0.199700	0.188200	0.184100	0.189500	0.196700	0.183100	0.196600	0.129100	0.134000	0.113500	0.086100	0.122700	0.179200	0.188100	0.191100	0.205800
1412969.6	0.195500	0.185100	0.180900	0.186000	0.193400	0.179000	0.189500	0.129100	0.133500	0.113900	0.087200	0.122700	0.176800	0.181700	0.185400	0.197000
1417927.4	0.192400	0.183600	0.184400	0.190700	0.198900	0.177900	0.190900	0.123900	0.129500	0.105400	0.081700	0.114800	0.177500	0.182000	0.186800	0.196800
1422885.2	0.186600	0.178000	0.178700	0.185500	0.192800	0.172400	0.182200	0.124000	0.128500	0.105000	0.083600	0.114600	0.174900	0.173800	0.178900	0.189500
1427843.0	0.181400	0.173900	0.173900	0.180600	0.189400	0.167200	0.176300	0.122600	0.126600	0.102600	0.083200	0.111600	0.172100	0.167000	0.173000	0.183400
1432800.7	0.177400	0.170900	0.175600	0.183300	0.194000	0.166800	0.177100	0.118400	0.122600	0.095400	0.078600	0.105100	0.171400	0.167800	0.174600	0.182200
1437758.5	0.173600	0.168400	0.172400	0.178300	0.190100	0.163400	0.170900	0.119200	0.122500	0.095400	0.079000	0.104600	0.169100	0.162400	0.170800	0.177100
1442716.3	0.168900	0.164500	0.167500	0.175200	0.188000	0.160000	0.167400	0.117300	0.120400	0.092900	0.078100	0.101300	0.166600	0.157500	0.166500	0.169200
1447674.1	0.165800	0.163200	0.168600	0.174900	0.190500	0.159900	0.168000	0.115200	0.118400	0.090600	0.077600	0.099500	0.166400	0.159200	0.165600	0.171700
1452631.9	0.162800	0.161300	0.166400	0.172300	0.187700	0.156800	0.165000	0.115500	0.117800	0.090800	0.078400	0.099000	0.163900	0.155000	0.163300	0.167200
1457589.7	0.160000	0.159800	0.162600	0.167200	0.181600	0.154200	0.160100	0.117900	0.119700	0.093300	0.081200	0.101000	0.161900	0.150500	0.158900	0.159300
1462547.5	0.158300	0.159000	0.162900	0.167900	0.183300	0.154700	0.160900	0.116500	0.117200	0.092200	0.079700	0.099700	0.161400	0.152600	0.159600	0.161800
1467505.3	0.157800	0.157600	0.161400	0.167000	0.182500	0.153800	0.160700	0.116200	0.117400	0.092000	0.080100	0.099100	0.160000	0.151100	0.158500	0.159600
1472463.0	0.156600	0.156900	0.163100	0.168400	0.184900	0.155100	0.161600	0.113900	0.115200	0.088200	0.077600	0.095400	0.160100	0.152900	0.160600	0.162800
1477420.8	0.155900	0.156900	0.161200	0.167000	0.182300	0.153300	0.160300	0.113600	0.115500	0.088100	0.076700	0.095400	0.160100	0.150300	0.158800	0.162100
1482378.6	0.155400	0.156800	0.162800	0.168100	0.184300	0.154400	0.161700	0.112900	0.114200	0.086400	0.076500	0.093200	0.160000	0.151900	0.159600	0.162400
1487336.4	0.151900	0.154100	0.158100	0.163400	0.178500	0.150200	0.156400	0.113700	0.114100	0.087800	0.076900	0.094100	0.157700	0.146700	0.155300	0.155500
1492294.2	0.150700	0.153100	0.158200	0.163000	0.178200	0.150200	0.156800	0.112100	0.113300	0.085700	0.076000	0.092800	0.156800	0.146500	0.154500	0.154200
1497252.0	0.151400	0.154600	0.158400	0.163500	0.178500	0.150300	0.157100	0.112500	0.114000	0.087300	0.076000	0.093600	0.157100	0.145700	0.155300	0.153900
1502209.8	0.151800	0.155000	0.160600	0.165200	0.180300	0.150800	0.159300	0.111800	0.112800	0.085100	0.074400	0.091500	0.158200	0.147400	0.156900	0.158000
