VERSION	1200
Time[MSec.]	Ratio	Ratio	Ratio	Ratio	Ratio	Ratio	Ratio	Ratio	Ratio	Ratio	Ratio	Ratio	Ratio	Ratio	Ratio	Ratio	Ratio	Ratio	Ratio	Ratio	Ratio
%.1f	%.4f	%.4f	%.4f	%.4f	%.4f	%.4f	%.4f	%.4f	%.4f	%.4f	%.4f	%.4f	%.4f	%.4f	%.4f	%.4f	%.4f	%.4f	%.4f	%.4f	%.4f
Time	ROI(1-1)	ROI(1-2)	ROI(1-3)	ROI(1-4)	ROI(1-5)	ROI(1-6)	ROI(1-7)	ROI(1-8)	ROI(1-9)	ROI(1-10)	ROI(1-11)	ROI(1-12)	ROI(1-13)	ROI(1-14)	ROI(1-15)	ROI(1-16)	ROI(1-17)	ROI(1-18)	ROI(1-19)	ROI(1-20)	ROI(1-21)
GraphNo	1	2	3	4	5	6	7	8	9	10	11	12	13	14	15	16	17	18	19	20	21
0.0	0.199200	0.164200	0.135900	0.184900	0.195300	0.204900	0.180100	0.204100	0.181500	0.223400	0.224500	0.207300	0.157800	0.173300	0.178300	0.184400	0.168100	0.171000	0.181000	0.138300	0.179000
5164.4	0.198300	0.163000	0.136200	0.181800	0.229200	0.201700	0.179500	0.201500	0.175600	0.187700	0.215000	0.206300	0.158400	0.171300	0.177900	0.182900	0.167600	0.170500	0.180300	0.141600	0.177200
10328.7	0.197400	0.161300	0.133800	0.182400	0.206200	0.205500	0.185400	0.207600	0.175600	0.184500	0.215700	0.206100	0.155800	0.169300	0.179100	0.185300	0.168400	0.172900	0.181100	0.127900	0.179400
15493.1	0.199600	0.165500	0.141300	0.182100	0.192000	0.201000	0.177800	0.202200	0.172500	0.177100	0.209600	0.205800	0.159300	0.169500	0.177100	0.183600	0.168500	0.171500	0.182800	0.126400	0.179900
20657.5	0.199800	0.165200	0.142200	0.183700	0.187400	0.200400	0.178300	0.203500	0.171000	0.176900	0.206300	0.205500	0.156800	0.165600	0.176500	0.184000	0.168400	0.172100	0.182300	0.125800	0.180100
25821.8	0.198900	0.165200	0.134400	0.183300	0.181300	0.201400	0.178800	0.203200	0.169300	0.176400	0.205400	0.205200	0.155300	0.166600	0.175500	0.184600	0.169400	0.172500	0.182500	0.133900	0.180100
30986.2	0.198000	0.167700	0.137100	0.181800	0.180700	0.198700	0.177300	0.201400	0.168400	0.177600	0.200500	0.202500	0.157100	0.167900	0.176800	0.184400	0.170600	0.172800	0.182200	0.136000	0.180700
36150.6	0.196400	0.172400	0.136800	0.184500	0.186400	0.198300	0.179900	0.203400	0.169200	0.179100	0.202200	0.202600	0.157500	0.178100	0.181700	0.184500	0.171000	0.174500	0.180900	0.133600	0.179700
41314.9	0.199300	0.192500	0.140300	0.186100	0.201400	0.200100	0.179200	0.202600	0.170500	0.179400	0.201000	0.207000	0.159000	0.199300	0.188300	0.186000	0.173100	0.176500	0.182500	0.135100	0.181400
46479.3	0.196500	0.234000	0.134200	0.187800	0.237700	0.200000	0.180500	0.203600	0.166700	0.181000	0.200200	0.203300	0.158400	0.205100	0.186500	0.187400	0.174000	0.177200	0.184500	0.125200	0.183000
51643.7	0.196300	0.200300	0.132400	0.188700	0.216600	0.199300	0.183200	0.206700	0.168500	0.185600	0.202500	0.204100	0.158600	0.185800	0.183900	0.192900	0.172600	0.179800	0.185800	0.119100	0.184700
56808.0	0.195400	0.183200	0.141500	0.184500	0.198100	0.195300	0.177000	0.205100	0.168700	0.187200	0.199800	0.204200	0.163500	0.175600	0.180500	0.188400	0.171900	0.182100	0.186600	0.121000	0.184700
61972.4	0.192300	0.172100	0.135800	0.183400	0.180800	0.193400	0.176900	0.203000	0.165200	0.184400	0.197200	0.200900	0.157600	0.181000	0.178700	0.184400	0.170000	0.182600	0.184300	0.133400	0.181500
67136.8	0.192400	0.168900	0.133600	0.185300	0.175500	0.197100	0.182200	0.208700	0.177000	0.239000	0.206700	0.201700	0.160600	0.190900	0.181700	0.188600	0.172800	0.183800	0.183900	0.140400	0.183200
72301.1	0.193100	0.162600	0.128700	0.186800	0.173800	0.200800	0.183300	0.208200	0.176100	0.233200	0.222100	0.198300	0.155900	0.181400	0.178700	0.188100	0.172700	0.182900	0.181500	0.130500	0.181300
77465.5	0.204800	0.179500	0.605100	0.242400	0.176000	0.230100	0.191500	0.213800	0.183200	0.203200	0.225300	0.205600	0.164700	0.194300	0.185700	0.192000	0.180600	0.186500	0.392000	0.150000	0.333200
82629.9	0.487100	0.387900	0.567700	0.319600	0.334300	0.472500	0.364800	0.261500	0.222600	0.387300	0.247600	0.451900	0.305300	0.268600	0.360300	0.520200	0.401500	0.440100	0.451400	0.175400	0.364100
87794.2	0.350200	0.302300	0.374500	0.279100	0.297300	0.460800	0.335500	0.535000	0.266400	0.325200	0.371700	0.360200	0.247500	0.248900	0.339600	0.531900	0.402700	0.390200	0.314200	0.163100	0.285000
92958.6	0.295500	0.277500	0.432500	0.257900	0.278700	0.421600	0.316600	0.419200	0.262600	0.293700	0.353300	0.324600	0.230200	0.235000	0.285900	0.532600	0.339200	0.353500	0.368200	0.171300	0.347400
98123.0	0.260600	0.262000	0.481000	0.260100	0.282200	0.417900	0.328800	0.406400	0.250400	0.289600	0.314500	0.322300	0.218100	0.232500	0.277900	0.544000	0.325200	0.357200	0.346100	0.157200	0.325300
103287.3	0.252400	0.262300	0.329700	0.253300	0.279800	0.406600	0.319800	0.387500	0.244500	0.283000	0.289700	0.321300	0.219900	0.230000	0.275900	0.561100	0.335400	0.359900	0.351000	0.168800	0.335900
108451.7	0.248000	0.263000	0.426900	0.252500	0.283600	0.417300	0.330000	0.388900	0.236000	0.283000	0.290000	0.318700	0.215000	0.229200	0.274300	0.570600	0.338400	0.364800	0.327600	0.153400	0.316800
113616.0	0.245700	0.262300	0.294700	0.254600	0.284100	0.428500	0.333500	0.382400	0.231200	0.284500	0.285800	0.317500	0.213300	0.230600	0.269700	0.573100	0.339600	0.367800	0.311300	0.144700	0.301700
118780.4	0.247600	0.267300	0.354200	0.247700	0.279100	0.428500	0.324400	0.364200	0.226300	0.281500	0.272100	0.317600	0.215400	0.230700	0.267600	0.566200	0.335300	0.363400	0.297500	0.150000	0.290100
123944.8	0.245000	0.263900	0.337100	0.246500	0.279800	0.442600	0.332800	0.356700	0.222600	0.280600	0.270600	0.307500	0.211400	0.230100	0.262500	0.565700	0.335400	0.367500	0.284200	0.148600	0.277800
129109.1	0.242100	0.268400	0.326600	0.240700	0.274100	0.439600	0.315600	0.332100	0.215200	0.272600	0.252400	0.298400	0.214600	0.230900	0.258100	0.556700	0.331100	0.356400	0.275300	0.154500	0.264500
134273.5	0.233300	0.264400	0.294600	0.241500	0.281700	0.451000	0.320100	0.323800	0.216200	0.276400	0.250100	0.287800	0.214100	0.232100	0.255500	0.559100	0.332900	0.358000	0.264300	0.150800	0.261000
139437.9	0.231500	0.259800	0.280200	0.242300	0.280000	0.476700	0.327500	0.315400	0.209100	0.275300	0.246600	0.278600	0.213500	0.231200	0.250400	0.559700	0.327400	0.356200	0.253900	0.145200	0.251600
144602.2	0.232200	0.263800	0.286900	0.239500	0.274200	0.487200	0.315200	0.297900	0.203300	0.270300	0.232500	0.268200	0.222300	0.230800	0.246000	0.550400	0.326000	0.350400	0.250700	0.156300	0.244000
149766.6	0.224800	0.257700	0.258300	0.240500	0.274500	0.507600	0.316800	0.294400	0.202200	0.271000	0.233500	0.259600	0.219600	0.230900	0.240300	0.554000	0.323600	0.353000	0.240300	0.147000	0.239200
154931.0	0.223600	0.251400	0.234500	0.243300	0.272800	0.515900	0.317400	0.290900	0.198800	0.269300	0.233200	0.252500	0.220700	0.230200	0.232900	0.551100	0.310600	0.348800	0.228900	0.143800	0.231800
160095.3	0.223000	0.248100	0.229100	0.241300	0.268100	0.515900	0.308400	0.276300	0.196900	0.272600	0.228500	0.249600	0.226800	0.231700	0.225500	0.544900	0.303400	0.346100	0.224000	0.149600	0.227200
165259.7	0.220400	0.250000	0.239500	0.240200	0.268800	0.515000	0.306800	0.273800	0.197400	0.278700	0.226000	0.247300	0.231100	0.232100	0.223500	0.541900	0.294600	0.342100	0.219900	0.147800	0.222100
170424.1	0.215500	0.240200	0.230200	0.243500	0.272600	0.526700	0.315100	0.277700	0.200200	0.288000	0.229300	0.245700	0.225500	0.232300	0.228600	0.545900	0.288800	0.344600	0.216300	0.141500	0.220400
175588.4	0.219800	0.232400	0.234500	0.240900	0.269200	0.516300	0.305300	0.270900	0.197000	0.274700	0.222900	0.243400	0.227900	0.232200	0.228200	0.537000	0.280000	0.331400	0.215300	0.148700	0.218300
180752.8	0.215500	0.219500	0.213600	0.245700	0.275000	0.523200	0.316100	0.271900	0.196300	0.258800	0.225200	0.242200	0.226300	0.234300	0.229800	0.540600	0.273400	0.337900	0.212500	0.139600	0.217700
185917.2	0.218000	0.225500	0.214200	0.241500	0.272000	0.516400	0.309300	0.266300	0.199200	0.268500	0.222200	0.247800	0.232200	0.234600	0.226300	0.537000	0.274600	0.330700	0.215500	0.148900	0.219600
191081.5	0.213900	0.219000	0.191200	0.242700	0.270500	0.515500	0.294200	0.263400	0.196100	0.263100	0.217800	0.248200	0.231100	0.233900	0.223800	0.529100	0.263300	0.324700	0.212000	0.141700	0.216700
196245.9	0.211500	0.219900	0.167500	0.244200	0.271300	0.519500	0.303300	0.266100	0.195800	0.265500	0.222900	0.243400	0.227100	0.233200	0.219500	0.533700	0.262100	0.321100	0.210700	0.137500	0.215800
201410.2	0.211300	0.225900	0.171500	0.241400	0.266900	0.493700	0.274300	0.256300	0.194200	0.258400	0.214500	0.241700	0.238400	0.232800	0.215900	0.522400	0.264800	0.308800	0.211700	0.143400	0.214300
206574.6	0.203300	0.206800	0.155400	0.242500	0.266800	0.467700	0.256100	0.253900	0.189500	0.246300	0.212900	0.239400	0.234500	0.232800	0.212600	0.510100	0.254400	0.295700	0.207200	0.134500	0.210300
211739.0	0.200500	0.196400	0.153900	0.241600	0.263400	0.428400	0.235900	0.245800	0.182600	0.223500	0.205600	0.238900	0.239100	0.231600	0.207100	0.488200	0.243500	0.283400	0.199600	0.129000	0.202300
216903.3	0.196700	0.188100	0.142300	0.246300	0.264200	0.393000	0.237600	0.246200	0.179300	0.211800	0.202200	0.234800	0.244500	0.231200	0.210200	0.471600	0.242500	0.276400	0.193400	0.125900	0.195500
222067.7	0.193900	0.186700	0.137300	0.227500	0.242700	0.359500	0.233900	0.242200	0.178000	0.207700	0.204300	0.232300	0.250100	0.228600	0.210400	0.459500	0.245800	0.269700	0.191600	0.123600	0.193500
227232.1	0.193200	0.183400	0.130000	0.212500	0.224000	0.329100	0.234700	0.244300	0.179800	0.207400	0.211400	0.227100	0.237000	0.215200	0.208000	0.449000	0.242300	0.267300	0.188800	0.127600	0.192200
232396.4	0.188600	0.185000	0.135000	0.201600	0.212600	0.291900	0.225100	0.238500	0.180000	0.206700	0.208600	0.226500	0.218000	0.202000	0.206500	0.431500	0.238500	0.257700	0.188700	0.128300	0.191900
237560.8	0.194700	0.189000	0.152100	0.198300	0.211100	0.269300	0.213200	0.232700	0.179500	0.203800	0.202300	0.230200	0.225500	0.198500	0.204800	0.415000	0.235100	0.252600	0.192000	0.144200	0.192600
242725.2	0.187700	0.183500	0.137600	0.199300	0.208400	0.259800	0.211000	0.232800	0.178100	0.206200	0.206200	0.226500	0.218200	0.198100	0.203700	0.402300	0.230200	0.245400	0.188400	0.130200	0.191000
247889.5	0.187500	0.183000	0.134000	0.202400	0.207400	0.260900	0.211100	0.233900	0.176600	0.202600	0.208200	0.228200	0.218400	0.199600	0.204100	0.384400	0.226000	0.240200	0.187100	0.127300	0.190800
253053.9	0.187200	0.181200	0.137000	0.203100	0.203300	0.265600	0.203900	0.229700	0.177000	0.201200	0.208600	0.227800	0.222100	0.200100	0.203900	0.358600	0.222200	0.234400	0.185900	0.127900	0.189800
258218.3	0.189400	0.181800	0.136600	0.204800	0.202700	0.284300	0.204500	0.235100	0.175900	0.202400	0.211700	0.228200	0.220700	0.199400	0.203600	0.337200	0.220000	0.231400	0.187600	0.129400	0.191800
263382.6	0.189200	0.181900	0.135500	0.203300	0.201200	0.287500	0.199300	0.232500	0.177000	0.201300	0.209300	0.225200	0.223100	0.199800	0.204400	0.308200	0.215900	0.225200	0.187300	0.129900	0.190300
268547.0	0.189000	0.183900	0.138100	0.202600	0.200600	0.278100	0.194500	0.230300	0.175900	0.199100	0.207800	0.222100	0.222600	0.199300	0.204000	0.274800	0.209900	0.217400	0.183900	0.126400	0.187300
273711.3	0.185800	0.182500	0.142300	0.200100	0.195900	0.258900	0.188300	0.226400	0.176200	0.197500	0.208200	0.221000	0.221400	0.198500	0.201400	0.254300	0.205100	0.211400	0.182400	0.130100	0.185600
278875.7	0.185600	0.178300	0.136300	0.199600	0.197100	0.248600	0.192500	0.225400	0.173700	0.199700	0.207800	0.219300	0.215100	0.197200	0.199800	0.248600	0.203800	0.210600	0.180800	0.125600	0.184300
284040.1	0.184200	0.179800	0.134300	0.197500	0.197200	0.237900	0.189100	0.223700	0.173200	0.200800	0.208300	0.217600	0.212700	0.194900	0.197700	0.241300	0.202100	0.209100	0.180100	0.121600	0.183200
289204.4	0.186000	0.184600	0.142000	0.197300	0.194100	0.230100	0.185100	0.217900	0.168500	0.196600	0.199400	0.217300	0.214600	0.191400	0.196200	0.234700	0.198700	0.205600	0.181700	0.128200	0.184900
294368.8	0.182700	0.186000	0.139400	0.195500	0.194100	0.229100	0.188000	0.219500	0.169400	0.199500	0.201800	0.217100	0.211100	0.190100	0.196000	0.232300	0.197300	0.204900	0.181700	0.121600	0.186100
299533.2	0.185500	0.184200	0.134800	0.198600	0.197500	0.229900	0.193400	0.222600	0.173000	0.201000	0.209800	0.214300	0.208200	0.188700	0.197500	0.232300	0.197900	0.205100	0.180100	0.116800	0.185300
304697.5	0.186300	0.181200	0.140400	0.194500	0.194600	0.228200	0.185000	0.217500	0.170200	0.196200	0.203700	0.214800	0.206700	0.185900	0.195500	0.226600	0.195700	0.201100	0.179900	0.122500	0.183000
309861.9	0.190100	0.181100	0.140600	0.194600	0.195700	0.243100	0.185500	0.219500	0.173300	0.197800	0.204600	0.216800	0.206500	0.185400	0.197100	0.226000	0.196500	0.202400	0.180800	0.122400	0.184400
315026.3	0.186000	0.180300	0.143300	0.192600	0.192700	0.243000	0.182600	0.216700	0.171700	0.193600	0.199600	0.217600	0.204600	0.183300	0.195600	0.221800	0.194400	0.199000	0.180700	0.119800	0.184200
320190.6	0.186300	0.180900	0.138600	0.192700	0.194100	0.245400	0.186600	0.218500	0.173300	0.195800	0.205500	0.215800	0.198900	0.180100	0.195700	0.220200	0.193200	0.198700	0.180000	0.120700	0.183200
325355.0	0.185900	0.181100	0.136400	0.192200	0.191100	0.240800	0.186900	0.216100	0.170400	0.193400	0.202800	0.210300	0.194700	0.175900	0.192900	0.217400	0.190500	0.196000	0.177700	0.115600	0.181900
330519.4	0.185200	0.179000	0.135700	0.191100	0.189100	0.240000	0.183500	0.215400	0.168700	0.195300	0.204000	0.209900	0.192800	0.173000	0.190300	0.217600	0.190200	0.196300	0.177900	0.116000	0.182200
335683.7	0.184000	0.176900	0.138400	0.190300	0.189800	0.236400	0.187100	0.215300	0.170400	0.196000	0.207000	0.212200	0.191200	0.172800	0.191500	0.216800	0.189700	0.196100	0.178600	0.115600	0.183200
340848.1	0.185600	0.175100	0.140000	0.190400	0.186400	0.233700	0.186200	0.214700	0.168200	0.194900	0.200500	0.211200	0.188700	0.170300	0.188400	0.213700	0.187300	0.194800	0.177100	0.120500	0.181700
346012.4	0.187200	0.172600	0.136300	0.191600	0.188500	0.234800	0.186600	0.217100	0.169200	0.196000	0.203700	0.212500	0.190200	0.169100	0.189600	0.214800	0.188300	0.195900	0.177000	0.117300	0.181300
351176.8	0.185900	0.173800	0.138400	0.190000	0.187900	0.235900	0.188600	0.216900	0.169300	0.197000	0.203500	0.210200	0.187600	0.168600	0.187600	0.213200	0.187200	0.192800	0.176000	0.115800	0.181700
356341.2	0.186800	0.172000	0.134300	0.190100	0.187900	0.235500	0.190500	0.217200	0.167800	0.196700	0.202800	0.209400	0.185400	0.168900	0.190200	0.212200	0.188000	0.191900	0.176400	0.113300	0.181000
361505.5	0.189400	0.178500	0.144800	0.187800	0.185000	0.226300	0.183200	0.211400	0.165100	0.192400	0.194000	0.211300	0.188000	0.168400	0.189300	0.208100	0.184000	0.189700	0.177600	0.122700	0.180800
366669.9	0.184500	0.172300	0.134700	0.190000	0.186100	0.235300	0.192200	0.216600	0.167600	0.197300	0.198700	0.210800	0.181400	0.167600	0.189300	0.209700	0.185400	0.192500	0.175500	0.110000	0.180100
371834.3	0.188500	0.175000	0.143300	0.186700	0.185400	0.232200	0.185100	0.213400	0.165700	0.193700	0.195500	0.213400	0.182700	0.167200	0.187900	0.206900	0.184800	0.189000	0.177000	0.117900	0.180000
376998.6	0.186200	0.172200	0.134600	0.188100	0.185400	0.246500	0.188900	0.216700	0.167100	0.196000	0.198300	0.212000	0.176800	0.166500	0.188300	0.207400	0.184800	0.190400	0.175300	0.109100	0.180100
382163.0	0.185200	0.172400	0.135800	0.189000	0.185800	0.282100	0.193200	0.215800	0.166600	0.197500	0.199900	0.213100	0.176100	0.165200	0.187400	0.208000	0.184700	0.190700	0.175200	0.112300	0.180600
387327.4	0.183800	0.172900	0.139100	0.186400	0.185600	0.286600	0.190300	0.217800	0.168500	0.199000	0.196500	0.214000	0.175700	0.165400	0.187900	0.208300	0.184700	0.190500	0.175900	0.112500	0.180500
392491.7	0.182600	0.174700	0.143200	0.184500	0.183100	0.277300	0.187100	0.214500	0.167400	0.196900	0.193500	0.217700	0.177100	0.163000	0.185300	0.206000	0.183000	0.188300	0.176000	0.114600	0.180900
397656.1	0.181900	0.173300	0.131700	0.187200	0.188000	0.287700	0.197100	0.222000	0.167700	0.200200	0.200300	0.217600	0.171300	0.161200	0.185900	0.208300	0.184500	0.190700	0.173900	0.108800	0.180800
402820.4	0.189100	0.183900	0.143600	0.185000	0.187500	0.288700	0.193800	0.217800	0.164500	0.195700	0.195400	0.219800	0.175600	0.160600	0.184100	0.205400	0.184100	0.189200	0.175700	0.124700	0.179500
407984.8	0.185000	0.187900	0.139000	0.184900	0.184700	0.284900	0.195900	0.218000	0.165800	0.198400	0.195200	0.216700	0.175000	0.161300	0.185000	0.206000	0.183900	0.189000	0.175300	0.114200	0.180400
413149.2	0.185000	0.189300	0.136900	0.185400	0.183400	0.282300	0.200300	0.223300	0.166700	0.201900	0.197500	0.215400	0.175000	0.158900	0.184500	0.206200	0.183800	0.189500	0.174200	0.116100	0.179100
418313.5	0.183300	0.182500	0.139800	0.183600	0.181100	0.265800	0.198900	0.220300	0.166500	0.200700	0.193800	0.212800	0.173500	0.158300	0.183900	0.204300	0.183700	0.187800	0.175300	0.115200	0.180100
423477.9	0.184400	0.182100	0.134100	0.187000	0.182600	0.260400	0.201400	0.223000	0.166100	0.201500	0.196700	0.214000	0.167500	0.156600	0.185000	0.204900	0.183400	0.187200	0.175300	0.109700	0.180400
428642.3	0.181300	0.178700	0.131300	0.185500	0.182700	0.257000	0.207900	0.223800	0.167800	0.202500	0.201400	0.213700	0.163300	0.156300	0.183200	0.205400	0.184600	0.188000	0.173100	0.105900	0.179400
433806.6	0.184500	0.185300	0.144300	0.184000	0.181900	0.248700	0.197900	0.219900	0.169400	0.201000	0.195200	0.216000	0.166500	0.160200	0.185500	0.203200	0.183700	0.186000	0.176400	0.114000	0.179800
438971.0	0.185700	0.189000	0.143500	0.183900	0.181300	0.252200	0.199100	0.218800	0.169200	0.201900	0.197500	0.215100	0.166500	0.165700	0.185900	0.203300	0.184200	0.186600	0.176200	0.112700	0.180700
444135.4	0.184300	0.199500	0.136300	0.186100	0.182800	0.255200	0.204200	0.221400	0.168500	0.203700	0.200500	0.215000	0.162600	0.174600	0.188000	0.205300	0.185900	0.188500	0.175000	0.108200	0.181300
449299.7	0.183800	0.234500	0.135700	0.187300	0.182500	0.264000	0.202700	0.221900	0.168100	0.206200	0.200900	0.215600	0.163200	0.182400	0.190900	0.205100	0.186500	0.188200	0.174200	0.115200	0.181100
454464.1	0.180100	0.205000	0.131400	0.186200	0.181500	0.265600	0.204700	0.224200	0.170100	0.213200	0.203300	0.215800	0.162000	0.188900	0.191700	0.206400	0.186700	0.189000	0.173400	0.111600	0.180500
459628.4	0.182800	0.181800	0.137600	0.187600	0.183200	0.264000	0.203700	0.225000	0.172800	0.218300	0.201700	0.219000	0.166100	0.194800	0.195900	0.207700	0.188400	0.189000	0.176000	0.117600	0.181900
464792.8	0.189500	0.177200	0.145000	0.187500	0.181900	0.256100	0.199800	0.222600	0.173200	0.233500	0.198500	0.219400	0.167900	0.187300	0.192400	0.204400	0.185400	0.184800	0.176200	0.135400	0.180900
469957.2	0.184900	0.172200	0.134600	0.186300	0.183100	0.261000	0.205700	0.224700	0.174600	0.241500	0.201800	0.216900	0.160400	0.181300	0.192100	0.204700	0.185700	0.186100	0.175000	0.120600	0.182400
475121.5	0.181500	0.168400	0.136200	0.187500	0.181200	0.271300	0.209700	0.226300	0.177400	0.252500	0.208400	0.216200	0.160500	0.173800	0.188500	0.205800	0.185200	0.188200	0.175000	0.118200	0.181800
480285.9	0.181700	0.166300	0.132600	0.190700	0.178900	0.279000	0.208500	0.226300	0.177500	0.260500	0.209000	0.215000	0.158400	0.163700	0.184000	0.205800	0.184600	0.187800	0.173500	0.112900	0.180500
485450.3	0.181600	0.167300	0.132300	0.188400	0.180000	0.277500	0.205300	0.221600	0.174800	0.229900	0.205400	0.214300	0.157100	0.158200	0.183100	0.204000	0.183800	0.185400	0.174300	0.107200	0.180800
490614.6	0.179500	0.165700	0.135700	0.183200	0.174900	0.269100	0.199700	0.217700	0.168900	0.208300	0.197700	0.213700	0.157800	0.154000	0.179300	0.199000	0.181300	0.181200	0.174600	0.110300	0.177900
495779.0	0.171400	0.161900	0.134600	0.179700	0.170900	0.267200	0.196800	0.214700	0.163800	0.196900	0.191000	0.212300	0.159200	0.160300	0.179800	0.195600	0.179700	0.177600	0.173800	0.107300	0.176000
500943.4	0.177700	0.162800	0.130500	0.192700	0.179000	0.292800	0.213800	0.226000	0.171000	0.202300	0.204000	0.216800	0.169400	0.176000	0.192900	0.202000	0.184600	0.184200	0.173200	0.110300	0.182800
506107.7	0.182200	0.168200	0.139700	0.189200	0.179200	0.290500	0.212900	0.226200	0.170900	0.203900	0.199700	0.218900	0.175600	0.181700	0.193900	0.202700	0.186400	0.185300	0.176000	0.115600	0.194600
511272.1	0.181500	0.167600	0.132300	0.192200	0.180000	0.298900	0.215100	0.235000	0.169200	0.202100	0.200500	0.217800	0.172900	0.186900	0.193600	0.204100	0.186800	0.186200	0.175400	0.111500	0.194200
516436.4	0.182800	0.175100	0.137400	0.193600	0.178500	0.299500	0.214300	0.242200	0.167600	0.197700	0.196500	0.216700	0.170100	0.194400	0.193300	0.201400	0.184000	0.184600	0.175200	0.116500	0.189500
521600.8	0.180800	0.179400	0.132400	0.201800	0.179400	0.308600	0.213400	0.259600	0.165500	0.195400	0.194600	0.212200	0.165900	0.203400	0.193400	0.202000	0.185900	0.185100	0.174500	0.110300	0.188400
526765.2	0.183400	0.264200	0.139500	0.274600	0.183000	0.349500	0.227700	0.431100	0.168700	0.199600	0.192400	0.211500	0.170800	0.212900	0.195300	0.222900	0.189600	0.190900	0.176500	0.115300	0.191100
531929.5	0.181000	0.231800	0.131200	0.268700	0.190800	0.393400	0.254200	0.477300	0.168900	0.208100	0.198900	0.208900	0.188200	0.228300	0.199800	0.374300	0.198800	0.215500	0.176500	0.108500	0.191700
537093.9	0.184200	0.209600	0.141200	0.225700	0.192300	0.415400	0.293700	0.427200	0.169600	0.205800	0.196500	0.212200	0.226500	0.222000	0.197900	0.350800	0.197400	0.213200	0.175800	0.121200	0.189900
542258.3	0.182700	0.193500	0.133400	0.202900	0.201900	0.434900	0.318400	0.410800	0.171600	0.202400	0.203600	0.214300	0.267800	0.211300	0.194600	0.332600	0.199500	0.215200	0.176100	0.119200	0.190600
547422.6	0.182700	0.185100	0.133400	0.187000	0.204900	0.443300	0.299900	0.391800	0.171100	0.197100	0.208900	0.216100	0.282700	0.204000	0.193300	0.300900	0.198500	0.215100	0.174400	0.125400	0.190000
552587.0	0.182900	0.180100	0.137700	0.183000	0.211600	0.443500	0.274600	0.368700	0.175100	0.198200	0.225500	0.219400	0.282700	0.202400	0.193100	0.266800	0.201300	0.212800	0.175300	0.134600	0.191400
557751.3	0.176800	0.178300	0.130600	0.181700	0.216300	0.448600	0.260500	0.351000	0.187000	0.200300	0.342800	0.221400	0.284400	0.196300	0.194300	0.240800	0.207900	0.217300	0.177200	0.122200	0.199500
562915.7	0.181300	0.183500	0.138300	0.176900	0.215200	0.442700	0.241900	0.354100	0.203400	0.196500	0.351500	0.224500	0.290800	0.189700	0.193800	0.221900	0.211600	0.222300	0.177000	0.126500	0.196200
568080.1	0.184600	0.196900	0.144700	0.178500	0.220100	0.436400	0.224800	0.346800	0.210800	0.194400	0.318600	0.229600	0.298500	0.183200	0.194700	0.213800	0.226600	0.227000	0.179900	0.131100	0.197100
573244.4	0.181900	0.218700	0.138600	0.179000	0.224700	0.430800	0.215600	0.328900	0.209900	0.197500	0.297600	0.228800	0.289700	0.175700	0.194500	0.211100	0.236700	0.230400	0.179400	0.123200	0.192500
578408.8	0.176300	0.203500	0.136300	0.178700	0.229100	0.426100	0.209300	0.330700	0.206400	0.198100	0.278300	0.228000	0.286700	0.168000	0.197000	0.212800	0.258200	0.240000	0.180500	0.118600	0.191100
583573.2	0.176200	0.179400	0.130800	0.179700	0.210200	0.426300	0.212100	0.333700	0.201000	0.200500	0.273500	0.231600	0.285200	0.160600	0.200400	0.215800	0.273500	0.251300	0.181700	0.114200	0.190400
588737.5	0.178500	0.170200	0.137500	0.178500	0.199300	0.412900	0.204600	0.311900	0.199700	0.199900	0.258300	0.236600	0.285100	0.156600	0.216600	0.215000	0.260400	0.251100	0.183100	0.116800	0.189100
593901.9	0.173700	0.158300	0.129900	0.178800	0.193800	0.402200	0.205500	0.298700	0.193200	0.204600	0.260200	0.237300	0.276200	0.153300	0.221100	0.213700	0.241700	0.243800	0.180900	0.106700	0.187800
599066.3	0.175000	0.157400	0.130700	0.179900	0.186900	0.391200	0.200100	0.279100	0.188700	0.200900	0.255500	0.236200	0.262900	0.149800	0.217500	0.207900	0.220900	0.225800	0.179200	0.107900	0.185300
604230.6	0.175500	0.158900	0.134600	0.178000	0.180500	0.376300	0.193100	0.265000	0.186200	0.197300	0.247400	0.228500	0.252400	0.147600	0.206500	0.201300	0.211500	0.210000	0.178200	0.109500	0.182000
609395.0	0.173100	0.157100	0.128000	0.179000	0.178900	0.368000	0.194300	0.259100	0.188200	0.196800	0.245900	0.220600	0.238900	0.146500	0.202300	0.199800	0.208200	0.200600	0.176400	0.099800	0.180400
614559.3	0.175700	0.154500	0.126700	0.180600	0.177900	0.365100	0.195100	0.250700	0.203500	0.195700	0.244800	0.214700	0.220400	0.143400	0.204100	0.197800	0.189800	0.193000	0.174900	0.093600	0.180500
619723.7	0.175700	0.155400	0.129400	0.183400	0.176600	0.350200	0.195200	0.241300	0.204000	0.195400	0.238200	0.214700	0.207900	0.145900	0.196300	0.200200	0.193500	0.191900	0.175600	0.098400	0.182400
624888.1	0.178000	0.160500	0.137500	0.180100	0.173700	0.319200	0.186200	0.226000	0.193400	0.190600	0.224300	0.211000	0.196100	0.146100	0.185100	0.197400	0.188200	0.185800	0.176100	0.102500	0.182600
630052.4	0.178100	0.162400	0.136200	0.180800	0.170100	0.296500	0.184000	0.219900	0.192400	0.189200	0.215800	0.209300	0.189300	0.146800	0.177800	0.197300	0.184300	0.183800	0.174500	0.103100	0.180800
635216.8	0.179600	0.161100	0.140600	0.179800	0.169800	0.283100	0.180800	0.215300	0.203900	0.189900	0.220100	0.213800	0.190300	0.147900	0.176400	0.199400	0.185200	0.183400	0.176800	0.108900	0.183300
640381.2	0.178900	0.163100	0.135100	0.183300	0.167300	0.274500	0.180900	0.214200	0.191500	0.190900	0.224900	0.211300	0.183000	0.148000	0.174400	0.201100	0.185800	0.182800	0.175100	0.106000	0.182200
645545.5	0.180200	0.162100	0.138200	0.185300	0.169800	0.270100	0.181600	0.215500	0.204800	0.193300	0.227800	0.215800	0.183000	0.148600	0.175500	0.200800	0.185500	0.183800	0.175800	0.109700	0.183200
650709.9	0.176500	0.160400	0.128300	0.185800	0.169400	0.262400	0.184700	0.214700	0.215900	0.193800	0.235000	0.209300	0.177100	0.146300	0.174400	0.200700	0.184000	0.182400	0.172200	0.101000	0.181100
655874.2	0.179800	0.167200	0.138400	0.183900	0.167300	0.255800	0.177200	0.209300	0.198300	0.191300	0.237300	0.212000	0.182100	0.148000	0.176000	0.199300	0.183400	0.180900	0.176100	0.108700	0.182600
661038.6	0.180800	0.167300	0.135000	0.185400	0.168600	0.267000	0.180100	0.209800	0.190900	0.189800	0.228200	0.211300	0.179000	0.147200	0.175800	0.199500	0.182100	0.181100	0.175600	0.108400	0.182900
666203.0	0.181200	0.168400	0.134200	0.185000	0.168400	0.272000	0.183100	0.211100	0.186800	0.192900	0.218600	0.209300	0.174000	0.145200	0.173300	0.199900	0.180800	0.180700	0.173700	0.112600	0.181000
671367.3	0.179600	0.168900	0.135500	0.183900	0.168500	0.257500	0.181000	0.208700	0.204600	0.192100	0.216000	0.210700	0.175600	0.147600	0.175500	0.198000	0.180800	0.181000	0.175900	0.116000	0.183500
676531.7	0.177300	0.164300	0.127200	0.184800	0.168300	0.250900	0.184700	0.209200	0.201300	0.194100	0.250600	0.209100	0.170100	0.147500	0.174200	0.198600	0.182000	0.182400	0.173100	0.116700	0.181900
681696.1	0.179700	0.163400	0.136900	0.186700	0.166200	0.239700	0.180600	0.205800	0.197800	0.192400	0.261800	0.210100	0.175300	0.148400	0.172500	0.195700	0.180300	0.180000	0.174300	0.128900	0.182700
686860.4	0.179200	0.163900	0.132100	0.223900	0.168600	0.240200	0.184200	0.208700	0.198400	0.195800	0.256800	0.209000	0.170800	0.151800	0.173000	0.197400	0.181600	0.180400	0.174600	0.123300	0.186300
692024.8	0.180000	0.163000	0.134400	0.241100	0.167100	0.233000	0.182700	0.207300	0.194200	0.192600	0.244600	0.210300	0.174800	0.155100	0.172300	0.195900	0.181000	0.181000	0.174800	0.127600	0.185900
697189.2	0.176900	0.162400	0.130500	0.215200	0.167800	0.230300	0.185000	0.209200	0.193300	0.194700	0.244000	0.209200	0.175800	0.157000	0.173000	0.196600	0.182100	0.182000	0.174800	0.122400	0.187500
702353.5	0.179400	0.164300	0.132700	0.190000	0.167000	0.219900	0.182500	0.208900	0.190400	0.193100	0.238400	0.211600	0.179700	0.164300	0.173500	0.196400	0.181800	0.181000	0.174800	0.126400	0.185500
707517.9	0.177700	0.166900	0.136600	0.184700	0.169100	0.213600	0.180400	0.208400	0.194300	0.193500	0.246400	0.210100	0.181900	0.212400	0.186900	0.196000	0.183400	0.181300	0.175600	0.128100	0.188900
712682.2	0.180900	0.175300	0.137800	0.184500	0.169300	0.208600	0.178800	0.206900	0.193300	0.194200	0.252600	0.208700	0.180400	0.210000	0.187200	0.195400	0.184000	0.181600	0.174500	0.127600	0.185500
717846.6	0.181300	0.174300	0.134700	0.179900	0.169600	0.210900	0.182100	0.208600	0.188000	0.193400	0.247500	0.207700	0.173800	0.199000	0.185800	0.196200	0.183600	0.182400	0.174300	0.126800	0.184300
723011.0	0.176300	0.183400	0.136300	0.175900	0.167400	0.205000	0.176600	0.203000	0.186000	0.191200	0.240600	0.207600	0.170800	0.201300	0.185300	0.192700	0.181800	0.179100	0.174600	0.121700	0.183600
728175.3	0.177000	0.206200	0.133100	0.178300	0.169500	0.208400	0.178300	0.202400	0.184300	0.189800	0.242800	0.206300	0.174500	0.212900	0.190300	0.193900	0.183000	0.179800	0.175100	0.120100	0.191900
733339.7	0.176500	0.228600	0.136500	0.182900	0.171000	0.216600	0.182000	0.205000	0.182300	0.192900	0.237000	0.209000	0.172000	0.202700	0.189200	0.196000	0.184800	0.183300	0.175000	0.122200	0.195100
738504.1	0.176500	0.208000	0.139900	0.184700	0.168700	0.216800	0.179700	0.202500	0.173800	0.193800	0.216500	0.210400	0.172600	0.194200	0.184100	0.195400	0.183600	0.181600	0.175900	0.125400	0.198600
743668.4	0.176800	0.183900	0.135200	0.188100	0.172000	0.225500	0.183500	0.205800	0.170300	0.194400	0.211300	0.207000	0.168100	0.191200	0.183700	0.197300	0.182500	0.182600	0.175000	0.145800	0.197200
748832.8	0.179000	0.180700	0.134200	0.186900	0.172900	0.227300	0.183200	0.203900	0.171500	0.194400	0.208600	0.209900	0.170800	0.195900	0.188400	0.198500	0.184900	0.184400	0.176700	0.156400	0.192200
753997.2	0.177700	0.179800	0.134700	0.189900	0.173000	0.227800	0.186400	0.206500	0.171100	0.196800	0.209700	0.210300	0.179200	0.210600	0.192400	0.199000	0.185700	0.186000	0.175800	0.143000	0.187300
759161.5	0.175300	0.192200	0.134000	0.188800	0.172400	0.234900	0.190300	0.216400	0.174000	0.201700	0.212100	0.210500	0.236900	0.229600	0.199100	0.198500	0.187400	0.184000	0.175800	0.142500	0.186200
764325.9	0.184500	0.208700	0.142100	0.189100	0.178600	0.250100	0.208700	0.260500	0.176700	0.210600	0.229400	0.214800	0.243400	0.236500	0.206300	0.199900	0.189500	0.188100	0.179600	0.158000	0.191000
769490.2	0.182200	0.214700	0.131900	0.205800	0.184500	0.290800	0.260200	0.411700	0.184700	0.227600	0.266400	0.219400	0.226100	0.231500	0.213900	0.207300	0.192900	0.202500	0.184200	0.150800	0.197900
774654.6	0.177800	0.230100	0.138700	0.217400	0.195900	0.296500	0.278600	0.340500	0.192700	0.240600	0.270400	0.235500	0.235200	0.231700	0.252900	0.215700	0.196800	0.219100	0.193300	0.141900	0.202900
779819.0	0.179600	0.210600	0.131700	0.219600	0.217800	0.296800	0.262400	0.302700	0.205700	0.308700	0.268300	0.238100	0.230300	0.223700	0.258600	0.210400	0.198800	0.219300	0.189700	0.137400	0.199900
784983.3	0.182800	0.202400	0.142600	0.213500	0.263600	0.277600	0.230400	0.272500	0.192500	0.255900	0.242600	0.244500	0.235200	0.222000	0.260000	0.206400	0.200700	0.210500	0.189300	0.144600	0.197700
790147.7	0.181400	0.196700	0.133300	0.221400	0.217100	0.271500	0.220400	0.262500	0.185700	0.222000	0.238100	0.243100	0.229300	0.217100	0.228000	0.207600	0.201200	0.205200	0.187000	0.135000	0.197400
795312.1	0.181600	0.185400	0.138400	0.212800	0.191100	0.251700	0.205600	0.240100	0.177100	0.207500	0.234500	0.238000	0.230000	0.211900	0.211400	0.202600	0.196500	0.195300	0.185700	0.144300	0.193800
800476.4	0.182200	0.177000	0.141600	0.197200	0.181900	0.247500	0.194700	0.227400	0.176100	0.197800	0.238600	0.231900	0.230700	0.204900	0.201700	0.200600	0.194400	0.190400	0.186300	0.146300	0.192400
805640.8	0.178900	0.168500	0.132600	0.194500	0.177600	0.247500	0.194700	0.222700	0.177900	0.200300	0.239500	0.228500	0.230900	0.203800	0.196600	0.201400	0.195100	0.189400	0.188700	0.128400	0.197400
810805.1	0.184200	0.170800	0.138400	0.187200	0.172900	0.239700	0.191000	0.215900	0.174200	0.195500	0.229600	0.228200	0.241600	0.202600	0.190500	0.199500	0.193800	0.186700	0.186300	0.135500	0.193300
815969.5	0.182200	0.171400	0.133900	0.181700	0.172000	0.232700	0.187700	0.212000	0.171700	0.193400	0.219200	0.228000	0.240800	0.208300	0.188200	0.198100	0.194900	0.184500	0.183400	0.130600	0.190600
821133.9	0.184900	0.172000	0.139100	0.181800	0.177400	0.236200	0.194500	0.215900	0.175900	0.198200	0.216700	0.226900	0.227100	0.200200	0.188400	0.203500	0.199900	0.186700	0.186500	0.125600	0.195500
826298.2	0.181300	0.173700	0.135400	0.178900	0.175600	0.228800	0.193000	0.213500	0.173700	0.197600	0.212100	0.220300	0.219300	0.194700	0.186100	0.201300	0.196700	0.183000	0.184200	0.127300	0.193300
831462.6	0.181200	0.172700	0.134400	0.180200	0.179500	0.225500	0.193400	0.213200	0.174100	0.198600	0.211300	0.218400	0.222600	0.199300	0.189600	0.200800	0.194800	0.183700	0.183200	0.133600	0.192900
836627.0	0.182000	0.175300	0.140100	0.176600	0.179600	0.220700	0.193200	0.208800	0.172100	0.197700	0.206800	0.214800	0.231900	0.212500	0.189100	0.198000	0.196000	0.181800	0.183300	0.137900	0.191800
841791.3	0.181200	0.176000	0.131100	0.180400	0.181000	0.229900	0.205300	0.213400	0.174100	0.200100	0.211700	0.216000	0.250600	0.226700	0.196000	0.200800	0.200500	0.186100	0.183300	0.138000	0.194100
846955.7	0.185300	0.183500	0.139200	0.182000	0.185900	0.238600	0.260100	0.217600	0.174400	0.201900	0.209700	0.213600	0.254900	0.228900	0.198300	0.201200	0.202000	0.188100	0.182800	0.150200	0.193000
852120.1	0.184800	0.184300	0.142200	0.184300	0.186800	0.261500	0.283500	0.220200	0.179300	0.224300	0.210600	0.215300	0.242400	0.222900	0.201000	0.202800	0.203600	0.189600	0.185300	0.141400	0.196600
857284.4	0.182400	0.179400	0.137400	0.190400	0.182500	0.281000	0.255800	0.220900	0.185700	0.258900	0.214700	0.215700	0.237600	0.210000	0.196700	0.203100	0.207700	0.189000	0.184200	0.128200	0.197500
862448.8	0.184300	0.187900	0.142300	0.190000	0.187100	0.282700	0.215800	0.217800	0.187100	0.269500	0.209600	0.218800	0.228100	0.207000	0.192000	0.202300	0.206400	0.189700	0.184700	0.133800	0.198200
867613.1	0.186300	0.195400	0.142700	0.196400	0.193500	0.277900	0.198400	0.215900	0.182600	0.242300	0.209300	0.227000	0.216600	0.205800	0.193000	0.203200	0.207700	0.191600	0.185100	0.130500	0.199000
872777.5	0.184100	0.187100	0.135400	0.214600	0.192700	0.263700	0.191000	0.215000	0.173900	0.214900	0.203000	0.216000	0.198700	0.199500	0.188800	0.200900	0.200800	0.191100	0.181300	0.121800	0.195400
877941.9	0.184400	0.195900	0.136000	0.216800	0.191900	0.256400	0.188500	0.215500	0.175000	0.213200	0.204600	0.216800	0.194100	0.200000	0.189700	0.201900	0.198900	0.190200	0.182700	0.119100	0.197200
883106.2	0.182900	0.219300	0.135900	0.207800	0.189800	0.246200	0.186300	0.211800	0.173500	0.202100	0.201500	0.215200	0.191400	0.196000	0.192000	0.202200	0.198200	0.190400	0.183200	0.123600	0.198100
888270.6	0.184400	0.200400	0.141400	0.203300	0.190200	0.244800	0.184100	0.210600	0.171400	0.194700	0.197100	0.215600	0.196700	0.185900	0.187500	0.201300	0.195300	0.189700	0.182900	0.129000	0.197200
893435.0	0.183300	0.198800	0.141300	0.194500	0.185900	0.238800	0.180300	0.207000	0.170200	0.191400	0.195800	0.213500	0.196400	0.175200	0.180200	0.200500	0.192600	0.187700	0.182700	0.122700	0.196600
898599.3	0.184900	0.223900	0.144800	0.187700	0.182200	0.237700	0.181900	0.207900	0.173000	0.193000	0.198800	0.213700	0.200400	0.168000	0.177500	0.200100	0.191900	0.186400	0.183500	0.128500	0.198300
903763.7	0.182500	0.187800	0.133000	0.184400	0.179400	0.235200	0.185500	0.209500	0.170700	0.192700	0.199300	0.211300	0.198100	0.161900	0.175300	0.200000	0.191200	0.186500	0.180000	0.123400	0.195000
908928.0	0.186900	0.177700	0.139800	0.184200	0.179600	0.232900	0.183600	0.209200	0.170100	0.190200	0.195500	0.214100	0.199000	0.160800	0.176200	0.200800	0.191700	0.185000	0.182400	0.124500	0.196100
914092.4	0.183100	0.169400	0.134200	0.185300	0.180300	0.231700	0.187100	0.212700	0.170100	0.191300	0.198800	0.213500	0.190000	0.159300	0.175300	0.202000	0.192600	0.186800	0.180900	0.117700	0.196200
919256.8	0.182800	0.164200	0.132600	0.179600	0.178900	0.226900	0.189900	0.214400	0.170100	0.193700	0.198100	0.215200	0.188000	0.160200	0.176500	0.201900	0.192700	0.185900	0.180400	0.116900	0.196200
924421.1	0.181500	0.165800	0.135300	0.177000	0.176500	0.221200	0.184100	0.211800	0.169300	0.193400	0.194300	0.211000	0.186300	0.164800	0.177300	0.199800	0.190900	0.184400	0.180800	0.117800	0.196900
929585.5	0.182000	0.167100	0.138300	0.177300	0.176200	0.223400	0.185600	0.215500	0.173800	0.197300	0.198500	0.215200	0.185200	0.169900	0.181900	0.199500	0.191500	0.185700	0.182300	0.121900	0.198100
934749.9	0.181900	0.168100	0.135400	0.179400	0.175900	0.224000	0.187600	0.215700	0.175000	0.199700	0.201500	0.214500	0.183800	0.173600	0.186600	0.200100	0.192200	0.186700	0.182000	0.120400	0.197100
939914.2	0.180900	0.171500	0.138600	0.178400	0.176700	0.222000	0.189100	0.214800	0.174700	0.195400	0.199100	0.214800	0.189800	0.182300	0.188500	0.199300	0.193500	0.186400	0.182900	0.118800	0.198400
945078.6	0.183700	0.177800	0.142900	0.177500	0.175300	0.217900	0.187900	0.211000	0.173700	0.191600	0.197500	0.211600	0.193600	0.188700	0.189200	0.197400	0.192000	0.184500	0.181500	0.120900	0.195600
950243.0	0.181700	0.178000	0.133100	0.183100	0.177700	0.219400	0.192300	0.215300	0.172700	0.190800	0.200200	0.208800	0.187400	0.190400	0.189700	0.197600	0.190500	0.185100	0.178500	0.112200	0.194200
955407.3	0.178700	0.190800	0.130800	0.194200	0.178200	0.221300	0.192700	0.215600	0.174400	0.191300	0.202300	0.209000	0.188800	0.194500	0.195400	0.199000	0.190200	0.185800	0.179100	0.110100	0.193600
960571.7	0.183300	0.225200	0.139200	0.212500	0.177600	0.220900	0.193300	0.216300	0.175800	0.191600	0.203100	0.210900	0.197400	0.200500	0.196200	0.197100	0.190200	0.187000	0.180600	0.124300	0.192000
965736.0	0.178300	0.204200	0.138500	0.228300	0.179100	0.217600	0.192300	0.215900	0.174700	0.191600	0.200500	0.213900	0.194800	0.203400	0.197000	0.195800	0.191000	0.186300	0.179500	0.123600	0.190800
970900.4	0.180100	0.193400	0.138600	0.225700	0.179900	0.221200	0.192800	0.216400	0.173300	0.191800	0.198200	0.211300	0.193400	0.200400	0.197300	0.195600	0.191200	0.184700	0.178000	0.131300	0.188500
976064.8	0.177200	0.191200	0.134400	0.230800	0.181400	0.226900	0.195800	0.218500	0.177300	0.201600	0.202600	0.210200	0.194500	0.202400	0.197400	0.196100	0.191500	0.186300	0.177700	0.132600	0.188200
981229.1	0.179600	0.184600	0.134600	0.221000	0.179900	0.228000	0.192500	0.218700	0.174300	0.203300	0.199000	0.209200	0.196000	0.200600	0.197900	0.196300	0.191000	0.186300	0.175900	0.147800	0.188100
986393.5	0.174900	0.179500	0.128200	0.210900	0.179900	0.230100	0.195400	0.218300	0.177900	0.206700	0.203800	0.212600	0.192000	0.197400	0.199000	0.199100	0.192300	0.187600	0.176900	0.148800	0.190600
991557.9	0.180000	0.176500	0.135200	0.203400	0.176900	0.221300	0.185400	0.211800	0.173300	0.199500	0.195100	0.210000	0.191900	0.192400	0.195700	0.196400	0.192200	0.184500	0.177400	0.143200	0.190100
996722.2	0.176700	0.177400	0.134700	0.194100	0.176200	0.220400	0.188100	0.213500	0.172600	0.202300	0.195800	0.209100	0.181400	0.189400	0.191200	0.196600	0.191500	0.184100	0.177500	0.130700	0.190300
1001886.6	0.175900	0.177300	0.131900	0.188400	0.175600	0.219100	0.184100	0.211000	0.170600	0.198000	0.192800	0.207800	0.174000	0.183800	0.187400	0.197400	0.191500	0.182600	0.176600	0.121300	0.188800
1007050.9	0.177900	0.181200	0.134000	0.181500	0.174400	0.216900	0.182600	0.210400	0.168600	0.192200	0.188800	0.207200	0.172000	0.178700	0.184500	0.196000	0.191600	0.181400	0.177100	0.121000	0.188700
1012215.3	0.177500	0.182100	0.133600	0.182800	0.174800	0.218800	0.184300	0.210600	0.170700	0.194600	0.190100	0.207400	0.170800	0.172200	0.180800	0.197800	0.190800	0.181900	0.177000	0.118100	0.189500
1017379.7	0.174200	0.181500	0.136500	0.178000	0.172300	0.214600	0.179400	0.207300	0.169700	0.195200	0.189500	0.205800	0.168500	0.168100	0.179900	0.193800	0.190300	0.178800	0.176600	0.115200	0.188500
1022544.0	0.175300	0.183100	0.142500	0.175900	0.176700	0.213100	0.181000	0.206200	0.168900	0.192600	0.188600	0.209700	0.171800	0.177500	0.187000	0.192800	0.190200	0.178500	0.179100	0.121100	0.189300
