VERSION	1200
Time[MSec.]	Ratio	Ratio	Ratio	Ratio	Ratio	Ratio	Ratio	Ratio	Ratio
%.1f	%.4f	%.4f	%.4f	%.4f	%.4f	%.4f	%.4f	%.4f	%.4f
Time	ROI(1-1)	ROI(1-2)	ROI(1-3)	ROI(1-4)	ROI(1-5)	ROI(1-6)	ROI(1-7)	ROI(1-8)	ROI(1-9)
GraphNo	1	2	3	4	5	6	7	8	9
0.0	0.169400	0.195400	0.181000	0.166800	0.171400	0.190300	0.154200	0.173300	0.117100
5164.4	0.169700	0.197800	0.182000	0.168300	0.173300	0.191400	0.156400	0.173400	0.115400
10328.7	0.170700	0.199800	0.182600	0.169600	0.172700	0.190500	0.155100	0.172400	0.117600
15493.1	0.173600	0.205300	0.183100	0.169300	0.173700	0.191400	0.155100	0.171100	0.112800
20657.4	0.172600	0.209100	0.184200	0.169800	0.173700	0.191200	0.155100	0.170200	0.113200
25821.8	0.176000	0.212400	0.183900	0.167800	0.172800	0.190400	0.154200	0.165500	0.108500
30986.2	0.169900	0.206000	0.183300	0.169000	0.171300	0.187200	0.152900	0.170000	0.113100
36150.5	0.164600	0.200100	0.180000	0.168600	0.168600	0.185000	0.154100	0.171100	0.121900
41314.9	0.173300	0.210100	0.184200	0.169100	0.171600	0.187600	0.153500	0.167800	0.112200
46479.3	0.170800	0.205700	0.181900	0.168500	0.168600	0.186100	0.153300	0.167000	0.118400
51643.6	0.176100	0.213800	0.183200	0.169100	0.170100	0.187600	0.154000	0.166400	0.109600
56808.0	0.171000	0.206700	0.181000	0.169600	0.169500	0.185900	0.153500	0.169900	0.119000
61972.4	0.168300	0.204400	0.181300	0.167800	0.167500	0.184300	0.152400	0.167800	0.117100
67136.7	0.173100	0.212700	0.183300	0.169400	0.170000	0.187000	0.153500	0.167400	0.113800
72301.1	0.170000	0.210500	0.182200	0.171000	0.169100	0.185700	0.153800	0.169900	0.118400
77465.5	0.179300	0.226200	0.195800	0.192700	0.175100	0.190000	0.158200	0.169600	0.121300
82629.8	0.324300	0.451600	0.365700	0.281600	0.338400	0.347400	0.346500	0.357800	0.287400
87794.2	0.301600	0.417000	0.362900	0.284800	0.344100	0.356200	0.346400	0.334100	0.319000
92958.6	0.309600	0.413500	0.373000	0.290700	0.365400	0.374700	0.353200	0.319500	0.307800
98122.9	0.300900	0.394900	0.367800	0.297400	0.374900	0.379800	0.369100	0.322700	0.321000
103287.3	0.297700	0.395100	0.379700	0.301100	0.377100	0.381300	0.376100	0.324800	0.316700
108451.7	0.291600	0.387400	0.393900	0.304100	0.379100	0.383000	0.380000	0.329500	0.328900
113616.0	0.287500	0.387800	0.394400	0.305000	0.377800	0.378400	0.372700	0.323700	0.321800
118780.4	0.292900	0.390400	0.397100	0.307400	0.379600	0.381000	0.368100	0.326300	0.326400
123944.8	0.297100	0.390500	0.372700	0.309900	0.384700	0.380500	0.366500	0.316800	0.324900
129109.1	0.297700	0.392400	0.361100	0.311700	0.384100	0.378500	0.361700	0.307600	0.322600
134273.5	0.300200	0.394400	0.342100	0.316400	0.384000	0.380500	0.363400	0.303400	0.317600
139437.8	0.295400	0.391600	0.325900	0.319000	0.383500	0.380800	0.363600	0.301800	0.332100
144602.2	0.295300	0.387900	0.306500	0.317800	0.383400	0.381500	0.364400	0.297500	0.342100
149766.6	0.314500	0.404700	0.299300	0.324000	0.393100	0.392600	0.365800	0.288000	0.318600
154930.9	0.295600	0.382600	0.280100	0.326000	0.381500	0.379900	0.361600	0.288600	0.346900
160095.3	0.303900	0.394700	0.272300	0.325900	0.382800	0.384900	0.359700	0.279900	0.328400
165259.7	0.307500	0.402800	0.264700	0.328800	0.382000	0.386700	0.355800	0.273700	0.319500
170424.0	0.306800	0.394700	0.264300	0.328200	0.382200	0.386100	0.352700	0.269900	0.332700
175588.4	0.329500	0.420100	0.264800	0.328200	0.387000	0.391800	0.347900	0.253300	0.301000
180752.8	0.323000	0.406800	0.254900	0.326200	0.381600	0.381700	0.350200	0.252700	0.309000
185917.1	0.320800	0.403900	0.251500	0.324500	0.371500	0.374300	0.346700	0.247500	0.291900
191081.5	0.324700	0.404000	0.245900	0.321700	0.367900	0.368100	0.342200	0.240700	0.289500
196245.9	0.331500	0.408800	0.241300	0.320100	0.362600	0.367000	0.340800	0.236600	0.271400
201410.2	0.325200	0.404000	0.232900	0.320400	0.353500	0.353200	0.336300	0.233500	0.277100
206574.6	0.337600	0.409300	0.228000	0.318000	0.354600	0.352800	0.333600	0.228200	0.244600
211738.9	0.331100	0.399000	0.223300	0.314200	0.348400	0.347000	0.329500	0.229800	0.254500
216903.3	0.337000	0.394400	0.221500	0.315900	0.337600	0.347200	0.327600	0.228800	0.247900
222067.7	0.341100	0.395500	0.218400	0.317700	0.336600	0.345100	0.326600	0.223900	0.233000
227232.0	0.336600	0.386600	0.214800	0.318300	0.339000	0.341800	0.326300	0.226100	0.235500
232396.4	0.322800	0.375800	0.211700	0.311400	0.332500	0.333700	0.327000	0.224200	0.230400
237560.8	0.331200	0.376400	0.214700	0.307500	0.327200	0.332900	0.324800	0.216400	0.203100
242725.1	0.304700	0.339900	0.210300	0.299800	0.309700	0.313600	0.309900	0.214100	0.190900
247889.5	0.287300	0.325900	0.209300	0.301300	0.300800	0.310900	0.282200	0.210500	0.172700
253053.9	0.283700	0.310700	0.208100	0.304400	0.295800	0.306700	0.257200	0.209100	0.174500
258218.2	0.292100	0.301500	0.205200	0.303400	0.291700	0.308800	0.252900	0.210500	0.180700
263382.6	0.283400	0.287300	0.201000	0.296400	0.277400	0.302200	0.256100	0.206900	0.178900
268546.9	0.282000	0.289300	0.201300	0.294700	0.275700	0.304200	0.264300	0.204000	0.177200
273711.3	0.287900	0.298600	0.200200	0.287200	0.271700	0.304300	0.267300	0.199200	0.162200
278875.7	0.275800	0.294600	0.197300	0.286300	0.268700	0.306000	0.271800	0.202600	0.168700
284040.0	0.265900	0.290800	0.195000	0.277600	0.262700	0.300500	0.269100	0.201200	0.162900
289204.4	0.273900	0.301300	0.197700	0.276700	0.262500	0.302400	0.270000	0.195500	0.151200
294368.8	0.264800	0.297100	0.195300	0.269500	0.255800	0.297100	0.264000	0.191300	0.145500
299533.1	0.255400	0.288700	0.193200	0.262700	0.251000	0.292700	0.259500	0.194100	0.148900
304697.5	0.249200	0.285000	0.193400	0.259300	0.246200	0.290100	0.250800	0.189900	0.145000
309861.9	0.240900	0.277700	0.192500	0.252300	0.242500	0.286100	0.244900	0.192100	0.144000
315026.2	0.235900	0.273300	0.190900	0.249100	0.237100	0.285600	0.237700	0.188300	0.146800
320190.6	0.231900	0.267400	0.190700	0.244300	0.233400	0.283100	0.229800	0.187000	0.145900
325354.9	0.227300	0.262900	0.191200	0.242600	0.232400	0.281300	0.225700	0.187400	0.141800
330519.3	0.224600	0.261700	0.193100	0.241300	0.227900	0.280500	0.218000	0.184900	0.137400
335683.7	0.218600	0.254200	0.190300	0.236400	0.222500	0.273800	0.212000	0.182600	0.135100
340848.0	0.222000	0.255600	0.192100	0.236400	0.221300	0.274100	0.207800	0.178800	0.133300
346012.4	0.215200	0.248400	0.189100	0.228600	0.217200	0.267500	0.203000	0.180600	0.135200
351176.8	0.216900	0.248600	0.189500	0.225300	0.214500	0.265400	0.199400	0.178700	0.129200
356341.1	0.215300	0.247300	0.191200	0.223300	0.214800	0.262700	0.194200	0.173300	0.127600
361505.5	0.209700	0.240700	0.190600	0.220900	0.211500	0.258700	0.192900	0.176400	0.133000
366669.9	0.212700	0.243600	0.192800	0.219800	0.211000	0.258400	0.190400	0.173600	0.124600
371834.2	0.199100	0.232100	0.188600	0.216600	0.208600	0.251300	0.189900	0.178900	0.138300
376998.6	0.201900	0.234900	0.189100	0.215300	0.208100	0.248400	0.186000	0.175500	0.131400
382163.0	0.199600	0.232700	0.189700	0.213200	0.205100	0.245300	0.184300	0.173800	0.131000
387327.3	0.199400	0.230800	0.188000	0.210600	0.201100	0.242400	0.181700	0.173500	0.132200
392491.7	0.200900	0.234600	0.190800	0.209200	0.202200	0.243300	0.181500	0.171100	0.129800
397656.0	0.201200	0.233600	0.189700	0.207100	0.201900	0.242400	0.180500	0.170100	0.125200
402820.4	0.200100	0.233900	0.192600	0.209300	0.204600	0.241200	0.179300	0.168600	0.124300
407984.8	0.191900	0.224800	0.189600	0.210000	0.202500	0.236900	0.178700	0.174700	0.131500
413149.1	0.192700	0.226600	0.189800	0.207200	0.199900	0.234800	0.177100	0.172200	0.131100
418313.5	0.192700	0.225800	0.189100	0.206000	0.199000	0.232400	0.175700	0.170900	0.128100
423477.9	0.201700	0.232400	0.193400	0.205800	0.200800	0.235100	0.173800	0.166300	0.121200
428642.2	0.194700	0.223000	0.191500	0.203700	0.200400	0.230300	0.174900	0.170800	0.129100
433806.6	0.193700	0.222700	0.192800	0.204300	0.198200	0.228300	0.174400	0.172100	0.130400
438970.9	0.189500	0.219200	0.190100	0.203200	0.194000	0.222800	0.171900	0.171600	0.133500
444135.3	0.189000	0.218800	0.190600	0.204400	0.196100	0.223600	0.173100	0.171000	0.132800
449299.7	0.189200	0.221900	0.194300	0.204400	0.193700	0.223400	0.171800	0.170500	0.132600
454464.0	0.192000	0.223900	0.192700	0.201500	0.192400	0.221200	0.170700	0.167500	0.131900
459628.4	0.190600	0.221500	0.194600	0.204100	0.196000	0.223400	0.171300	0.169300	0.133600
464792.8	0.193600	0.227300	0.195100	0.199700	0.195800	0.225200	0.170000	0.165700	0.129800
469957.1	0.186800	0.219200	0.194200	0.199200	0.194100	0.219600	0.170800	0.170700	0.129400
475121.5	0.191200	0.223300	0.196300	0.199100	0.196900	0.221800	0.171000	0.169100	0.131600
480285.9	0.195400	0.229600	0.198200	0.198100	0.195600	0.219900	0.170400	0.164700	0.125300
485450.2	0.190900	0.223500	0.195300	0.196600	0.192900	0.217000	0.167900	0.166200	0.130600
490614.6	0.191100	0.225400	0.195600	0.195100	0.192900	0.217600	0.169200	0.167000	0.128700
495778.9	0.191000	0.225200	0.196000	0.194600	0.193300	0.214500	0.167800	0.169900	0.128900
500943.3	0.184700	0.219100	0.196200	0.193700	0.195000	0.212000	0.170400	0.177200	0.132600
506107.7	0.183700	0.218000	0.195000	0.192100	0.192600	0.211600	0.169100	0.174700	0.134600
511272.0	0.190900	0.224700	0.198100	0.192000	0.196200	0.214700	0.169200	0.172300	0.132700
516436.4	0.189200	0.222800	0.195000	0.189800	0.194800	0.212000	0.169800	0.171900	0.132800
521600.8	0.190900	0.222900	0.198700	0.188600	0.197500	0.213100	0.169900	0.170000	0.131800
526765.1	0.191400	0.222700	0.199000	0.188800	0.200400	0.211600	0.171200	0.167500	0.129100
531929.5	0.189700	0.218400	0.198900	0.186600	0.213700	0.210400	0.171100	0.170800	0.128100
537093.9	0.194800	0.222500	0.202600	0.186000	0.227400	0.213600	0.172300	0.170300	0.125200
542258.2	0.195700	0.221400	0.201500	0.185200	0.235300	0.213500	0.171200	0.166000	0.127200
547422.6	0.201400	0.221700	0.202000	0.183600	0.233300	0.212200	0.173200	0.166700	0.126300
552586.9	0.200700	0.216500	0.198400	0.180800	0.225000	0.208300	0.172400	0.168700	0.129100
557751.3	0.214000	0.217400	0.201700	0.182100	0.223700	0.208900	0.173600	0.168400	0.132100
562915.7	0.235200	0.220000	0.201400	0.180600	0.219100	0.210000	0.174800	0.168400	0.125800
568080.0	0.243500	0.215200	0.199800	0.179700	0.215000	0.207600	0.174500	0.167500	0.128100
573244.4	0.265800	0.219700	0.202700	0.179500	0.210600	0.210300	0.175000	0.166700	0.126800
578408.8	0.283500	0.221300	0.203400	0.179800	0.213200	0.210300	0.174800	0.162500	0.123100
583573.1	0.260800	0.217100	0.200800	0.176900	0.216800	0.206900	0.174200	0.166200	0.128300
588737.5	0.263000	0.225900	0.206700	0.179300	0.216700	0.210800	0.174900	0.165100	0.118500
593901.9	0.240700	0.215000	0.202400	0.176800	0.213200	0.206700	0.175100	0.166500	0.128800
599066.2	0.234700	0.222800	0.209400	0.176100	0.210400	0.208500	0.175300	0.164100	0.123300
604230.6	0.228700	0.215000	0.206200	0.175500	0.203600	0.204100	0.174000	0.167900	0.126700
609394.9	0.228300	0.218900	0.205100	0.175300	0.201600	0.203400	0.172800	0.165100	0.124800
614559.3	0.233700	0.229200	0.207900	0.172900	0.201800	0.206900	0.172400	0.157400	0.118300
619723.7	0.219900	0.221300	0.203800	0.174800	0.201100	0.203700	0.170700	0.162900	0.124300
624888.0	0.220400	0.224300	0.206200	0.176200	0.210700	0.205800	0.170300	0.160700	0.119900
630052.4	0.210500	0.217100	0.208500	0.176400	0.223400	0.202600	0.169000	0.162100	0.122900
635216.8	0.208100	0.216800	0.220700	0.179200	0.231300	0.203700	0.170800	0.165800	0.129400
640381.1	0.206600	0.213500	0.221100	0.177900	0.241200	0.202500	0.169100	0.167800	0.129600
645545.5	0.200900	0.212500	0.238900	0.178700	0.263800	0.202400	0.165300	0.170300	0.120100
650709.8	0.201100	0.210200	0.240500	0.180000	0.271700	0.203100	0.165100	0.178800	0.126500
655874.2	0.201200	0.211400	0.244300	0.180700	0.271800	0.203200	0.165300	0.181100	0.122300
661038.6	0.197100	0.207200	0.234500	0.182200	0.273800	0.202300	0.165400	0.183600	0.130400
666202.9	0.205900	0.213300	0.229800	0.183600	0.279300	0.206900	0.165200	0.181800	0.119800
671367.3	0.211500	0.216000	0.222600	0.188400	0.284800	0.211500	0.166900	0.182700	0.126800
676531.7	0.207700	0.219100	0.213400	0.189700	0.285900	0.211100	0.166100	0.174900	0.122200
681696.0	0.205000	0.215700	0.208200	0.191900	0.286500	0.210700	0.164800	0.175800	0.123600
686860.4	0.200000	0.210700	0.207300	0.191100	0.284600	0.209300	0.164400	0.176400	0.124800
692024.8	0.203200	0.218100	0.209300	0.195300	0.290900	0.213400	0.165300	0.177800	0.124400
697189.1	0.193300	0.209000	0.203200	0.194800	0.285100	0.211600	0.165100	0.179200	0.129800
702353.5	0.192600	0.214900	0.201000	0.196200	0.283000	0.213800	0.166200	0.175900	0.128300
707517.8	0.193000	0.217400	0.195100	0.198600	0.291200	0.215200	0.168400	0.173300	0.125400
712682.2	0.192900	0.215200	0.191400	0.198000	0.288400	0.212800	0.166700	0.170300	0.129400
717846.6	0.187900	0.209900	0.185000	0.197700	0.288800	0.210100	0.168600	0.175300	0.138400
723010.9	0.187200	0.209900	0.185400	0.200400	0.285700	0.210300	0.166900	0.175300	0.129300
728175.3	0.199600	0.217900	0.188300	0.200900	0.285800	0.214700	0.165600	0.172800	0.126100
733339.7	0.205100	0.212200	0.185300	0.200500	0.275800	0.212100	0.165500	0.173700	0.134000
738504.0	0.252000	0.213900	0.186700	0.204900	0.279500	0.214600	0.165100	0.175000	0.132100
743668.4	0.275700	0.216900	0.187800	0.206800	0.276700	0.219100	0.164400	0.174700	0.133100
748832.7	0.258000	0.223400	0.189100	0.208800	0.276600	0.223400	0.165000	0.171700	0.126600
753997.1	0.234300	0.215900	0.187800	0.212000	0.269600	0.225900	0.166100	0.178600	0.132600
759161.5	0.231200	0.221000	0.188800	0.212000	0.260100	0.230400	0.165400	0.174000	0.131900
764325.8	0.227400	0.221900	0.189700	0.214000	0.251400	0.230500	0.166100	0.172800	0.134400
769490.2	0.225300	0.225200	0.191700	0.218200	0.249600	0.231800	0.166500	0.169500	0.129300
774654.6	0.216300	0.223100	0.190800	0.218300	0.245600	0.232500	0.167100	0.172100	0.136600
779818.9	0.212000	0.225000	0.193000	0.218500	0.239800	0.233100	0.166700	0.170500	0.134200
784983.3	0.212900	0.231400	0.194100	0.220000	0.240000	0.237300	0.168000	0.168000	0.129500
790147.7	0.200000	0.222200	0.189400	0.219100	0.229600	0.231900	0.170300	0.170400	0.136800
795312.0	0.202300	0.232100	0.192700	0.220300	0.229900	0.236600	0.170800	0.168500	0.133100
800476.4	0.204800	0.238500	0.195200	0.220000	0.227800	0.237200	0.172000	0.168200	0.128600
805640.7	0.188800	0.225000	0.191600	0.218000	0.219900	0.229800	0.173900	0.176300	0.139600
810805.1	0.186400	0.225600	0.196600	0.216600	0.217800	0.227400	0.174100	0.173000	0.143200
815969.5	0.190800	0.232600	0.202200	0.217000	0.216800	0.227700	0.175600	0.176100	0.137100
821133.8	0.194400	0.238000	0.200500	0.216600	0.216100	0.228900	0.174600	0.172900	0.138700
826298.2	0.190400	0.232700	0.198300	0.215400	0.215700	0.227500	0.176600	0.177400	0.135800
831462.6	0.193500	0.238800	0.199800	0.213300	0.214700	0.227500	0.175700	0.174000	0.138200
836626.9	0.190900	0.239000	0.197500	0.214000	0.214500	0.227500	0.175200	0.174900	0.136300
841791.3	0.188900	0.232700	0.192800	0.211600	0.210100	0.223200	0.173800	0.176800	0.141300
846955.6	0.200600	0.245300	0.198300	0.211400	0.213600	0.227500	0.176200	0.175000	0.134300
852120.0	0.199200	0.240200	0.197800	0.209900	0.211600	0.224300	0.176000	0.178100	0.141000
857284.4	0.205300	0.237200	0.199300	0.210100	0.212300	0.223500	0.174800	0.178800	0.139500
862448.7	0.228700	0.242000	0.208600	0.208600	0.212600	0.224200	0.175200	0.180700	0.140300
867613.1	0.245800	0.253000	0.221700	0.210400	0.214300	0.228200	0.176700	0.179600	0.133300
872777.5	0.285400	0.253200	0.221900	0.208200	0.213300	0.226200	0.175000	0.181600	0.136400
877941.8	0.270300	0.254800	0.218800	0.204900	0.213600	0.225000	0.175000	0.180400	0.131200
883106.2	0.263000	0.255600	0.217400	0.206600	0.217800	0.228000	0.178200	0.180700	0.135400
888270.6	0.240300	0.247100	0.213000	0.205200	0.214600	0.223100	0.176800	0.183700	0.139200
893434.9	0.251400	0.268200	0.221000	0.205900	0.216100	0.231600	0.174700	0.178900	0.126000
898599.3	0.227800	0.247800	0.213100	0.205300	0.211800	0.226300	0.178100	0.188800	0.140500
903763.6	0.228300	0.251600	0.213200	0.205500	0.210600	0.227800	0.175000	0.191200	0.134900
908928.0	0.234900	0.261200	0.218500	0.206400	0.217200	0.232600	0.176200	0.187200	0.128000
914092.4	0.219800	0.250200	0.215200	0.202600	0.212300	0.226500	0.174300	0.190400	0.132200
919256.7	0.216000	0.252300	0.214100	0.202900	0.211300	0.224700	0.173100	0.187300	0.135100
924421.1	0.219900	0.261300	0.218700	0.203000	0.211200	0.226800	0.173600	0.187600	0.128800
929585.5	0.204900	0.250800	0.213500	0.203400	0.206500	0.222200	0.171500	0.190100	0.135400
934749.8	0.217600	0.262900	0.218200	0.204200	0.207300	0.225200	0.172100	0.188200	0.127500
939914.2	0.212200	0.261100	0.217200	0.203800	0.205200	0.224300	0.172500	0.190300	0.131000
945078.6	0.209000	0.256900	0.213300	0.202500	0.203100	0.221800	0.172800	0.188700	0.135900
950242.9	0.210700	0.258500	0.212300	0.203500	0.203500	0.224000	0.174000	0.191100	0.135300
955407.3	0.211800	0.259900	0.210300	0.202700	0.200100	0.223100	0.174600	0.187800	0.134800
960571.6	0.206100	0.255200	0.208400	0.204600	0.199100	0.222700	0.176500	0.190300	0.134600
965736.0	0.204400	0.255100	0.206700	0.204100	0.196200	0.221100	0.174900	0.192500	0.136800
970900.4	0.213100	0.262100	0.206100	0.199500	0.194700	0.220800	0.172600	0.185500	0.128000
976064.7	0.213700	0.255900	0.204000	0.199100	0.193700	0.219000	0.172300	0.186200	0.131100
981229.1	0.207700	0.252800	0.200500	0.200900	0.193500	0.216300	0.170800	0.188000	0.137800
986393.5	0.211500	0.257300	0.202500	0.200100	0.194600	0.217900	0.172000	0.187800	0.134900
991557.8	0.206100	0.251800	0.198000	0.200100	0.194500	0.216500	0.170800	0.190100	0.138800
996722.2	0.203500	0.250000	0.199000	0.200800	0.194100	0.216500	0.171400	0.190900	0.139800
1001886.5	0.210500	0.258700	0.199600	0.201900	0.194000	0.218500	0.173400	0.188000	0.136900
1007050.9	0.220900	0.261500	0.200900	0.199300	0.195900	0.218700	0.172200	0.186300	0.128100
1012215.3	0.206000	0.245700	0.196700	0.197800	0.193700	0.214400	0.172500	0.194100	0.143900
1017379.6	0.215900	0.257200	0.201100	0.199800	0.199300	0.219100	0.172200	0.187000	0.131600
