VERSION	1200
Time[MSec.]	Ratio	Ratio	Ratio	Ratio	Ratio	Ratio	Ratio	Ratio	Ratio	Ratio
%.1f	%.4f	%.4f	%.4f	%.4f	%.4f	%.4f	%.4f	%.4f	%.4f	%.4f
Time	ROI(1-1)	ROI(1-2)	ROI(1-3)	ROI(1-4)	ROI(1-5)	ROI(1-6)	ROI(1-7)	ROI(1-8)	ROI(1-9)	ROI(1-10)
GraphNo	1	2	3	4	5	6	7	8	9	10
0.0	0.243900	0.196900	0.245200	0.192300	0.128300	0.234200	0.185100	0.113600	0.149200	0.223500
5095.5	0.248600	0.192200	0.239000	0.196400	0.132800	0.238900	0.182600	0.122900	0.164100	0.220300
10191.0	0.246100	0.192100	0.240100	0.195300	0.130800	0.236800	0.181700	0.117300	0.164100	0.218700
15286.5	0.246900	0.195400	0.246100	0.196900	0.130200	0.235800	0.183900	0.117600	0.161800	0.218800
20382.0	0.240700	0.193500	0.246000	0.191200	0.126600	0.233700	0.185500	0.113400	0.153900	0.216900
25477.5	0.243000	0.192600	0.242100	0.196300	0.128200	0.235100	0.182100	0.116300	0.160400	0.219000
30573.0	0.239400	0.196600	0.240200	0.191700	0.126200	0.234000	0.182500	0.114300	0.160000	0.218800
35668.5	0.237800	0.199000	0.239100	0.191900	0.127100	0.233500	0.182800	0.115200	0.159100	0.218500
40764.0	0.235900	0.200900	0.234900	0.192300	0.125800	0.231100	0.181200	0.116300	0.158300	0.218800
45859.5	0.233800	0.208300	0.234900	0.191500	0.125800	0.229400	0.183200	0.115100	0.159300	0.218300
50955.1	0.234200	0.201100	0.228400	0.191200	0.124000	0.228200	0.178800	0.113300	0.154600	0.215300
56050.6	0.233300	0.200300	0.228400	0.190100	0.123600	0.226600	0.179300	0.113400	0.156800	0.215000
61146.1	0.236700	0.197900	0.223300	0.196800	0.126600	0.229000	0.176600	0.116900	0.159200	0.212900
66241.6	0.230000	0.198200	0.229100	0.191000	0.122400	0.226600	0.180100	0.110700	0.152300	0.214400
71337.1	0.234400	0.193100	0.223700	0.189000	0.124600	0.226600	0.177200	0.113000	0.159700	0.211600
76432.6	0.236600	0.191400	0.222100	0.193400	0.126600	0.227500	0.176000	0.121200	0.169200	0.209100
81528.1	0.234100	0.191600	0.227700	0.187600	0.123600	0.223300	0.178400	0.113700	0.159400	0.210400
86623.6	0.237700	0.191200	0.227900	0.188400	0.123900	0.222600	0.178500	0.114300	0.156900	0.212200
91719.1	0.238300	0.189100	0.225600	0.189300	0.124300	0.220100	0.177400	0.113200	0.154800	0.212500
96814.6	0.235500	0.191100	0.231900	0.188000	0.124500	0.219700	0.181100	0.113600	0.153200	0.214900
101910.1	0.237400	0.188300	0.221500	0.188300	0.128200	0.221900	0.177500	0.119100	0.160400	0.213600
107005.6	0.235800	0.186600	0.221700	0.185700	0.126400	0.218800	0.175200	0.118500	0.159900	0.211900
112101.1	0.230900	0.187000	0.221300	0.179300	0.125100	0.212800	0.175700	0.112600	0.150100	0.211300
117196.6	0.230000	0.188000	0.219900	0.178100	0.126400	0.210900	0.175100	0.115600	0.151000	0.209000
122292.1	0.226300	0.186400	0.219200	0.172100	0.123000	0.206600	0.175100	0.112500	0.145800	0.208400
127387.6	0.224000	0.184900	0.220000	0.172700	0.123400	0.205600	0.174600	0.110900	0.142200	0.208900
132483.2	0.223200	0.183000	0.215800	0.173000	0.124000	0.202500	0.172500	0.116400	0.148900	0.206800
137578.7	0.219800	0.182100	0.216400	0.168300	0.121400	0.196900	0.173500	0.113200	0.144400	0.207800
142674.2	0.217300	0.180900	0.213800	0.167700	0.122400	0.195100	0.171600	0.113900	0.144100	0.209000
147769.7	0.213700	0.179600	0.213700	0.168500	0.123200	0.192000	0.172400	0.115500	0.146300	0.208600
152865.2	0.211700	0.180300	0.215300	0.167800	0.122100	0.190600	0.172400	0.113400	0.141000	0.208400
157960.7	0.212200	0.179600	0.216500	0.167000	0.122200	0.189100	0.172200	0.115300	0.152100	0.206800
163056.2	0.209100	0.177800	0.212900	0.166100	0.121000	0.188200	0.170400	0.112200	0.146700	0.203300
168151.7	0.211400	0.180800	0.216800	0.165200	0.121400	0.186600	0.173200	0.111200	0.142400	0.209300
173247.2	0.206400	0.179700	0.219100	0.158800	0.119500	0.183900	0.174900	0.106400	0.134200	0.209200
178342.7	0.208400	0.178200	0.213400	0.164300	0.122900	0.183200	0.172400	0.112900	0.138200	0.206700
183438.2	0.206900	0.177200	0.214600	0.160900	0.120400	0.179900	0.172900	0.109300	0.133000	0.204300
188533.7	0.203700	0.179300	0.220200	0.157800	0.120800	0.177100	0.175200	0.108600	0.129400	0.206100
193629.2	0.202800	0.179500	0.223800	0.159300	0.120200	0.176300	0.176600	0.108400	0.127600	0.206700
198724.7	0.204700	0.178700	0.226700	0.161100	0.121800	0.175800	0.178900	0.110800	0.129100	0.206900
203820.2	0.210100	0.179300	0.223000	0.171600	0.129000	0.179600	0.176100	0.118200	0.136100	0.211000
208915.7	0.206100	0.181900	0.236600	0.171600	0.128200	0.177100	0.183100	0.113100	0.130200	0.216700
214011.2	0.209000	0.182300	0.238900	0.181300	0.135400	0.179100	0.185800	0.125200	0.140700	0.222400
219106.8	0.211300	0.182900	0.247900	0.182900	0.136500	0.178400	0.190100	0.126800	0.141600	0.228300
224202.3	0.209200	0.185100	0.261400	0.183700	0.137800	0.178400	0.195600	0.123800	0.140000	0.240500
229297.8	0.212000	0.185200	0.262500	0.193200	0.144900	0.181300	0.197900	0.132600	0.147900	0.250700
234393.3	0.211600	0.186500	0.274700	0.193300	0.149100	0.182300	0.204500	0.136100	0.148200	0.266400
239488.8	0.215500	0.187100	0.275600	0.198300	0.154000	0.183600	0.204500	0.141400	0.150400	0.274500
244584.3	0.214700	0.189100	0.286200	0.198500	0.157400	0.184500	0.210000	0.144600	0.152200	0.280500
249679.8	0.215300	0.190700	0.296700	0.196000	0.157600	0.184900	0.214100	0.139100	0.145400	0.285500
254775.3	0.216000	0.189600	0.295900	0.202000	0.165500	0.186100	0.213200	0.153800	0.154500	0.289500
259870.8	0.213300	0.193500	0.312000	0.194900	0.163300	0.184300	0.222400	0.146800	0.145300	0.296100
264966.3	0.215200	0.194900	0.316300	0.194800	0.166000	0.183700	0.224300	0.150700	0.146900	0.295800
270061.8	0.214500	0.194300	0.320500	0.193400	0.168100	0.183000	0.226400	0.156100	0.148100	0.292900
275157.3	0.212800	0.192700	0.321900	0.193200	0.168000	0.183400	0.226800	0.151400	0.144000	0.292500
280252.8	0.213700	0.190100	0.314300	0.195700	0.173500	0.183200	0.222500	0.163700	0.153000	0.285900
285348.3	0.211700	0.192100	0.321600	0.194800	0.172600	0.183800	0.227400	0.158600	0.146700	0.286900
290443.8	0.208400	0.191900	0.328200	0.188100	0.170100	0.182200	0.228900	0.151800	0.140600	0.283300
295539.3	0.213200	0.193500	0.328000	0.195100	0.176600	0.183800	0.230700	0.163500	0.148400	0.283700
300634.8	0.211100	0.193700	0.333200	0.188000	0.174800	0.182300	0.231800	0.157300	0.142800	0.282400
305730.3	0.211600	0.193500	0.330200	0.189300	0.178000	0.182700	0.229200	0.163600	0.146600	0.280800
310825.9	0.212400	0.191800	0.329200	0.189400	0.178200	0.180900	0.228900	0.159400	0.142700	0.278400
315921.4	0.208900	0.193400	0.333000	0.186700	0.174400	0.180100	0.230000	0.156500	0.140900	0.278300
321016.9	0.205600	0.193000	0.337700	0.183500	0.174800	0.179700	0.231300	0.154400	0.137700	0.277300
326112.4	0.205800	0.190000	0.334000	0.183700	0.175700	0.178000	0.227900	0.153600	0.138700	0.273500
331207.9	0.209700	0.188500	0.321100	0.189100	0.180400	0.181000	0.223900	0.164300	0.145700	0.270900
336303.4	0.205800	0.189900	0.328500	0.184600	0.175300	0.177500	0.226200	0.153200	0.137500	0.269300
341398.9	0.204800	0.190800	0.329400	0.182400	0.174100	0.176900	0.227400	0.151300	0.135900	0.269800
346494.4	0.208300	0.188500	0.325600	0.182300	0.177900	0.177300	0.224800	0.161700	0.143200	0.266700
351589.9	0.206100	0.187200	0.321400	0.180900	0.175800	0.176200	0.223600	0.156400	0.139800	0.263100
356685.4	0.207700	0.187900	0.318300	0.179000	0.177700	0.176000	0.223200	0.159100	0.140800	0.261200
361780.9	0.201100	0.187600	0.317300	0.175800	0.175700	0.175200	0.222700	0.155000	0.138100	0.259300
366876.4	0.199400	0.187100	0.315000	0.171000	0.171000	0.173700	0.221200	0.148500	0.133700	0.257500
371971.9	0.199900	0.184000	0.311200	0.168600	0.170700	0.172200	0.217700	0.151600	0.136500	0.254100
377067.4	0.196900	0.186400	0.312100	0.164300	0.171800	0.173800	0.219300	0.149900	0.134900	0.255600
382162.9	0.200900	0.185000	0.303000	0.165200	0.173300	0.173900	0.215400	0.154100	0.138500	0.252400
387258.4	0.198000	0.185500	0.305800	0.160400	0.173800	0.173400	0.217000	0.151200	0.136100	0.252800
392353.9	0.201000	0.183100	0.299400	0.162600	0.175800	0.173400	0.214700	0.159700	0.142600	0.250400
397449.4	0.199900	0.184300	0.302600	0.159000	0.171300	0.172000	0.215600	0.151400	0.136100	0.250800
402545.0	0.198800	0.183200	0.302400	0.156200	0.171800	0.171600	0.215500	0.154400	0.137400	0.248700
407640.5	0.198800	0.184300	0.302400	0.155000	0.171300	0.171100	0.216000	0.148800	0.134600	0.249000
412736.0	0.195900	0.183900	0.301900	0.152600	0.170100	0.170300	0.217200	0.148900	0.134400	0.248800
417831.5	0.198200	0.184300	0.298000	0.153500	0.173200	0.171300	0.215300	0.153100	0.137900	0.247900
422927.0	0.196300	0.185900	0.296200	0.153500	0.171900	0.170400	0.216400	0.150000	0.135300	0.247500
428022.5	0.198000	0.182200	0.290500	0.152800	0.172300	0.170100	0.215000	0.154600	0.138900	0.246000
433118.0	0.195900	0.184900	0.294400	0.152100	0.169700	0.170700	0.216900	0.151300	0.136400	0.247100
438213.5	0.196600	0.183700	0.291300	0.151700	0.171100	0.169400	0.216400	0.151800	0.135700	0.246300
443309.0	0.199000	0.183600	0.290200	0.151200	0.170700	0.169900	0.215300	0.155400	0.138800	0.246100
448404.5	0.196500	0.184300	0.293200	0.148400	0.167900	0.168500	0.216700	0.148500	0.134200	0.245400
453500.0	0.192300	0.182700	0.291800	0.146600	0.164600	0.166300	0.215100	0.142800	0.130500	0.243600
458595.5	0.198500	0.180200	0.283800	0.150000	0.170000	0.166500	0.212200	0.151800	0.136700	0.241500
463691.0	0.195100	0.181200	0.288600	0.145900	0.167100	0.165100	0.212300	0.146900	0.134000	0.241800
468786.5	0.194000	0.179700	0.286000	0.145000	0.165900	0.164900	0.210700	0.149300	0.135000	0.239300
473882.0	0.194300	0.178400	0.280600	0.147600	0.168400	0.164600	0.208600	0.150000	0.136100	0.238600
478977.5	0.193000	0.179600	0.281100	0.147400	0.169900	0.164500	0.209700	0.150000	0.135700	0.239200
484073.0	0.192100	0.179800	0.279700	0.146100	0.166000	0.163200	0.208400	0.147300	0.134200	0.238000
489168.5	0.193200	0.177300	0.277400	0.145600	0.167000	0.161600	0.206700	0.148800	0.134100	0.235500
494264.0	0.194100	0.175900	0.269100	0.149100	0.169300	0.163500	0.203600	0.155400	0.140400	0.234600
499359.6	0.192600	0.177300	0.275700	0.145700	0.167200	0.161500	0.205500	0.148300	0.134700	0.235700
504455.1	0.191600	0.177200	0.274000	0.144900	0.166600	0.161300	0.205200	0.151600	0.136700	0.234900
509550.6	0.187700	0.177600	0.278900	0.142000	0.160600	0.159000	0.207000	0.138000	0.127700	0.235500
514646.1	0.189200	0.176000	0.273200	0.143900	0.163600	0.159100	0.203800	0.146600	0.132900	0.234200
519741.6	0.189100	0.176400	0.270600	0.145000	0.164500	0.160100	0.202600	0.148400	0.134700	0.233500
524837.1	0.190400	0.177100	0.271500	0.143600	0.162900	0.158500	0.202400	0.147800	0.135100	0.232500
529932.6	0.186900	0.176600	0.273000	0.142700	0.160700	0.157500	0.203900	0.144300	0.131300	0.232800
535028.1	0.184800	0.176100	0.276800	0.139300	0.158300	0.155500	0.205100	0.138400	0.126400	0.233300
540123.6	0.190900	0.173800	0.262200	0.145600	0.164600	0.157400	0.197700	0.149200	0.135200	0.229500
545219.1	0.187400	0.174100	0.267300	0.140600	0.159900	0.154900	0.200000	0.142500	0.130200	0.229400
550314.6	0.189600	0.174600	0.265100	0.142200	0.161900	0.156300	0.199000	0.146900	0.133100	0.229300
555410.1	0.186000	0.174700	0.265500	0.141100	0.158400	0.153800	0.199400	0.143900	0.130400	0.228100
560505.6	0.188100	0.173500	0.261500	0.143200	0.160200	0.154700	0.196700	0.149300	0.134600	0.227300
565601.1	0.185900	0.173000	0.261800	0.140300	0.158300	0.153000	0.197800	0.141700	0.130100	0.227000
570696.6	0.186900	0.172000	0.260300	0.141700	0.159600	0.152700	0.195900	0.142600	0.130700	0.226800
575792.1	0.185900	0.174700	0.256900	0.143000	0.162800	0.153600	0.194000	0.147300	0.135000	0.225900
580887.6	0.182700	0.176200	0.262100	0.139700	0.157600	0.152700	0.197500	0.141100	0.130200	0.227200
585983.1	0.181100	0.174600	0.261200	0.137100	0.154300	0.149200	0.196400	0.135000	0.125100	0.224800
591078.7	0.181000	0.177000	0.263300	0.136700	0.154100	0.150100	0.199000	0.133300	0.125200	0.226600
596174.2	0.182100	0.173000	0.253700	0.140300	0.156000	0.150800	0.192800	0.138600	0.128300	0.223100
601269.7	0.181400	0.175100	0.263700	0.137400	0.152900	0.149100	0.197200	0.137100	0.126800	0.224800
606365.2	0.180000	0.174000	0.258300	0.138100	0.154000	0.149100	0.195200	0.135000	0.126800	0.223600
611460.7	0.178700	0.174900	0.258200	0.136400	0.152700	0.148600	0.196100	0.134900	0.125200	0.223100
616556.2	0.180500	0.173900	0.254500	0.138600	0.155700	0.148600	0.193200	0.137800	0.128400	0.221800
621651.7	0.183100	0.171200	0.247400	0.140700	0.156900	0.149400	0.190800	0.146100	0.133800	0.220100
626747.2	0.180300	0.171800	0.254200	0.137300	0.153100	0.147300	0.191700	0.137300	0.127400	0.220300
631842.7	0.179300	0.171700	0.249000	0.138100	0.154000	0.147200	0.190100	0.134300	0.126100	0.220500
636938.2	0.180800	0.172300	0.249100	0.138900	0.152800	0.146700	0.190500	0.138500	0.128500	0.219400
642033.7	0.177800	0.171700	0.246600	0.138300	0.152400	0.147000	0.188700	0.134700	0.125800	0.219800
647129.2	0.176400	0.171400	0.251200	0.135500	0.149100	0.145900	0.191100	0.134200	0.125200	0.219900
652224.7	0.175100	0.172200	0.251100	0.135000	0.148500	0.145200	0.190700	0.131600	0.124500	0.219200
657320.2	0.177700	0.170000	0.241800	0.140500	0.154700	0.147100	0.185600	0.141000	0.131000	0.217400
662415.7	0.177300	0.171700	0.247100	0.137000	0.150300	0.145100	0.188800	0.135800	0.127000	0.218700
667511.2	0.174400	0.171400	0.248300	0.136100	0.148400	0.144200	0.189200	0.133100	0.124700	0.219300
672606.7	0.175900	0.171100	0.243500	0.140500	0.150200	0.145300	0.186600	0.138700	0.129400	0.218700
677702.2	0.182100	0.166900	0.231500	0.143300	0.155600	0.146700	0.181000	0.149400	0.137200	0.214500
682797.7	0.177700	0.168600	0.235600	0.138700	0.151700	0.144500	0.183000	0.141700	0.131100	0.214500
687893.3	0.176200	0.168100	0.239800	0.137700	0.148200	0.143900	0.185400	0.136700	0.127900	0.215900
692988.8	0.174100	0.168000	0.237900	0.137800	0.149100	0.143700	0.183400	0.137200	0.129000	0.215700
698084.3	0.175400	0.168800	0.235900	0.137800	0.148800	0.143500	0.183100	0.132100	0.125800	0.216200
703179.8	0.175600	0.167000	0.233300	0.138400	0.148500	0.142400	0.181400	0.139400	0.130500	0.213200
708275.3	0.173100	0.168100	0.240800	0.134200	0.145300	0.141700	0.183900	0.130700	0.123100	0.214800
713370.8	0.172200	0.168400	0.237600	0.135100	0.146500	0.142100	0.183300	0.133500	0.125700	0.214700
718466.3	0.176600	0.165600	0.229500	0.136900	0.148300	0.142500	0.178800	0.140200	0.131700	0.210900
723561.8	0.172600	0.165700	0.229500	0.137800	0.148400	0.142200	0.178700	0.140600	0.130600	0.211700
728657.3	0.171600	0.167800	0.230900	0.135400	0.146300	0.140600	0.179800	0.131900	0.125600	0.212600
733752.8	0.171500	0.168300	0.234200	0.133300	0.143900	0.140200	0.180000	0.133100	0.125500	0.212300
738848.3	0.173800	0.166500	0.228300	0.134200	0.146700	0.141000	0.178200	0.133400	0.125900	0.211700
743943.8	0.168200	0.169000	0.235800	0.133400	0.141600	0.139300	0.180400	0.129100	0.123200	0.212600
749039.3	0.171300	0.167600	0.231200	0.133200	0.141500	0.139000	0.178700	0.126200	0.121100	0.211400
754134.8	0.168600	0.165700	0.230700	0.131300	0.141400	0.138800	0.179300	0.128200	0.122500	0.210800
759230.3	0.169400	0.165400	0.229200	0.133700	0.142700	0.138900	0.176800	0.130100	0.124400	0.209800
764325.8	0.169300	0.165800	0.225600	0.133700	0.141000	0.139100	0.176500	0.128500	0.123200	0.209900
769421.3	0.169000	0.165800	0.230400	0.130600	0.139300	0.136900	0.177300	0.126900	0.121200	0.209300
774516.8	0.169000	0.168100	0.230900	0.132900	0.140300	0.138600	0.177300	0.129500	0.124500	0.210100
779612.3	0.167000	0.165900	0.228400	0.132000	0.138800	0.136400	0.176400	0.125600	0.121300	0.209400
784707.8	0.169200	0.165700	0.224300	0.132800	0.139400	0.137200	0.175100	0.125100	0.120500	0.208700
789803.4	0.168300	0.164800	0.225100	0.130600	0.137500	0.135500	0.175600	0.123800	0.119800	0.207400
794898.9	0.169000	0.164400	0.221000	0.133700	0.139900	0.136900	0.173200	0.130900	0.124900	0.207500
799994.4	0.167700	0.162600	0.221300	0.134000	0.140900	0.137100	0.173000	0.131300	0.126200	0.207000
805089.9	0.166400	0.164000	0.222100	0.129900	0.136500	0.134900	0.174200	0.125300	0.120700	0.207000
810185.4	0.165100	0.164400	0.222300	0.130300	0.137000	0.134800	0.173900	0.125800	0.121500	0.206700
815280.9	0.168100	0.161600	0.217700	0.131200	0.139100	0.134800	0.171900	0.127200	0.122400	0.205400
820376.4	0.165500	0.164600	0.221200	0.132400	0.137500	0.135800	0.174300	0.128800	0.124400	0.207800
825471.9	0.166300	0.163900	0.220600	0.129800	0.135500	0.133900	0.172300	0.126700	0.121600	0.206200
830567.4	0.166000	0.161900	0.215300	0.132300	0.138000	0.134800	0.170100	0.127800	0.123500	0.204600
835662.9	0.165700	0.162500	0.217400	0.132300	0.136600	0.133700	0.171400	0.128400	0.123800	0.205000
840758.4	0.167100	0.162700	0.214300	0.133000	0.138400	0.135300	0.170200	0.128800	0.124800	0.204600
845853.9	0.165300	0.161100	0.215200	0.130300	0.136400	0.134100	0.170300	0.126500	0.122600	0.204100
850949.4	0.163900	0.162700	0.218100	0.128400	0.133000	0.132400	0.170600	0.123800	0.119500	0.203600
856044.9	0.167300	0.162500	0.211600	0.132200	0.139000	0.134300	0.168600	0.131000	0.125800	0.203700
861140.4	0.162300	0.163300	0.216500	0.129100	0.134300	0.133200	0.170000	0.124400	0.121400	0.203900
866235.9	0.162300	0.162200	0.215400	0.129800	0.134700	0.133600	0.170100	0.124600	0.121700	0.203500
871331.4	0.162400	0.161600	0.211500	0.130800	0.134200	0.133500	0.168700	0.127400	0.122700	0.202600
876426.9	0.165000	0.160500	0.209100	0.129100	0.135600	0.132700	0.167100	0.128900	0.124500	0.200600
881522.4	0.163600	0.160800	0.209600	0.130100	0.135600	0.132500	0.167300	0.126200	0.122900	0.201300
886617.9	0.164800	0.160600	0.208800	0.131100	0.134500	0.133300	0.166600	0.130300	0.126300	0.200200
891713.5	0.159600	0.160500	0.211100	0.127400	0.131900	0.132000	0.167500	0.120700	0.119600	0.201700
896809.0	0.166400	0.159900	0.207000	0.131200	0.134000	0.133500	0.166300	0.125300	0.123600	0.201600
901904.5	0.160600	0.159700	0.208200	0.128800	0.132200	0.132000	0.166800	0.123900	0.121500	0.201100
907000.0	0.161500	0.160800	0.209700	0.129400	0.132700	0.132100	0.167000	0.123300	0.120000	0.201100
912095.5	0.159100	0.161800	0.212100	0.128500	0.131000	0.132400	0.168800	0.122600	0.120400	0.202600
917191.0	0.163000	0.159400	0.206800	0.127700	0.130600	0.130800	0.165700	0.125200	0.121500	0.199600
922286.5	0.161100	0.159400	0.207300	0.126900	0.129900	0.131500	0.166600	0.122200	0.120600	0.201000
927382.0	0.161300	0.158500	0.203700	0.128700	0.130800	0.131900	0.164400	0.123300	0.121200	0.200700
932477.5	0.164900	0.158500	0.202900	0.129800	0.132100	0.132000	0.164200	0.127900	0.125000	0.199300
937573.0	0.158700	0.159100	0.204700	0.126700	0.129200	0.131200	0.166300	0.120900	0.119200	0.200600
942668.5	0.158400	0.160400	0.207500	0.126400	0.127600	0.130000	0.165800	0.120200	0.118000	0.199600
947764.0	0.163600	0.160100	0.204000	0.127200	0.130100	0.130600	0.165300	0.125000	0.122500	0.198900
952859.5	0.159000	0.158200	0.202500	0.125400	0.128600	0.129900	0.164000	0.121300	0.119500	0.198300
957955.0	0.157400	0.158200	0.201100	0.126000	0.128600	0.129700	0.164100	0.122300	0.120400	0.198000
963050.5	0.156500	0.160700	0.208000	0.123200	0.124600	0.129000	0.166200	0.114500	0.114200	0.199900
968146.0	0.159100	0.160200	0.205000	0.125100	0.128000	0.130000	0.165600	0.120700	0.119700	0.198300
973241.5	0.160400	0.157700	0.199400	0.126600	0.129100	0.130000	0.162800	0.122000	0.121000	0.197100
978337.0	0.157400	0.159300	0.206100	0.124700	0.126200	0.128800	0.165600	0.117600	0.117600	0.198300
983432.5	0.157100	0.156800	0.199700	0.125100	0.125900	0.128500	0.162900	0.117600	0.117000	0.196500
988528.1	0.159200	0.157900	0.198200	0.125300	0.128800	0.130100	0.163000	0.121600	0.120500	0.196700
993623.6	0.159100	0.157900	0.195600	0.125900	0.127000	0.129600	0.161000	0.120200	0.119700	0.195800
998719.1	0.160800	0.157200	0.196900	0.125900	0.127700	0.129600	0.162000	0.120900	0.120600	0.196000
1003814.6	0.161200	0.155000	0.193400	0.126100	0.129000	0.129000	0.159800	0.122600	0.122000	0.194100
1008910.1	0.156300	0.157900	0.195700	0.125500	0.126600	0.130200	0.161700	0.123400	0.121900	0.195200
1014005.6	0.157400	0.156700	0.196400	0.123500	0.124900	0.128800	0.161100	0.118300	0.118000	0.194900
1019101.1	0.156000	0.159800	0.200600	0.124300	0.125100	0.129600	0.164100	0.119600	0.120000	0.196800
1024196.6	0.157900	0.158400	0.198700	0.123500	0.125600	0.129200	0.162200	0.117500	0.118100	0.196100
1029292.1	0.153900	0.157200	0.197100	0.122600	0.123800	0.128400	0.162000	0.115700	0.117200	0.195000
1034387.6	0.154800	0.158300	0.197200	0.121600	0.123700	0.128000	0.161600	0.113800	0.114500	0.195000
1039483.1	0.157200	0.157500	0.194600	0.123300	0.125600	0.128500	0.160000	0.117400	0.119100	0.194100
1044578.6	0.155600	0.155100	0.194400	0.122600	0.123400	0.127700	0.159900	0.115800	0.116900	0.193400
1049674.1	0.157600	0.156000	0.191000	0.126000	0.128200	0.129200	0.158600	0.122500	0.122300	0.191700
1054769.6	0.154300	0.157300	0.197300	0.120500	0.122200	0.128100	0.161700	0.115300	0.116100	0.194500
1059865.1	0.155300	0.156000	0.193300	0.122900	0.122100	0.127900	0.159400	0.115500	0.116500	0.192700
1064960.6	0.154400	0.158900	0.196400	0.122100	0.123000	0.127500	0.160700	0.113900	0.116200	0.194600
1070056.1	0.153600	0.155000	0.192000	0.122700	0.122600	0.127100	0.158500	0.115800	0.117400	0.193200
1075151.6	0.151100	0.158300	0.199100	0.117800	0.118900	0.126400	0.162500	0.109500	0.111900	0.194100
1080247.1	0.156600	0.154800	0.187200	0.124500	0.125300	0.127800	0.156500	0.119900	0.120600	0.191300
1085342.6	0.151700	0.156500	0.193500	0.119500	0.119800	0.127200	0.159900	0.111100	0.113700	0.192800
1090438.1	0.152300	0.156500	0.192100	0.119600	0.122000	0.127100	0.159600	0.114600	0.116400	0.191800
1095533.7	0.156000	0.154700	0.187300	0.122200	0.122800	0.127800	0.157500	0.117900	0.118900	0.190900
1100629.2	0.153700	0.155300	0.189600	0.120300	0.121100	0.126100	0.157100	0.111300	0.114300	0.190600
1105724.7	0.150200	0.155600	0.193500	0.118000	0.118000	0.125500	0.159100	0.108600	0.111400	0.190900
1110820.2	0.153300	0.155600	0.188500	0.120900	0.121900	0.126900	0.157100	0.113800	0.116100	0.190500
1115915.7	0.151500	0.154700	0.189100	0.119500	0.120500	0.126800	0.157500	0.113300	0.115500	0.190300
1121011.2	0.153800	0.156000	0.189800	0.121100	0.122200	0.127200	0.157700	0.116100	0.118500	0.191000
1126106.7	0.152700	0.153400	0.186600	0.119900	0.122200	0.127700	0.156100	0.118200	0.119300	0.189000
1131202.2	0.155700	0.154700	0.185900	0.122500	0.122100	0.127500	0.155900	0.118700	0.119900	0.187700
1136297.7	0.149600	0.156900	0.192400	0.116200	0.118000	0.125500	0.159000	0.109400	0.112200	0.189900
1141393.2	0.151400	0.156000	0.189100	0.118100	0.118400	0.125900	0.156900	0.111700	0.114800	0.188100
1146488.7	0.153200	0.155100	0.184900	0.120500	0.120700	0.126600	0.155700	0.116300	0.118200	0.187500
1151584.2	0.150100	0.155400	0.188600	0.118100	0.117600	0.126100	0.156300	0.109200	0.112700	0.188700
1156679.7	0.150000	0.154300	0.186600	0.118100	0.117400	0.125800	0.156100	0.109800	0.113100	0.187200
1161775.2	0.150200	0.153700	0.186600	0.117100	0.118200	0.125100	0.155300	0.110800	0.114400	0.187200
1166870.7	0.150400	0.153500	0.184400	0.118300	0.119400	0.126400	0.154800	0.112300	0.115800	0.186400
1171966.2	0.149100	0.156000	0.189500	0.116100	0.116200	0.125100	0.157100	0.107900	0.112200	0.187300
1177061.7	0.148700	0.154600	0.189200	0.114800	0.114500	0.123700	0.157000	0.106100	0.110100	0.186700
1182157.2	0.147200	0.156100	0.191700	0.116500	0.115900	0.124700	0.157700	0.107700	0.111200	0.187400
1187252.7	0.153300	0.155900	0.187100	0.120900	0.121400	0.126400	0.155900	0.115100	0.118200	0.187900
1192348.3	0.151100	0.158500	0.192000	0.119400	0.120200	0.125300	0.158400	0.112600	0.116100	0.188800
1197443.8	0.154600	0.160200	0.192000	0.119700	0.120500	0.125700	0.159400	0.112300	0.116200	0.190200
1202539.3	0.147900	0.160500	0.199100	0.117000	0.117600	0.125200	0.161800	0.109000	0.113300	0.191300
1207634.8	0.155200	0.159900	0.191900	0.120600	0.122100	0.124600	0.157500	0.116600	0.120300	0.189100
1212730.3	0.150700	0.159500	0.193800	0.119600	0.120200	0.124800	0.158000	0.114200	0.118000	0.189600
1217825.8	0.151700	0.158400	0.190200	0.122100	0.122500	0.126300	0.157400	0.115300	0.119800	0.190600
1222921.3	0.156100	0.159100	0.189400	0.121200	0.123800	0.126000	0.156500	0.118100	0.121100	0.188100
1228016.8	0.153300	0.160400	0.189600	0.121000	0.121200	0.124900	0.155800	0.113200	0.118000	0.188900
1233112.3	0.152200	0.161400	0.195200	0.120100	0.120800	0.128100	0.158700	0.113900	0.121400	0.196000
1238207.8	0.155500	0.160700	0.193900	0.125100	0.124800	0.138600	0.159700	0.124300	0.142700	0.210300
1243303.3	0.156800	0.163100	0.205000	0.127800	0.128300	0.155000	0.167100	0.131500	0.167700	0.235500
1248398.8	0.159900	0.163300	0.213300	0.129700	0.129100	0.171800	0.172700	0.133800	0.194200	0.256900
1253494.3	0.165000	0.165200	0.222100	0.136500	0.134600	0.195700	0.180800	0.148000	0.224000	0.276200
1258589.8	0.173700	0.166800	0.231500	0.140200	0.138800	0.220400	0.190600	0.155700	0.247400	0.292300
1263685.3	0.177200	0.167600	0.242600	0.148300	0.144900	0.246500	0.197800	0.166800	0.268300	0.306900
1268780.8	0.181100	0.168400	0.253200	0.152800	0.148900	0.266400	0.210100	0.173100	0.282700	0.320400
1273876.3	0.190000	0.170400	0.262400	0.159700	0.151600	0.282800	0.218700	0.184300	0.297100	0.329200
1278971.8	0.195000	0.170900	0.268200	0.166800	0.155200	0.300700	0.226700	0.185800	0.305300	0.342200
1284067.3	0.198700	0.172500	0.282400	0.169600	0.157100	0.311500	0.239000	0.189500	0.312900	0.354000
1289162.8	0.200300	0.173500	0.289700	0.168900	0.156600	0.314700	0.247500	0.188500	0.312800	0.358200
1294258.3	0.209800	0.175300	0.295700	0.175500	0.162400	0.321300	0.254700	0.196300	0.326500	0.365000
1299353.9	0.218100	0.174200	0.302300	0.178600	0.164400	0.324100	0.259900	0.200300	0.329200	0.368200
1304449.4	0.226000	0.175400	0.312400	0.180900	0.169400	0.325000	0.266900	0.208100	0.337400	0.371400
1309544.9	0.227400	0.175900	0.315500	0.186400	0.172100	0.326100	0.268000	0.208900	0.342300	0.372400
1314640.4	0.231700	0.178400	0.323800	0.187900	0.172200	0.324700	0.275300	0.210900	0.345100	0.379700
1319735.9	0.233600	0.179800	0.334900	0.189900	0.171300	0.321600	0.280900	0.206100	0.340900	0.383700
1324831.4	0.244500	0.179200	0.331300	0.196200	0.178600	0.324800	0.280800	0.218800	0.354100	0.381700
1329926.9	0.246400	0.182200	0.344000	0.193300	0.178100	0.325700	0.288000	0.215600	0.349000	0.387600
1335022.4	0.253500	0.181300	0.342600	0.193100	0.181000	0.321900	0.285100	0.214800	0.349200	0.383900
1340117.9	0.258800	0.183200	0.344200	0.193300	0.185100	0.323300	0.283800	0.222500	0.357700	0.382100
1345213.4	0.257500	0.183700	0.353900	0.189500	0.178300	0.320300	0.288400	0.212100	0.345200	0.386600
1350308.9	0.259300	0.184400	0.360200	0.188800	0.180200	0.319100	0.286300	0.210200	0.341600	0.389300
1355404.4	0.264200	0.183000	0.360400	0.189700	0.180800	0.316900	0.284800	0.215300	0.343500	0.385100
1360499.9	0.268700	0.183700	0.361500	0.192200	0.185600	0.319200	0.285900	0.225200	0.352800	0.386000
1365595.4	0.265700	0.183800	0.366600	0.188100	0.182000	0.312500	0.284800	0.215600	0.340400	0.382400
1370690.9	0.268000	0.183700	0.366300	0.189900	0.184600	0.318000	0.283700	0.218900	0.343500	0.383400
1375786.4	0.269900	0.186300	0.378900	0.187300	0.182000	0.317200	0.288900	0.213700	0.338700	0.389800
1380881.9	0.274300	0.183500	0.369400	0.189700	0.186600	0.316400	0.280900	0.228700	0.352300	0.386000
1385977.4	0.275700	0.185400	0.382300	0.189100	0.182100	0.317700	0.287000	0.213800	0.337700	0.391100
1391072.9	0.276700	0.184500	0.382100	0.188200	0.181200	0.313800	0.282300	0.218200	0.339300	0.388600
1396168.5	0.268400	0.181300	0.376300	0.182700	0.174900	0.304200	0.275900	0.209100	0.327400	0.383100
1401264.0	0.266800	0.177700	0.369000	0.179600	0.172300	0.301700	0.270300	0.202900	0.318100	0.377100
1406359.5	0.275200	0.181900	0.371800	0.185200	0.176000	0.307100	0.270300	0.211800	0.328900	0.384600
1411455.0	0.273000	0.183100	0.371700	0.183600	0.174100	0.303400	0.272300	0.206600	0.318800	0.382600
1416550.5	0.275300	0.182200	0.360200	0.189500	0.181500	0.299000	0.262100	0.220500	0.322000	0.373600
1421646.0	0.258100	0.181800	0.366900	0.176000	0.172100	0.277500	0.256700	0.198200	0.283600	0.360300
1426741.5	0.254600	0.178700	0.356700	0.170000	0.169300	0.257900	0.244200	0.190900	0.262000	0.341700
1431837.0	0.254600	0.180600	0.337700	0.170600	0.168900	0.248400	0.234600	0.191300	0.251600	0.329500
1436932.5	0.248900	0.182400	0.333700	0.163000	0.164700	0.230800	0.225600	0.182000	0.228900	0.309300
1442028.0	0.238900	0.183000	0.322200	0.157400	0.159800	0.215100	0.218000	0.170400	0.206200	0.293700
1447123.5	0.235800	0.178800	0.305200	0.154200	0.159500	0.199900	0.205800	0.168600	0.197700	0.272200
1452219.0	0.228000	0.180600	0.296800	0.149500	0.154200	0.188400	0.200300	0.162900	0.185700	0.261400
1457314.5	0.221600	0.179900	0.289600	0.142500	0.149900	0.181000	0.195300	0.151100	0.172800	0.251300
1462410.0	0.215600	0.180500	0.284600	0.137300	0.143800	0.171600	0.189400	0.145500	0.163500	0.241200
1467505.5	0.213700	0.178700	0.275400	0.133900	0.140800	0.165300	0.184900	0.139800	0.155500	0.231900
1472601.0	0.208500	0.176200	0.259200	0.134300	0.141700	0.161900	0.178100	0.137900	0.152900	0.223600
1477696.5	0.204500	0.177700	0.258200	0.129600	0.136900	0.158200	0.176400	0.132500	0.146500	0.219400
1482792.0	0.203000	0.177900	0.249700	0.129100	0.135600	0.156700	0.173900	0.131400	0.144400	0.216400
1487887.5	0.197500	0.176200	0.244200	0.127000	0.132700	0.152300	0.169700	0.125200	0.139300	0.209600
1492983.0	0.196600	0.177100	0.236400	0.125800	0.131800	0.151300	0.167400	0.127500	0.140700	0.205500
1498078.5	0.192800	0.175800	0.233400	0.124200	0.127400	0.149000	0.165200	0.119500	0.134600	0.202500
1503174.1	0.194800	0.173500	0.224600	0.124900	0.128500	0.148300	0.162200	0.125300	0.139000	0.197300
1508269.6	0.189500	0.174000	0.219700	0.123500	0.127500	0.147200	0.161600	0.121600	0.134600	0.195900
1513365.1	0.188700	0.173700	0.216500	0.121800	0.125600	0.144700	0.158700	0.119400	0.132800	0.192700
1518460.6	0.183800	0.175000	0.218300	0.119100	0.120900	0.141700	0.159900	0.109800	0.124000	0.192700
1523556.1	0.182300	0.173800	0.210700	0.121300	0.123100	0.142600	0.158100	0.113700	0.127900	0.190600
1528651.6	0.182800	0.172700	0.204700	0.120600	0.123100	0.142400	0.156000	0.115000	0.129300	0.188500
1533747.1	0.183000	0.173200	0.203500	0.121400	0.123000	0.142200	0.155400	0.115200	0.129300	0.187900
1538842.6	0.177400	0.174000	0.206300	0.119700	0.119800	0.139900	0.157900	0.110700	0.125700	0.187500
1543938.1	0.176000	0.173700	0.205200	0.117100	0.117900	0.138700	0.156400	0.110800	0.125500	0.185600
1549033.6	0.173300	0.174800	0.206200	0.116300	0.117100	0.137700	0.158300	0.105600	0.121100	0.187100
1554129.1	0.173600	0.175900	0.203600	0.117500	0.120300	0.138700	0.157200	0.107400	0.124500	0.187000
1559224.6	0.173300	0.173600	0.197700	0.117700	0.116900	0.136900	0.154500	0.109500	0.125400	0.183700
1564320.1	0.170500	0.174200	0.195400	0.116400	0.117700	0.136900	0.154400	0.106300	0.122800	0.184800
1569415.6	0.168100	0.172700	0.195000	0.116100	0.115600	0.135500	0.154500	0.105200	0.121000	0.183300
1574511.1	0.166500	0.175000	0.197200	0.115400	0.115600	0.135500	0.156300	0.105600	0.122100	0.185000
1579606.6	0.168500	0.176000	0.196300	0.117600	0.117800	0.135800	0.155700	0.107200	0.124000	0.183800
1584702.1	0.163500	0.174500	0.194700	0.114100	0.115000	0.134100	0.155700	0.102800	0.120200	0.183600
1589797.6	0.164800	0.175900	0.192800	0.115500	0.115300	0.134200	0.154800	0.105800	0.123100	0.182700
1594893.1	0.160700	0.176900	0.197000	0.113000	0.112900	0.133200	0.155900	0.101300	0.119100	0.184400
1599988.6	0.166200	0.173400	0.184000	0.118200	0.118700	0.135200	0.150600	0.111900	0.128700	0.180100
1605084.2	0.163500	0.174800	0.186600	0.116000	0.116800	0.134700	0.152400	0.108400	0.125300	0.180900
1610179.7	0.164000	0.174100	0.186600	0.115700	0.115900	0.134000	0.151500	0.104900	0.122200	0.180900
1615275.2	0.159800	0.175300	0.189400	0.112400	0.113600	0.132000	0.153200	0.103200	0.121300	0.181200
1620370.7	0.160200	0.173600	0.184700	0.113000	0.115800	0.132600	0.151200	0.104100	0.122200	0.180200
