VERSION	1200
Time[MSec.]	Ratio	Ratio	Ratio	Ratio	Ratio	Ratio	Ratio	Ratio	Ratio	Ratio	Ratio	Ratio	Ratio	Ratio	Ratio	Ratio	Ratio	Ratio	Ratio	Ratio
%.1f	%.4f	%.4f	%.4f	%.4f	%.4f	%.4f	%.4f	%.4f	%.4f	%.4f	%.4f	%.4f	%.4f	%.4f	%.4f	%.4f	%.4f	%.4f	%.4f	%.4f
Time	ROI(1-1)	ROI(1-2)	ROI(1-3)	ROI(1-4)	ROI(1-5)	ROI(1-6)	ROI(1-7)	ROI(1-8)	ROI(1-9)	ROI(1-10)	ROI(1-11)	ROI(1-12)	ROI(1-13)	ROI(1-14)	ROI(1-15)	ROI(1-16)	ROI(1-17)	ROI(1-18)	ROI(1-19)	ROI(1-20)
GraphNo	1	2	3	4	5	6	7	8	9	10	11	12	13	14	15	16	17	18	19	20
0.0	0.138700	0.148000	0.160200	0.200800	0.233800	0.143400	0.177800	0.103300	0.140700	0.155100	0.160400	0.159600	0.161500	0.136200	0.136500	0.156500	0.162300	0.180300	0.148700	0.174200
4957.8	0.138100	0.143000	0.159900	0.199100	0.226200	0.142400	0.178200	0.101200	0.142500	0.155600	0.159400	0.160700	0.162400	0.135100	0.135900	0.158500	0.162500	0.181800	0.150900	0.168200
9915.6	0.139300	0.139400	0.157400	0.193800	0.214300	0.141700	0.176500	0.104800	0.141900	0.156300	0.156900	0.157900	0.157800	0.136400	0.141000	0.154700	0.160200	0.177500	0.147100	0.162400
14873.4	0.139000	0.138500	0.159600	0.193000	0.210100	0.141200	0.177200	0.104700	0.143000	0.156300	0.157100	0.158600	0.157300	0.136200	0.141800	0.155000	0.161200	0.178400	0.147400	0.165600
19831.2	0.139400	0.135600	0.158700	0.190800	0.204100	0.141000	0.176100	0.103700	0.142100	0.156000	0.158500	0.160300	0.156000	0.136400	0.145800	0.155400	0.161000	0.178200	0.147600	0.166400
24788.9	0.139300	0.136200	0.159700	0.189700	0.199400	0.141400	0.176400	0.103700	0.141800	0.157300	0.157200	0.159000	0.156000	0.137100	0.149100	0.154100	0.160100	0.176900	0.147700	0.169800
29746.7	0.139000	0.135600	0.160400	0.186800	0.192100	0.141300	0.175700	0.105800	0.141000	0.158700	0.157300	0.156900	0.152800	0.138800	0.158400	0.153000	0.160100	0.175700	0.145900	0.169100
34704.5	0.138200	0.134800	0.160600	0.186000	0.189000	0.140400	0.174900	0.106300	0.141000	0.158800	0.156200	0.156600	0.152000	0.138700	0.160500	0.152000	0.160800	0.176500	0.146600	0.172500
39662.3	0.139100	0.134100	0.162700	0.183900	0.182900	0.139800	0.175400	0.103000	0.142600	0.157800	0.157000	0.160200	0.152600	0.135500	0.158600	0.154400	0.160300	0.177400	0.148600	0.173600
44620.1	0.139200	0.134800	0.164400	0.181100	0.175600	0.140500	0.175600	0.105600	0.142500	0.159100	0.156900	0.157900	0.150900	0.138600	0.162500	0.152900	0.160300	0.175900	0.148100	0.169000
49577.9	0.138200	0.134100	0.166700	0.180000	0.172600	0.139600	0.174700	0.104200	0.143200	0.156400	0.156800	0.159900	0.151500	0.134200	0.155300	0.154700	0.160300	0.175600	0.151100	0.169100
54535.7	0.138500	0.134900	0.169700	0.177800	0.167900	0.139300	0.174300	0.107300	0.142400	0.158100	0.156800	0.158100	0.149700	0.137300	0.159000	0.153200	0.159100	0.174600	0.153700	0.166900
59493.5	0.139600	0.134000	0.175300	0.177600	0.166700	0.139600	0.173800	0.107600	0.141600	0.157700	0.160700	0.159700	0.150100	0.137200	0.158100	0.152900	0.159300	0.174700	0.156200	0.167600
64451.3	0.139600	0.134700	0.182500	0.179000	0.167400	0.140300	0.174400	0.104800	0.142300	0.158100	0.156800	0.156000	0.150300	0.136400	0.153500	0.153100	0.159500	0.173700	0.162300	0.165700
69409.1	0.139100	0.134700	0.181100	0.177100	0.165200	0.139800	0.173800	0.109500	0.139400	0.157900	0.157500	0.156400	0.149600	0.137900	0.151000	0.150400	0.158500	0.171400	0.158100	0.161000
74366.9	0.139700	0.135500	0.185300	0.178200	0.166300	0.139700	0.173600	0.106800	0.141500	0.157800	0.158100	0.158200	0.151600	0.134900	0.144800	0.153300	0.159300	0.173200	0.154900	0.161700
79324.6	0.139000	0.136500	0.183800	0.174800	0.160800	0.138800	0.173200	0.107900	0.140100	0.157700	0.153900	0.153900	0.146500	0.136200	0.145400	0.149700	0.157000	0.169700	0.150000	0.158300
84282.4	0.141700	0.140900	0.202100	0.176100	0.161500	0.138700	0.173200	0.106900	0.142700	0.157300	0.155500	0.157100	0.149100	0.136000	0.142600	0.151600	0.157700	0.171500	0.154600	0.162400
89240.2	0.143800	0.149600	0.207800	0.179700	0.164300	0.140400	0.174600	0.106200	0.148200	0.160200	0.160300	0.160200	0.154600	0.137300	0.138600	0.157400	0.161200	0.178200	0.161300	0.171300
94198.0	0.146700	0.166900	0.201200	0.177700	0.163200	0.140200	0.174600	0.109500	0.153200	0.161800	0.161900	0.162200	0.152800	0.136600	0.138400	0.155200	0.160200	0.179400	0.160800	0.177000
99155.8	0.148900	0.176900	0.193000	0.176400	0.161800	0.142300	0.175300	0.109300	0.161000	0.164900	0.164700	0.162800	0.152900	0.139800	0.139800	0.155700	0.160200	0.179700	0.159100	0.176200
104113.6	0.151600	0.169500	0.194500	0.177500	0.163000	0.142000	0.175600	0.105800	0.168700	0.164000	0.167400	0.171100	0.156100	0.137600	0.136700	0.161800	0.162200	0.186800	0.170500	0.178900
109071.4	0.150600	0.163200	0.184700	0.176800	0.164200	0.141800	0.175200	0.106400	0.163800	0.163600	0.170700	0.185000	0.156700	0.137200	0.134700	0.163200	0.162900	0.192500	0.188600	0.185200
114029.2	0.151600	0.160400	0.181100	0.175700	0.162300	0.141100	0.174400	0.107000	0.157400	0.162500	0.170500	0.203500	0.155500	0.136500	0.134600	0.162300	0.161600	0.191300	0.179100	0.183900
118987.0	0.155100	0.159500	0.180400	0.174600	0.160500	0.140100	0.173800	0.107000	0.153400	0.161500	0.172200	0.204900	0.154800	0.136700	0.134500	0.161800	0.160300	0.187800	0.177000	0.176100
123944.8	0.160500	0.155600	0.173900	0.172000	0.158000	0.141700	0.173800	0.107700	0.149400	0.163400	0.171700	0.200200	0.150400	0.138600	0.137800	0.156400	0.158300	0.182500	0.167300	0.172900
128902.5	0.164200	0.149400	0.167600	0.173100	0.159500	0.141100	0.174000	0.105400	0.145700	0.162900	0.176000	0.195000	0.152900	0.137300	0.137300	0.159000	0.158900	0.182400	0.171800	0.174600
133860.3	0.158800	0.148200	0.163200	0.172400	0.158700	0.140900	0.174600	0.104100	0.143800	0.163000	0.172300	0.187500	0.153500	0.136100	0.135100	0.157400	0.158700	0.180900	0.184900	0.171800
138818.1	0.153500	0.144500	0.155600	0.169900	0.156800	0.140300	0.173200	0.105800	0.140400	0.161400	0.167400	0.183200	0.150700	0.136700	0.136200	0.154800	0.156800	0.175900	0.175700	0.167700
143775.9	0.154200	0.142000	0.150500	0.169100	0.154900	0.140500	0.172600	0.107200	0.137000	0.162800	0.162300	0.177000	0.147800	0.138000	0.140200	0.151100	0.155200	0.172600	0.168800	0.167500
148733.7	0.150800	0.137700	0.146700	0.169700	0.155600	0.140200	0.173600	0.105400	0.137100	0.161700	0.159200	0.173600	0.149300	0.134900	0.136300	0.152800	0.155700	0.173200	0.160300	0.166600
153691.5	0.148800	0.135900	0.144400	0.169200	0.154200	0.139900	0.172800	0.107600	0.135400	0.162000	0.159500	0.168400	0.146500	0.137100	0.140500	0.149800	0.155000	0.170600	0.152000	0.162100
158649.3	0.146300	0.134100	0.143700	0.170800	0.155300	0.140000	0.173800	0.108400	0.135800	0.161100	0.158400	0.166800	0.148000	0.134700	0.136000	0.151800	0.155400	0.170800	0.149400	0.164000
163607.1	0.148200	0.133800	0.146700	0.176400	0.159400	0.140700	0.175000	0.105400	0.137100	0.160900	0.167800	0.170600	0.152900	0.135800	0.135800	0.156000	0.158700	0.174800	0.154400	0.168300
168564.9	0.149300	0.134100	0.147100	0.178700	0.160500	0.140800	0.176800	0.109400	0.136400	0.161200	0.171900	0.167600	0.152500	0.136500	0.137000	0.153300	0.158300	0.173700	0.152900	0.169100
173522.7	0.148800	0.135100	0.149400	0.183100	0.163500	0.142600	0.178900	0.109000	0.137200	0.165200	0.171300	0.166800	0.154900	0.138900	0.138900	0.153400	0.160100	0.176500	0.156600	0.172300
178480.5	0.152100	0.137800	0.155300	0.191400	0.170000	0.143300	0.182000	0.106900	0.139800	0.166000	0.176500	0.174600	0.163400	0.137500	0.138700	0.157900	0.164500	0.181800	0.161500	0.176200
183438.2	0.153900	0.140500	0.159700	0.198100	0.174300	0.144300	0.184900	0.107100	0.141800	0.167300	0.179100	0.178500	0.169600	0.138100	0.140200	0.161300	0.167000	0.186700	0.174400	0.181400
188396.0	0.161100	0.146600	0.167600	0.206300	0.179900	0.147000	0.188600	0.110500	0.144300	0.172800	0.182000	0.184300	0.176600	0.144600	0.150100	0.161900	0.169900	0.190500	0.203100	0.185500
193353.8	0.167300	0.153500	0.178200	0.216300	0.186400	0.150800	0.194400	0.115300	0.148200	0.178500	0.182000	0.189100	0.181300	0.148500	0.154100	0.163300	0.173000	0.195600	0.197400	0.186200
198311.6	0.175600	0.161400	0.196300	0.233700	0.199000	0.155700	0.200600	0.116400	0.156100	0.184300	0.187100	0.203800	0.190700	0.152000	0.159300	0.171900	0.180100	0.208900	0.200900	0.196100
203269.4	0.177400	0.164500	0.211200	0.250300	0.215900	0.157700	0.205500	0.120100	0.160000	0.187800	0.185200	0.207200	0.193000	0.156000	0.162100	0.172600	0.183000	0.213900	0.192500	0.194100
208227.2	0.184100	0.169400	0.231100	0.276000	0.249200	0.159900	0.210300	0.121700	0.171200	0.191200	0.190500	0.216300	0.198900	0.158500	0.167600	0.177900	0.185700	0.223000	0.192100	0.196700
213185.0	0.186400	0.173800	0.232300	0.283200	0.249800	0.165300	0.217600	0.125000	0.176400	0.197600	0.190900	0.216500	0.204900	0.161600	0.170400	0.182500	0.190900	0.232300	0.191100	0.199200
218142.8	0.183400	0.171900	0.223900	0.283200	0.241900	0.164800	0.220600	0.128500	0.172300	0.198100	0.188900	0.213900	0.206700	0.163200	0.173500	0.185200	0.192500	0.236600	0.189700	0.200300
223100.6	0.180300	0.170000	0.218600	0.282200	0.235200	0.166700	0.226500	0.127500	0.170200	0.198700	0.188600	0.214900	0.207000	0.164000	0.170300	0.188600	0.195800	0.240000	0.189400	0.202000
228058.3	0.176500	0.168500	0.214700	0.277200	0.225200	0.166300	0.228500	0.132900	0.168200	0.199100	0.187000	0.212800	0.205800	0.166300	0.172700	0.188400	0.196500	0.239500	0.187100	0.201000
233016.1	0.174500	0.167100	0.213000	0.278100	0.221600	0.167400	0.233100	0.131200	0.168200	0.197100	0.186000	0.215500	0.209100	0.166200	0.167300	0.191600	0.199300	0.242400	0.189600	0.202600
237973.9	0.174300	0.167700	0.208000	0.271500	0.212100	0.167400	0.236000	0.135200	0.164600	0.197200	0.183000	0.209600	0.203500	0.168900	0.169500	0.188100	0.198300	0.239100	0.185500	0.200400
242931.7	0.174300	0.165500	0.205500	0.269600	0.208600	0.168000	0.239300	0.128500	0.165100	0.194500	0.181100	0.211600	0.207000	0.165700	0.163200	0.191800	0.201000	0.242300	0.187300	0.203600
247889.5	0.175500	0.162400	0.202000	0.264100	0.203300	0.166100	0.237500	0.129100	0.161500	0.189900	0.181400	0.212400	0.206100	0.163400	0.161000	0.193200	0.200800	0.240800	0.187600	0.202200
252847.3	0.174900	0.163700	0.197100	0.257000	0.195700	0.167500	0.239300	0.134900	0.157900	0.192300	0.179100	0.204900	0.198400	0.169400	0.168800	0.184300	0.197000	0.233700	0.181200	0.195700
257805.1	0.169900	0.162400	0.195400	0.254300	0.193100	0.166400	0.240000	0.131600	0.157400	0.190100	0.175000	0.202100	0.195700	0.165500	0.162600	0.186000	0.197400	0.234100	0.182000	0.196100
262762.9	0.168400	0.159800	0.194600	0.255100	0.194100	0.165000	0.240900	0.126200	0.156700	0.186500	0.175400	0.205300	0.200900	0.162100	0.156500	0.189000	0.198700	0.234700	0.183400	0.198400
267720.7	0.165000	0.158900	0.192100	0.252400	0.190400	0.165500	0.241500	0.127400	0.155400	0.184800	0.172500	0.202900	0.197900	0.160900	0.153600	0.187600	0.198000	0.232100	0.180700	0.196900
272678.5	0.163900	0.158500	0.189100	0.249300	0.188100	0.165300	0.241800	0.128300	0.152300	0.185000	0.170900	0.197900	0.196300	0.162700	0.157400	0.184200	0.196600	0.228500	0.175800	0.193100
277636.3	0.161500	0.156400	0.185300	0.245000	0.184300	0.165300	0.239200	0.131800	0.149400	0.183100	0.167200	0.194300	0.193300	0.163500	0.159500	0.181300	0.194100	0.223500	0.174200	0.191600
282594.0	0.159700	0.154600	0.187000	0.248100	0.187000	0.164500	0.240300	0.123300	0.151600	0.179800	0.168700	0.199600	0.196200	0.157900	0.148700	0.188000	0.197600	0.228100	0.180600	0.195200
287551.8	0.157600	0.154000	0.185400	0.243600	0.183900	0.163600	0.238800	0.123200	0.148900	0.179300	0.166000	0.197000	0.194000	0.157800	0.149000	0.184700	0.195500	0.224400	0.178100	0.191800
292509.6	0.155700	0.153100	0.182700	0.241200	0.182100	0.162300	0.237300	0.121500	0.147800	0.177300	0.164400	0.195800	0.190700	0.157100	0.147400	0.183600	0.193400	0.222900	0.177000	0.191000
297467.4	0.154700	0.152300	0.181800	0.238800	0.180500	0.161400	0.236300	0.124500	0.145900	0.175800	0.163100	0.194800	0.189600	0.156800	0.147000	0.183000	0.192800	0.220000	0.175200	0.189600
302425.2	0.155000	0.151100	0.180400	0.236600	0.180000	0.159900	0.233600	0.122900	0.145400	0.172800	0.162100	0.195600	0.189800	0.153900	0.143400	0.182100	0.192000	0.219300	0.175200	0.188800
307383.0	0.153200	0.150400	0.178500	0.234700	0.178600	0.160000	0.232000	0.121400	0.144900	0.172500	0.161900	0.194100	0.187700	0.153900	0.144100	0.180900	0.190500	0.216500	0.174500	0.187500
312340.8	0.152300	0.150000	0.179000	0.235600	0.179400	0.159200	0.232600	0.120100	0.145100	0.172600	0.159800	0.190500	0.188400	0.153300	0.141500	0.181100	0.192000	0.216900	0.175900	0.187100
317298.6	0.150900	0.148400	0.176500	0.232100	0.176200	0.157500	0.229800	0.119900	0.143200	0.170900	0.157300	0.189200	0.185800	0.152400	0.141600	0.177700	0.189900	0.213400	0.172300	0.185600
322256.4	0.150900	0.148100	0.176500	0.230300	0.176500	0.157300	0.228400	0.119300	0.143100	0.170700	0.155000	0.187200	0.185900	0.151200	0.141000	0.177600	0.188800	0.212700	0.172600	0.184500
327214.1	0.149600	0.147000	0.174300	0.227900	0.174900	0.155800	0.226800	0.119100	0.142200	0.168900	0.152900	0.185000	0.184400	0.149000	0.139600	0.176300	0.188000	0.210200	0.168600	0.182700
332171.9	0.149300	0.146300	0.173500	0.227100	0.174100	0.154800	0.225700	0.118100	0.141700	0.167700	0.153300	0.184600	0.180900	0.149300	0.139000	0.176700	0.187000	0.208900	0.167800	0.182200
337129.7	0.148500	0.146500	0.172700	0.224000	0.171300	0.154000	0.224000	0.120700	0.139000	0.169200	0.151000	0.179900	0.177900	0.152900	0.143200	0.171600	0.184000	0.205000	0.165500	0.178300
342087.5	0.146900	0.144800	0.171400	0.225100	0.172500	0.152600	0.222900	0.117800	0.140200	0.165700	0.150700	0.181700	0.179200	0.148400	0.138200	0.174500	0.185900	0.207600	0.168500	0.181000
347045.3	0.146200	0.145200	0.171600	0.222000	0.169600	0.153600	0.222900	0.118800	0.138900	0.168100	0.147300	0.175900	0.175000	0.149600	0.139300	0.169300	0.184100	0.203800	0.163800	0.177100
352003.1	0.145600	0.143600	0.169900	0.222600	0.170000	0.152200	0.221800	0.117600	0.138200	0.166100	0.148300	0.179400	0.177000	0.148500	0.137300	0.171800	0.183800	0.204300	0.166300	0.178400
356960.9	0.144500	0.142500	0.168500	0.221700	0.169500	0.151000	0.221200	0.116800	0.138100	0.165800	0.147400	0.178000	0.175900	0.147300	0.137000	0.170900	0.182900	0.203400	0.165600	0.177700
361918.7	0.143600	0.141700	0.169000	0.222700	0.171000	0.150400	0.220700	0.115600	0.138900	0.163300	0.148000	0.180100	0.177300	0.144400	0.132900	0.174000	0.184400	0.205400	0.167100	0.178900
366876.5	0.143100	0.141500	0.169300	0.223200	0.171000	0.150900	0.220300	0.113000	0.139200	0.161800	0.146500	0.179300	0.179000	0.142300	0.129600	0.175400	0.184400	0.206500	0.168000	0.179300
371834.2	0.144300	0.142100	0.169800	0.225800	0.171300	0.152100	0.222500	0.114900	0.139400	0.163500	0.147900	0.180700	0.179600	0.144500	0.132400	0.174500	0.185100	0.207400	0.168000	0.180400
376792.0	0.144000	0.142800	0.169000	0.223600	0.169800	0.152000	0.221400	0.115800	0.138400	0.163200	0.148100	0.178300	0.177300	0.145700	0.133700	0.172700	0.183400	0.205900	0.165000	0.178000
381749.8	0.143400	0.141300	0.168200	0.223100	0.169700	0.150800	0.220700	0.116700	0.138800	0.163200	0.146600	0.177100	0.176700	0.146400	0.135500	0.172800	0.183800	0.205100	0.166100	0.178500
386707.6	0.142500	0.141400	0.167200	0.220900	0.167800	0.149100	0.219200	0.115300	0.137400	0.162300	0.145300	0.174200	0.174600	0.144100	0.132200	0.171400	0.181800	0.202400	0.163300	0.176500
391665.4	0.141400	0.139000	0.167000	0.221200	0.169100	0.147400	0.217500	0.113300	0.139100	0.159300	0.146600	0.178400	0.176800	0.140000	0.127600	0.174900	0.182800	0.204900	0.167000	0.178500
396623.2	0.141000	0.139600	0.165900	0.218800	0.167600	0.148000	0.216700	0.113400	0.137000	0.160700	0.145500	0.174700	0.174100	0.141100	0.131100	0.170800	0.180700	0.201600	0.163700	0.175800
401581.0	0.141400	0.138200	0.165100	0.217000	0.167000	0.145900	0.214200	0.113900	0.136500	0.158400	0.145000	0.175000	0.172800	0.139800	0.128800	0.171200	0.180100	0.200900	0.163100	0.175500
406538.8	0.141200	0.137700	0.165000	0.217400	0.166800	0.146700	0.214700	0.111500	0.136000	0.159100	0.143400	0.172700	0.172300	0.140300	0.129400	0.169700	0.180000	0.199800	0.163600	0.175300
411496.6	0.140500	0.137400	0.164900	0.217100	0.166600	0.145500	0.213800	0.111400	0.137500	0.158200	0.144100	0.172900	0.173400	0.138800	0.127900	0.171200	0.180100	0.200500	0.163400	0.175500
416454.4	0.139600	0.136100	0.163900	0.215700	0.166200	0.144400	0.211900	0.110400	0.136100	0.156500	0.143700	0.172400	0.172400	0.135900	0.126400	0.170600	0.178900	0.199200	0.162300	0.174900
421412.1	0.138600	0.136200	0.163200	0.214100	0.164000	0.144300	0.210900	0.110900	0.135300	0.157200	0.141000	0.167300	0.169000	0.138000	0.127200	0.167300	0.177200	0.196500	0.160000	0.172800
426369.9	0.138800	0.136600	0.163000	0.213200	0.162900	0.144300	0.210100	0.111200	0.134700	0.156600	0.141200	0.167500	0.167600	0.136900	0.126500	0.166200	0.176400	0.196200	0.158300	0.172200
431327.7	0.138300	0.135300	0.162300	0.213300	0.163800	0.143400	0.209600	0.111300	0.135000	0.155800	0.141900	0.169400	0.170400	0.136700	0.127500	0.168500	0.176700	0.196700	0.159900	0.171500
436285.5	0.138500	0.134700	0.161900	0.212100	0.162800	0.142800	0.208800	0.111000	0.135100	0.154800	0.142600	0.169200	0.167900	0.136000	0.125100	0.167100	0.175600	0.195700	0.157900	0.171500
441243.3	0.138800	0.134300	0.161100	0.212000	0.162400	0.142900	0.207700	0.110400	0.134600	0.155300	0.140600	0.166900	0.168000	0.136700	0.127400	0.167200	0.175500	0.195100	0.157600	0.171200
446201.1	0.137800	0.135000	0.160900	0.211600	0.162400	0.142500	0.207800	0.110800	0.134200	0.155100	0.141200	0.166500	0.167900	0.136200	0.126800	0.166800	0.175300	0.194000	0.156500	0.170100
451158.9	0.137700	0.133800	0.160200	0.210700	0.162200	0.141500	0.206800	0.110500	0.133400	0.154000	0.141000	0.165900	0.166600	0.135100	0.125700	0.166400	0.175100	0.193400	0.156500	0.169700
456116.7	0.136900	0.133000	0.159700	0.211800	0.163300	0.141700	0.207500	0.106900	0.135600	0.153000	0.139100	0.167300	0.168700	0.132500	0.122200	0.169900	0.176700	0.195800	0.158700	0.172500
461074.5	0.137100	0.132300	0.158500	0.209200	0.161500	0.140300	0.204500	0.107900	0.133400	0.152600	0.140500	0.167100	0.166000	0.132700	0.124100	0.166900	0.174700	0.192700	0.156000	0.170300
466032.2	0.136900	0.131700	0.158200	0.208700	0.160900	0.140300	0.204200	0.106800	0.133900	0.153000	0.139500	0.164700	0.166000	0.134000	0.124400	0.166200	0.174400	0.192400	0.154400	0.169500
470990.0	0.138100	0.132100	0.157500	0.207300	0.159900	0.140300	0.203100	0.109800	0.132000	0.153400	0.139200	0.162200	0.162700	0.134300	0.126700	0.162700	0.172500	0.188800	0.152300	0.166900
475947.8	0.136900	0.131400	0.157700	0.207800	0.161100	0.140100	0.203500	0.110000	0.133200	0.151800	0.139600	0.165200	0.165800	0.132600	0.123300	0.165700	0.173200	0.190600	0.154200	0.169000
480905.6	0.136400	0.131000	0.157400	0.208800	0.161300	0.139400	0.202800	0.107600	0.133700	0.151400	0.138100	0.165400	0.165900	0.131200	0.121500	0.168300	0.173900	0.192200	0.156300	0.169400
485863.4	0.136900	0.131300	0.156900	0.206500	0.159600	0.139600	0.201500	0.108300	0.132000	0.151700	0.138400	0.162900	0.163200	0.133000	0.124300	0.163900	0.171800	0.189000	0.153300	0.167000
490821.2	0.135700	0.130300	0.156200	0.206000	0.159400	0.138500	0.200600	0.107200	0.132300	0.150500	0.138100	0.161600	0.163400	0.130300	0.120900	0.164500	0.171700	0.188300	0.153000	0.166800
495779.0	0.136800	0.130300	0.156900	0.205900	0.159400	0.138200	0.200400	0.108400	0.132400	0.150100	0.136400	0.161900	0.162600	0.130900	0.122100	0.163800	0.171100	0.187900	0.152400	0.167900
500736.8	0.135500	0.129400	0.155600	0.203500	0.158100	0.137200	0.198200	0.111200	0.131200	0.149900	0.136400	0.159500	0.160200	0.131000	0.123900	0.161900	0.168900	0.185500	0.150200	0.164200
505694.6	0.134700	0.129000	0.155400	0.205000	0.159700	0.137700	0.198700	0.106900	0.132700	0.149400	0.136900	0.161300	0.163000	0.129900	0.120600	0.164400	0.171100	0.187100	0.153200	0.166800
510652.4	0.135400	0.129000	0.154700	0.202600	0.157800	0.137100	0.197700	0.110500	0.131300	0.149200	0.136100	0.159100	0.159800	0.129900	0.121300	0.161700	0.168800	0.184700	0.149700	0.165300
515610.2	0.135600	0.128800	0.154000	0.201500	0.156700	0.136900	0.196000	0.107700	0.130200	0.149000	0.135600	0.158100	0.158200	0.130500	0.123600	0.160600	0.167400	0.183300	0.147900	0.163800
520567.9	0.135000	0.128200	0.153600	0.200800	0.157200	0.136700	0.195900	0.109800	0.130600	0.148900	0.136100	0.158700	0.159200	0.130900	0.124200	0.160900	0.167400	0.182700	0.148600	0.164600
525525.7	0.135400	0.128600	0.154100	0.201200	0.156700	0.136800	0.196200	0.107500	0.131100	0.148700	0.135100	0.158400	0.159600	0.129400	0.122800	0.161400	0.167600	0.183500	0.149200	0.164600
530483.5	0.134200	0.127400	0.154100	0.201700	0.157800	0.136100	0.195300	0.106300	0.131800	0.147400	0.134900	0.160000	0.160600	0.127000	0.119300	0.163200	0.168700	0.183600	0.151400	0.165500
535441.3	0.134800	0.128400	0.153400	0.199900	0.156300	0.136100	0.194500	0.108100	0.130600	0.149400	0.133600	0.156800	0.158200	0.129600	0.123400	0.159200	0.166600	0.180600	0.148300	0.162000
540399.1	0.133300	0.128000	0.152900	0.199700	0.155600	0.135700	0.194500	0.107800	0.131400	0.148200	0.133000	0.156400	0.158200	0.128400	0.120600	0.161100	0.166900	0.181200	0.147800	0.163000
545356.9	0.134600	0.127000	0.152300	0.197600	0.154900	0.134900	0.192600	0.109200	0.129800	0.147400	0.133500	0.156400	0.156800	0.128700	0.122900	0.158000	0.165300	0.177500	0.145500	0.160800
550314.7	0.133800	0.126200	0.151100	0.197400	0.155200	0.134500	0.191900	0.107600	0.130100	0.147900	0.133400	0.157200	0.156900	0.128800	0.123100	0.158900	0.164600	0.177300	0.146900	0.161300
555272.5	0.133700	0.126000	0.151800	0.198800	0.155900	0.134000	0.192200	0.106500	0.130700	0.145400	0.133600	0.158700	0.159100	0.124400	0.117600	0.162600	0.166100	0.179700	0.149200	0.163200
560230.3	0.133200	0.125400	0.151000	0.196100	0.154300	0.134400	0.191300	0.105500	0.129900	0.145200	0.132600	0.156300	0.156100	0.126500	0.119800	0.159300	0.164200	0.176900	0.146300	0.160600
565188.0	0.133800	0.126000	0.150200	0.195200	0.153700	0.133800	0.190300	0.105700	0.129100	0.146500	0.132600	0.154900	0.156800	0.126900	0.122400	0.159300	0.163900	0.176500	0.145900	0.160300
570145.8	0.133300	0.126100	0.149700	0.194200	0.153000	0.133900	0.190100	0.108100	0.128600	0.146200	0.132000	0.153900	0.154000	0.127600	0.122700	0.156000	0.162900	0.175000	0.144500	0.159100
575103.6	0.133300	0.125600	0.150900	0.195800	0.154700	0.133700	0.189300	0.105100	0.129500	0.145300	0.132000	0.155200	0.158200	0.126600	0.122100	0.159300	0.164400	0.176700	0.146500	0.160800
580061.4	0.133400	0.125100	0.150700	0.196300	0.155100	0.133600	0.189900	0.103100	0.130800	0.145300	0.132300	0.155500	0.157300	0.125900	0.120700	0.160400	0.164800	0.177300	0.149300	0.162000
585019.2	0.132300	0.125500	0.149600	0.192600	0.152100	0.133300	0.188100	0.106400	0.128300	0.145100	0.130600	0.151600	0.153800	0.125900	0.121500	0.156100	0.162500	0.173200	0.143800	0.158800
589977.0	0.133700	0.125200	0.150000	0.194200	0.153400	0.133100	0.188200	0.106000	0.128800	0.145500	0.131100	0.152400	0.155400	0.126600	0.121500	0.157100	0.163000	0.173600	0.146000	0.158700
594934.8	0.133200	0.124200	0.148800	0.192600	0.153300	0.132200	0.186600	0.105100	0.128400	0.143700	0.132400	0.156300	0.156000	0.125600	0.121800	0.157500	0.162200	0.173700	0.145100	0.158800
599892.6	0.132600	0.124400	0.148600	0.191500	0.152000	0.132700	0.185900	0.105500	0.127500	0.143400	0.130900	0.153000	0.153600	0.126200	0.122000	0.156200	0.162000	0.172200	0.143700	0.157100
604850.4	0.132300	0.123600	0.149000	0.192200	0.153000	0.131800	0.186500	0.106400	0.129500	0.143200	0.129700	0.153800	0.156000	0.124300	0.118400	0.159700	0.162500	0.173800	0.147100	0.158800
609808.1	0.131500	0.123400	0.148900	0.191400	0.153000	0.131600	0.185700	0.104700	0.129600	0.142500	0.130400	0.153900	0.154100	0.123300	0.117100	0.158300	0.162000	0.173200	0.146100	0.158900
614765.9	0.131100	0.123400	0.148300	0.189900	0.151700	0.131200	0.184600	0.104400	0.128800	0.142900	0.130300	0.152900	0.154100	0.123700	0.119400	0.157100	0.161100	0.171200	0.144400	0.157500
619723.7	0.131200	0.123300	0.147400	0.188700	0.150900	0.131900	0.184000	0.106600	0.128100	0.143700	0.128800	0.149700	0.151800	0.125400	0.121600	0.154500	0.159600	0.169500	0.142800	0.155800
624681.5	0.131500	0.123900	0.147000	0.187600	0.149900	0.131500	0.183900	0.105900	0.127500	0.144300	0.129000	0.149000	0.150800	0.125400	0.122300	0.153100	0.159100	0.168400	0.142400	0.155100
629639.3	0.131600	0.122900	0.147500	0.188800	0.151600	0.131000	0.183600	0.104000	0.128500	0.142700	0.128700	0.151000	0.154500	0.123700	0.119600	0.155700	0.160600	0.170400	0.144900	0.157400
634597.1	0.130800	0.121800	0.146500	0.188700	0.152100	0.129900	0.182400	0.106400	0.128600	0.140400	0.129300	0.151700	0.154500	0.122000	0.116300	0.157700	0.160500	0.170200	0.146000	0.157400
639554.9	0.131100	0.123000	0.146100	0.186300	0.149700	0.130300	0.182200	0.106100	0.127600	0.142200	0.128200	0.148700	0.150600	0.123500	0.120500	0.153500	0.158800	0.167500	0.142200	0.154100
644512.7	0.130500	0.122800	0.145800	0.185400	0.148300	0.130400	0.181900	0.107200	0.127500	0.142400	0.127100	0.147700	0.149600	0.124300	0.120500	0.152600	0.157700	0.166800	0.141800	0.154400
649470.5	0.131100	0.122200	0.146200	0.186800	0.150300	0.130500	0.181700	0.104200	0.128400	0.141500	0.128800	0.149600	0.152900	0.122000	0.117400	0.155200	0.158800	0.168300	0.143400	0.156400
654428.3	0.130600	0.121300	0.145200	0.184300	0.148700	0.130000	0.180000	0.106700	0.127100	0.140200	0.129400	0.150400	0.150300	0.122700	0.120200	0.153700	0.157000	0.166300	0.142000	0.154500
659386.0	0.129600	0.122000	0.144600	0.183800	0.148700	0.129800	0.179400	0.105200	0.127100	0.140500	0.126700	0.148200	0.149300	0.121800	0.119200	0.152000	0.156900	0.165200	0.140200	0.153700
664343.8	0.129500	0.121900	0.145400	0.184100	0.148600	0.130200	0.180200	0.105700	0.128000	0.141300	0.126700	0.147800	0.150000	0.122500	0.119800	0.152800	0.157500	0.165700	0.141200	0.153800
669301.6	0.130100	0.121400	0.144000	0.183100	0.148300	0.129500	0.179400	0.105400	0.127200	0.140400	0.126900	0.147800	0.149600	0.121700	0.118100	0.153100	0.157000	0.165200	0.141700	0.153700
674259.4	0.129600	0.121800	0.145300	0.184300	0.149500	0.129200	0.179800	0.103100	0.128400	0.139700	0.127600	0.150500	0.151700	0.120300	0.117000	0.155400	0.158000	0.166900	0.143200	0.154500
679217.2	0.129600	0.121300	0.144100	0.182700	0.147100	0.129100	0.178300	0.107500	0.126900	0.139800	0.126000	0.146300	0.148400	0.121600	0.119300	0.150800	0.156300	0.163800	0.140100	0.152000
684175.0	0.129300	0.120800	0.143600	0.182100	0.147900	0.128600	0.177900	0.106300	0.127400	0.138000	0.127000	0.150000	0.150000	0.119700	0.115600	0.153600	0.157000	0.164700	0.142200	0.152900
689132.8	0.129600	0.121500	0.142800	0.180400	0.145900	0.128800	0.177000	0.106400	0.126000	0.139500	0.126600	0.146400	0.147500	0.121600	0.120600	0.150400	0.155300	0.162400	0.139300	0.151300
694090.6	0.128800	0.120500	0.143600	0.181200	0.148000	0.128300	0.176700	0.104200	0.126600	0.139000	0.126000	0.147600	0.150000	0.120500	0.116400	0.152200	0.156000	0.163300	0.141200	0.152000
699048.4	0.128300	0.119600	0.143400	0.181200	0.148000	0.127000	0.176300	0.106900	0.127400	0.136500	0.126300	0.149700	0.149900	0.117400	0.113500	0.154500	0.156700	0.164200	0.143800	0.153700
704006.1	0.128800	0.120000	0.143200	0.180900	0.148100	0.127500	0.176200	0.105200	0.127700	0.137100	0.126400	0.149300	0.150100	0.119000	0.115000	0.154800	0.156400	0.164800	0.143000	0.153600
708963.9	0.128700	0.120400	0.142500	0.178100	0.145200	0.127800	0.175800	0.106300	0.126400	0.139000	0.125000	0.144800	0.147000	0.120500	0.117600	0.150400	0.154600	0.161700	0.139200	0.150400
713921.7	0.127600	0.120000	0.142700	0.178300	0.145200	0.127300	0.174700	0.104700	0.126000	0.137900	0.125300	0.146300	0.147000	0.119400	0.118100	0.150400	0.153900	0.161200	0.139300	0.150600
718879.5	0.129300	0.120800	0.142100	0.176200	0.144200	0.127400	0.174400	0.105400	0.124900	0.139500	0.124700	0.142300	0.144600	0.122100	0.121000	0.147100	0.152900	0.159200	0.137300	0.148500
723837.3	0.128100	0.119700	0.142400	0.177700	0.145200	0.126900	0.174400	0.105300	0.125800	0.137500	0.125000	0.145700	0.146200	0.119500	0.117300	0.149800	0.154100	0.160900	0.139500	0.150000
728795.1	0.127700	0.119300	0.142000	0.177200	0.146000	0.127100	0.174400	0.103200	0.126200	0.137100	0.125700	0.146700	0.146700	0.118600	0.115100	0.151800	0.155000	0.161700	0.141000	0.151100
733752.9	0.128100	0.119400	0.141700	0.175700	0.144200	0.126900	0.173100	0.108100	0.125500	0.137200	0.124200	0.144600	0.146100	0.118200	0.116000	0.148800	0.153500	0.159600	0.138500	0.149000
738710.7	0.128300	0.118500	0.140900	0.175100	0.144500	0.125900	0.172200	0.104600	0.125400	0.136100	0.124700	0.146400	0.145900	0.118300	0.115800	0.150100	0.152900	0.159900	0.138400	0.149600
743668.5	0.127300	0.119100	0.141100	0.174300	0.143200	0.126100	0.172600	0.106500	0.124800	0.137300	0.123600	0.142700	0.143700	0.119000	0.116800	0.147200	0.151900	0.158300	0.137800	0.147700
748626.3	0.127300	0.118900	0.141200	0.175000	0.144300	0.125700	0.171700	0.106000	0.126300	0.136100	0.123500	0.143700	0.145700	0.117200	0.114600	0.149300	0.153200	0.159300	0.138000	0.149300
753584.0	0.127700	0.119400	0.141800	0.174700	0.144000	0.126700	0.172200	0.106200	0.125800	0.137300	0.123600	0.142200	0.145300	0.119100	0.116300	0.147800	0.153000	0.159000	0.138200	0.148600
758541.8	0.127100	0.117700	0.140300	0.174200	0.144300	0.125300	0.170600	0.106900	0.126200	0.134700	0.124500	0.146000	0.146900	0.115800	0.113500	0.149900	0.153600	0.160300	0.140200	0.148900
763499.6	0.126400	0.118500	0.140800	0.173800	0.144100	0.125900	0.170600	0.105600	0.125500	0.136100	0.124900	0.143500	0.145200	0.117700	0.115800	0.148800	0.152400	0.158500	0.138900	0.148500
768457.4	0.126600	0.118200	0.140500	0.173500	0.143300	0.125600	0.170400	0.105200	0.125700	0.135200	0.123800	0.143700	0.144700	0.116000	0.114300	0.149000	0.152200	0.159000	0.139400	0.147900
773415.2	0.128000	0.118400	0.139200	0.171100	0.141600	0.125200	0.169000	0.103600	0.123900	0.136100	0.123600	0.141900	0.141400	0.119200	0.120200	0.145000	0.150100	0.155000	0.134700	0.145700
778373.0	0.127000	0.118600	0.139600	0.171100	0.141000	0.125400	0.169400	0.105500	0.124200	0.137300	0.123400	0.140900	0.141900	0.118300	0.118100	0.145600	0.150200	0.155900	0.136000	0.146200
783330.8	0.126600	0.117600	0.139800	0.172200	0.143900	0.124600	0.169000	0.106700	0.126100	0.134600	0.124100	0.144700	0.145000	0.116000	0.114400	0.149300	0.152100	0.158300	0.138700	0.148100
788288.6	0.126900	0.117900	0.139200	0.171500	0.143400	0.124800	0.169000	0.104600	0.125200	0.134900	0.124400	0.143900	0.144200	0.117300	0.116100	0.148000	0.151300	0.157400	0.138800	0.147900
793246.3	0.126500	0.118000	0.139100	0.170900	0.142400	0.124700	0.168600	0.103400	0.125800	0.135900	0.123600	0.142500	0.142900	0.118100	0.116500	0.146500	0.150500	0.156200	0.137300	0.146500
798204.1	0.126500	0.117600	0.138300	0.169500	0.141500	0.124100	0.168100	0.104000	0.124700	0.134000	0.124600	0.143900	0.142000	0.115600	0.113600	0.147300	0.149900	0.156500	0.137000	0.146300
803161.9	0.126300	0.117300	0.138900	0.170500	0.142100	0.124300	0.168800	0.107200	0.125600	0.134400	0.124500	0.144400	0.144200	0.115500	0.113900	0.147800	0.151200	0.157400	0.138100	0.147200
808119.7	0.127300	0.117800	0.138300	0.168500	0.140100	0.124100	0.168200	0.105300	0.124400	0.135300	0.124000	0.141600	0.141100	0.116400	0.115900	0.145400	0.148700	0.154800	0.134900	0.145000
813077.5	0.126500	0.116700	0.138200	0.167700	0.140900	0.123300	0.166700	0.106100	0.123500	0.134500	0.123300	0.142200	0.141500	0.116500	0.116600	0.145400	0.148500	0.154400	0.135400	0.145000
818035.3	0.125800	0.116800	0.138400	0.168700	0.142500	0.123200	0.167100	0.104700	0.125000	0.133400	0.123100	0.143700	0.144100	0.114800	0.114200	0.147400	0.149900	0.156100	0.137600	0.146500
822993.1	0.127000	0.117900	0.137700	0.167000	0.139600	0.124400	0.167100	0.104600	0.124000	0.136200	0.123200	0.140300	0.139700	0.117500	0.118500	0.144300	0.148500	0.153500	0.134000	0.144200
827950.9	0.127300	0.117400	0.137600	0.166700	0.140600	0.123600	0.166000	0.105100	0.124000	0.135400	0.122900	0.141200	0.139600	0.116500	0.117300	0.143600	0.147700	0.153600	0.133500	0.143400
832908.7	0.127200	0.116700	0.137100	0.167000	0.140800	0.123600	0.166100	0.104100	0.124300	0.133900	0.122700	0.141000	0.141900	0.114900	0.114100	0.145900	0.149000	0.154600	0.136500	0.144900
837866.5	0.126400	0.117000	0.136800	0.165900	0.138900	0.123800	0.165400	0.105200	0.123300	0.135200	0.122700	0.138900	0.139000	0.117200	0.117400	0.142800	0.148200	0.152600	0.133400	0.143700
842824.2	0.125000	0.116500	0.137200	0.166800	0.140200	0.123400	0.165600	0.106700	0.124800	0.133700	0.121900	0.141500	0.141900	0.114500	0.112300	0.146500	0.149000	0.154700	0.136400	0.145200
847782.0	0.125600	0.116200	0.137000	0.166600	0.140600	0.122800	0.165100	0.105300	0.124600	0.133200	0.123000	0.140900	0.141300	0.113600	0.112700	0.146500	0.148300	0.154600	0.135500	0.145200
852739.8	0.124900	0.115800	0.136900	0.165900	0.140000	0.122800	0.163900	0.103700	0.124300	0.132500	0.122700	0.141400	0.140300	0.113100	0.113500	0.146400	0.148100	0.153500	0.135800	0.144800
857697.6	0.126000	0.116200	0.136500	0.164600	0.139000	0.122900	0.164100	0.105300	0.123800	0.133900	0.122000	0.138600	0.138700	0.115300	0.115200	0.143600	0.146200	0.152200	0.134500	0.143200
862655.4	0.125500	0.115700	0.135800	0.164100	0.138000	0.122400	0.163600	0.104400	0.123700	0.132700	0.122000	0.140700	0.137600	0.114500	0.112800	0.143900	0.146800	0.152100	0.133800	0.143100
867613.2	0.125300	0.115800	0.136300	0.164900	0.139800	0.122200	0.163300	0.106300	0.124500	0.132500	0.121800	0.141500	0.140500	0.114000	0.112700	0.145700	0.148200	0.154000	0.135300	0.144800
872571.0	0.125300	0.116100	0.136700	0.164700	0.139900	0.122100	0.163400	0.107700	0.124600	0.132600	0.121400	0.140900	0.140400	0.113100	0.113400	0.145700	0.147700	0.153100	0.135600	0.144800
877528.8	0.124900	0.115900	0.135900	0.163000	0.138400	0.122000	0.162400	0.104700	0.123300	0.132300	0.121100	0.139800	0.138500	0.113700	0.113400	0.144000	0.146000	0.151300	0.133300	0.142700
882486.6	0.126100	0.116800	0.135100	0.161600	0.137100	0.121700	0.161700	0.102900	0.122300	0.133800	0.122200	0.139600	0.137200	0.115900	0.118800	0.141300	0.144700	0.150000	0.131600	0.141100
887444.3	0.124300	0.115200	0.136000	0.164000	0.139700	0.121600	0.162000	0.103600	0.124800	0.132100	0.121500	0.141000	0.140800	0.112700	0.111500	0.146100	0.147600	0.153500	0.136100	0.144000
892402.1	0.125800	0.115500	0.136200	0.163100	0.139000	0.121700	0.162100	0.103000	0.124600	0.132200	0.122300	0.140800	0.139600	0.112700	0.112100	0.145200	0.147100	0.153000	0.134900	0.143700
897359.9	0.124700	0.115400	0.136200	0.162800	0.139100	0.121500	0.161400	0.102800	0.124500	0.132100	0.121700	0.140800	0.139300	0.112700	0.111600	0.144800	0.147100	0.152400	0.135500	0.143800
902317.7	0.124800	0.115600	0.134500	0.160800	0.136900	0.121500	0.160100	0.106500	0.122700	0.132000	0.121600	0.139500	0.136600	0.113500	0.113200	0.141700	0.145300	0.150100	0.132500	0.141800
907275.5	0.125300	0.116200	0.135200	0.162100	0.138100	0.121500	0.160500	0.103000	0.123700	0.133300	0.120700	0.139000	0.137200	0.114900	0.114900	0.142600	0.145900	0.150600	0.134400	0.141600
912233.3	0.125500	0.115800	0.134100	0.160500	0.136800	0.121000	0.159800	0.107700	0.123200	0.132600	0.121100	0.138400	0.136400	0.113600	0.113500	0.141900	0.145300	0.150200	0.132400	0.141500
917191.1	0.124200	0.114200	0.134600	0.162400	0.139400	0.120200	0.159800	0.103600	0.124900	0.130200	0.122300	0.143000	0.141100	0.111700	0.110600	0.147100	0.147200	0.153600	0.136400	0.144600
922148.9	0.124700	0.116500	0.134100	0.157800	0.135500	0.121300	0.159500	0.105800	0.121900	0.134300	0.119900	0.134700	0.133700	0.115600	0.118000	0.138100	0.143600	0.148000	0.129300	0.138500
927106.7	0.124800	0.115600	0.134700	0.160700	0.137500	0.120700	0.159100	0.107200	0.123200	0.131500	0.121800	0.139800	0.137400	0.112400	0.112700	0.142800	0.144800	0.149800	0.132700	0.141700
932064.5	0.125400	0.115500	0.134100	0.160200	0.137200	0.120600	0.158800	0.107600	0.123000	0.131800	0.121100	0.138100	0.136900	0.112300	0.112600	0.141500	0.144800	0.150100	0.132500	0.141100
937022.2	0.123000	0.115000	0.133000	0.159100	0.136400	0.119900	0.158300	0.107600	0.122200	0.131800	0.119300	0.137400	0.136200	0.112800	0.113800	0.141000	0.144100	0.149500	0.131700	0.139900
941980.0	0.124900	0.115500	0.133900	0.158700	0.136200	0.119800	0.158200	0.107700	0.122600	0.133100	0.120400	0.137100	0.134900	0.114800	0.116900	0.139600	0.143600	0.148300	0.130800	0.139700
946937.8	0.123900	0.114000	0.134000	0.160400	0.139600	0.119100	0.158300	0.103800	0.124500	0.129000	0.121900	0.142900	0.139400	0.110400	0.108900	0.146100	0.146700	0.152700	0.135700	0.143900
951895.6	0.124200	0.114400	0.133100	0.159800	0.137000	0.119600	0.158000	0.104100	0.123700	0.130900	0.120600	0.139500	0.137000	0.111500	0.111300	0.142700	0.145400	0.150700	0.133200	0.142000
956853.4	0.124200	0.114700	0.134400	0.159500	0.137500	0.119600	0.158400	0.106900	0.123900	0.132000	0.120600	0.138800	0.136500	0.111800	0.112500	0.142900	0.145300	0.150400	0.133800	0.142200
961811.2	0.123600	0.114200	0.132800	0.159100	0.136700	0.119100	0.157200	0.106400	0.122700	0.130800	0.121600	0.139400	0.136600	0.111800	0.111900	0.142000	0.144900	0.149700	0.131500	0.140100
966769.0	0.123400	0.113800	0.133600	0.159200	0.137600	0.119200	0.157700	0.104900	0.123300	0.130200	0.121100	0.139400	0.137200	0.111200	0.111000	0.143200	0.145800	0.150400	0.133500	0.142200
971726.8	0.122400	0.113700	0.133700	0.161000	0.138800	0.119100	0.157700	0.102800	0.124500	0.130000	0.121500	0.142200	0.139800	0.110500	0.108800	0.146800	0.147500	0.153100	0.137400	0.143900
976684.6	0.123100	0.114700	0.132400	0.157400	0.134800	0.119300	0.156600	0.104600	0.121100	0.131900	0.119500	0.136700	0.133600	0.112900	0.115700	0.138600	0.144200	0.147600	0.130200	0.138600
981642.3	0.122400	0.113800	0.132900	0.158900	0.136800	0.118900	0.157100	0.103800	0.123100	0.130200	0.120000	0.139800	0.137900	0.111400	0.110400	0.144000	0.146000	0.150500	0.134300	0.142200
986600.1	0.122700	0.113600	0.132500	0.158000	0.136600	0.118600	0.156300	0.104100	0.122600	0.131200	0.119900	0.140200	0.136400	0.111500	0.111900	0.142300	0.144900	0.149700	0.133100	0.140600
991557.9	0.123300	0.113400	0.131500	0.157000	0.135800	0.118700	0.155500	0.106400	0.122000	0.130200	0.120500	0.138800	0.134700	0.111800	0.112300	0.141100	0.144400	0.148400	0.131400	0.139600
996515.7	0.122800	0.113800	0.132900	0.158200	0.137100	0.118800	0.156100	0.104200	0.122400	0.130900	0.120800	0.138800	0.136900	0.111600	0.112000	0.141500	0.144900	0.149700	0.132600	0.140700
1001473.5	0.122100	0.114300	0.133300	0.157900	0.137600	0.118600	0.156100	0.102400	0.122400	0.130500	0.119900	0.139600	0.137100	0.110500	0.111000	0.141400	0.145000	0.148900	0.133400	0.140600
1006431.3	0.123700	0.113900	0.132000	0.156500	0.135000	0.118300	0.154900	0.103500	0.121500	0.130800	0.120900	0.138700	0.135000	0.112000	0.112600	0.139900	0.143900	0.147400	0.130700	0.138700
1011389.1	0.122100	0.113300	0.132200	0.157200	0.135600	0.117800	0.155000	0.104700	0.122000	0.129600	0.120500	0.139800	0.135800	0.108800	0.109900	0.141700	0.144500	0.148800	0.132400	0.140000
1016346.9	0.122800	0.114000	0.132100	0.156100	0.134800	0.118600	0.155200	0.104900	0.121100	0.131000	0.119700	0.136900	0.134300	0.112500	0.113800	0.138300	0.142800	0.147000	0.129900	0.137900
1021304.7	0.122200	0.112900	0.131800	0.156100	0.134900	0.117700	0.154400	0.105100	0.121700	0.130600	0.118500	0.137700	0.134800	0.111600	0.113000	0.139600	0.143600	0.147700	0.130800	0.139000
1026262.4	0.122300	0.113900	0.131900	0.155700	0.134800	0.118400	0.154400	0.102000	0.121600	0.130900	0.118200	0.136400	0.134100	0.111500	0.112400	0.138600	0.143700	0.147000	0.130800	0.139400
1031220.2	0.122300	0.114000	0.131900	0.156300	0.136000	0.117600	0.154600	0.102900	0.122500	0.131300	0.119900	0.138200	0.134700	0.110900	0.112600	0.140200	0.143600	0.147500	0.131300	0.139000
1036178.0	0.121700	0.113200	0.131800	0.156300	0.136300	0.117400	0.154100	0.101400	0.122800	0.129400	0.119600	0.139000	0.136200	0.109600	0.110700	0.142200	0.145000	0.149300	0.132300	0.140700
1041135.8	0.122200	0.113400	0.131700	0.156500	0.136200	0.118000	0.154200	0.105900	0.122500	0.130500	0.120500	0.139100	0.135900	0.110600	0.110500	0.141000	0.144200	0.148300	0.132700	0.139600
1046093.6	0.121600	0.112700	0.131100	0.155900	0.136100	0.117600	0.153600	0.106900	0.122100	0.128700	0.119300	0.139600	0.134600	0.109400	0.109200	0.140900	0.144600	0.148700	0.132000	0.139700
1051051.4	0.121900	0.113300	0.130800	0.154500	0.133900	0.117900	0.153300	0.106700	0.121800	0.130100	0.118700	0.136900	0.133300	0.111400	0.113000	0.138700	0.143100	0.147000	0.130100	0.138100
1056009.2	0.121500	0.112800	0.130800	0.155700	0.136100	0.117600	0.153700	0.101000	0.121800	0.129500	0.119800	0.139500	0.134800	0.109600	0.110100	0.141900	0.145000	0.149000	0.133000	0.140600
1060967.0	0.121800	0.112700	0.131100	0.155500	0.134600	0.117400	0.153000	0.104200	0.122200	0.129000	0.119500	0.139400	0.133400	0.109300	0.110100	0.141700	0.144000	0.148300	0.131700	0.139600
1065924.8	0.121000	0.112600	0.130600	0.154200	0.134900	0.117200	0.152600	0.102100	0.121800	0.128700	0.119000	0.139400	0.135100	0.109400	0.109900	0.140700	0.143800	0.147500	0.131200	0.138900
1070882.5	0.121000	0.112400	0.129400	0.153600	0.134000	0.116900	0.151900	0.105100	0.121100	0.129000	0.117900	0.136000	0.132300	0.110600	0.111000	0.139300	0.142900	0.146200	0.130400	0.137000
1075840.3	0.122800	0.113200	0.130000	0.153200	0.133900	0.117400	0.152400	0.107000	0.120800	0.129400	0.119200	0.137500	0.131800	0.110900	0.111700	0.138900	0.143100	0.145900	0.129800	0.137800
1080798.1	0.122200	0.112800	0.129800	0.153300	0.134300	0.117300	0.152900	0.104700	0.121500	0.130300	0.118300	0.136400	0.133000	0.110200	0.111700	0.138800	0.143100	0.146500	0.130000	0.137900
1085755.9	0.121200	0.111900	0.129700	0.153700	0.134800	0.116700	0.152200	0.103200	0.121900	0.128700	0.118200	0.138200	0.133200	0.109100	0.109700	0.140400	0.142900	0.147300	0.132000	0.138100
1090713.7	0.121400	0.111800	0.129700	0.153800	0.134500	0.116100	0.151200	0.100600	0.121300	0.127400	0.119900	0.140300	0.133900	0.109300	0.110700	0.139800	0.143000	0.146800	0.130500	0.138500
1095671.5	0.121900	0.112600	0.130700	0.154500	0.135200	0.117000	0.152200	0.107300	0.122700	0.129300	0.117600	0.139000	0.134800	0.109500	0.109300	0.141500	0.143900	0.147800	0.131600	0.138800
1100629.3	0.122300	0.113700	0.130200	0.152900	0.133800	0.117400	0.151800	0.105600	0.121300	0.130900	0.117700	0.136200	0.132600	0.111400	0.113300	0.137900	0.142400	0.145600	0.129300	0.137100
1105587.1	0.122000	0.113200	0.129900	0.152600	0.133600	0.117700	0.152100	0.105300	0.121200	0.130000	0.115600	0.135000	0.131900	0.110500	0.110800	0.137700	0.142100	0.145600	0.129400	0.137400
1110544.9	0.122000	0.112300	0.129500	0.152100	0.133700	0.116500	0.150700	0.103100	0.120600	0.129100	0.116800	0.136500	0.132200	0.110800	0.111400	0.137500	0.141900	0.144800	0.130300	0.136900
1115502.7	0.121800	0.112500	0.129100	0.151500	0.132600	0.116800	0.152200	0.103500	0.120200	0.130700	0.116900	0.135300	0.130900	0.110300	0.111700	0.137200	0.141800	0.144300	0.129300	0.136000
1120460.4	0.121700	0.112300	0.130000	0.152200	0.133800	0.117000	0.152100	0.105800	0.121700	0.130800	0.116200	0.136700	0.132000	0.110000	0.109400	0.138200	0.141500	0.145400	0.130100	0.137100
1125418.2	0.121500	0.112900	0.129700	0.152500	0.134000	0.117000	0.152300	0.103500	0.121900	0.130500	0.116000	0.136800	0.132200	0.109300	0.109300	0.139100	0.142500	0.146400	0.130400	0.137400
1130376.0	0.121200	0.112300	0.129300	0.151800	0.133300	0.116500	0.151400	0.102100	0.121000	0.130000	0.117400	0.138100	0.130700	0.108800	0.110800	0.137600	0.142000	0.145300	0.129700	0.136400
1135333.8	0.121500	0.113000	0.129500	0.151900	0.133300	0.117100	0.152400	0.104000	0.121600	0.130500	0.115000	0.135900	0.131600	0.110300	0.110200	0.138100	0.141600	0.145100	0.129600	0.136900
1140291.6	0.120700	0.111700	0.129700	0.152100	0.134000	0.115700	0.151500	0.102800	0.122200	0.128800	0.116300	0.138900	0.133300	0.108200	0.106900	0.141100	0.143400	0.147500	0.131900	0.138800
1145249.4	0.121100	0.112200	0.129500	0.152200	0.134000	0.116700	0.151600	0.101200	0.121700	0.129400	0.116300	0.137200	0.133200	0.107900	0.108300	0.139400	0.142000	0.145800	0.130700	0.137800
1150207.2	0.120600	0.111800	0.129100	0.151400	0.133500	0.116000	0.151400	0.102900	0.121600	0.129000	0.116500	0.137700	0.132500	0.108000	0.107500	0.138600	0.142400	0.146000	0.130700	0.137400
1155165.0	0.122000	0.112900	0.128900	0.151200	0.132100	0.117000	0.151100	0.103200	0.120900	0.130900	0.116900	0.137100	0.130100	0.109800	0.112700	0.136800	0.141400	0.144100	0.128400	0.136400
1160122.8	0.121200	0.113300	0.129800	0.153600	0.134200	0.117900	0.152700	0.103100	0.122900	0.131100	0.117600	0.137200	0.134000	0.110800	0.110400	0.139900	0.142800	0.146300	0.130600	0.137800
1165080.5	0.120400	0.114200	0.130200	0.155300	0.135800	0.118700	0.153500	0.107300	0.124900	0.131200	0.117800	0.138800	0.134900	0.110700	0.108900	0.142600	0.145400	0.148900	0.133200	0.140000
1170038.3	0.122100	0.114400	0.129400	0.153300	0.132600	0.119300	0.152400	0.107300	0.122700	0.131200	0.118400	0.136400	0.131800	0.111800	0.111500	0.138400	0.143300	0.145700	0.129600	0.137300
1174996.1	0.122100	0.113800	0.129600	0.153500	0.134000	0.119000	0.152500	0.106800	0.123000	0.131700	0.119100	0.137300	0.133200	0.111100	0.110800	0.139800	0.143100	0.146100	0.130800	0.137500
1179953.9	0.121900	0.113900	0.129500	0.153800	0.133900	0.118300	0.151800	0.106800	0.123800	0.131100	0.118900	0.139100	0.134000	0.109700	0.110500	0.140600	0.144400	0.146500	0.132100	0.138900
1184911.7	0.121500	0.114200	0.130000	0.153500	0.133300	0.118700	0.151700	0.105200	0.123300	0.131500	0.119300	0.138100	0.132200	0.110600	0.110500	0.139600	0.144100	0.146400	0.131500	0.138600
1189869.5	0.122100	0.114500	0.130300	0.153600	0.133600	0.118700	0.151600	0.107500	0.123700	0.131200	0.118900	0.139100	0.133100	0.110400	0.110400	0.140100	0.144400	0.146300	0.131200	0.139100
1194827.3	0.121200	0.113800	0.130100	0.153300	0.133500	0.118000	0.150800	0.105200	0.122900	0.131000	0.119400	0.139400	0.132200	0.109700	0.110500	0.139100	0.143900	0.145600	0.131000	0.137900
1199785.1	0.121600	0.114000	0.128600	0.149800	0.131000	0.118100	0.149100	0.105300	0.121300	0.130700	0.118400	0.137000	0.130000	0.110800	0.113000	0.136200	0.141200	0.142800	0.128800	0.135800
1204742.9	0.121500	0.113300	0.128700	0.150600	0.132200	0.118100	0.149800	0.110000	0.122400	0.130700	0.118600	0.138500	0.130600	0.109800	0.112100	0.138200	0.142200	0.144700	0.129900	0.137000
1209700.6	0.121100	0.114200	0.128900	0.152100	0.133000	0.118400	0.150400	0.109100	0.123100	0.130700	0.118700	0.138100	0.131400	0.110500	0.111600	0.139000	0.143800	0.146200	0.130000	0.138300
1214658.4	0.120800	0.114400	0.129700	0.153200	0.133800	0.118700	0.150700	0.107200	0.124400	0.131400	0.119600	0.140500	0.133600	0.110700	0.111300	0.141300	0.144100	0.146800	0.132600	0.139700
1219616.2	0.120300	0.113600	0.129500	0.152800	0.133800	0.118000	0.150200	0.101600	0.124000	0.130500	0.119600	0.141400	0.134500	0.109100	0.110500	0.142600	0.144300	0.147200	0.133000	0.138900
1224574.0	0.121400	0.114500	0.130000	0.152200	0.133700	0.119100	0.150600	0.112700	0.123500	0.131700	0.119600	0.139500	0.131700	0.112500	0.114000	0.139600	0.143300	0.145800	0.130800	0.137900
1229531.8	0.145100	0.139000	0.187800	0.173400	0.154100	0.127900	0.163300	0.120900	0.146900	0.145800	0.174900	0.189600	0.170000	0.130900	0.121500	0.158100	0.160100	0.185500	0.155200	0.182500
1234489.6	0.189600	0.182500	0.252200	0.199500	0.181000	0.143600	0.185900	0.140100	0.192900	0.166600	0.213800	0.265500	0.211600	0.160200	0.129700	0.176700	0.182700	0.229500	0.197900	0.230600
1239447.4	0.214400	0.218000	0.287600	0.219300	0.197600	0.159200	0.208700	0.160100	0.226200	0.186500	0.229700	0.295500	0.227700	0.184600	0.140000	0.186200	0.200100	0.258200	0.223400	0.255700
1244405.2	0.224200	0.241900	0.317200	0.238800	0.213800	0.175300	0.229900	0.170800	0.247000	0.206200	0.242000	0.317300	0.238900	0.197300	0.146900	0.195800	0.216800	0.282400	0.234400	0.272700
1249363.0	0.229400	0.255600	0.342200	0.253500	0.227300	0.184600	0.244300	0.171500	0.263900	0.213900	0.252400	0.338600	0.246600	0.201000	0.146900	0.202600	0.230600	0.300200	0.240200	0.286300
1254320.8	0.237100	0.273100	0.372800	0.268100	0.238500	0.192800	0.257400	0.183200	0.281400	0.223500	0.261000	0.355300	0.251500	0.210900	0.154500	0.204800	0.240600	0.311700	0.242400	0.292400
1259278.5	0.239700	0.288800	0.405900	0.283300	0.253800	0.200800	0.269800	0.180400	0.304300	0.225700	0.272200	0.379200	0.260100	0.212600	0.153500	0.214900	0.254700	0.328000	0.250200	0.303600
1264236.3	0.243700	0.301300	0.427200	0.295500	0.263900	0.203300	0.277300	0.189200	0.318500	0.228000	0.278300	0.397100	0.264400	0.217200	0.156800	0.218600	0.266500	0.335200	0.252300	0.305600
1269194.1	0.243500	0.310300	0.445600	0.304900	0.273300	0.205500	0.285900	0.187400	0.332600	0.230600	0.285500	0.414200	0.271500	0.216000	0.155600	0.225200	0.274800	0.345400	0.259400	0.312000
1274151.9	0.245700	0.320400	0.459400	0.313100	0.281100	0.207900	0.291700	0.190100	0.343900	0.232700	0.292000	0.427800	0.271600	0.219500	0.157500	0.228700	0.280400	0.349200	0.259400	0.314100
1279109.7	0.249700	0.329800	0.468700	0.315300	0.280700	0.209700	0.295300	0.207900	0.347600	0.237700	0.299600	0.431800	0.269900	0.226700	0.167200	0.227200	0.280000	0.345900	0.256500	0.308700
1284067.5	0.251200	0.334800	0.476500	0.320500	0.286000	0.211600	0.299100	0.205700	0.356400	0.236800	0.302600	0.444100	0.276100	0.228900	0.166800	0.233400	0.282100	0.350200	0.260700	0.314200
1289025.3	0.251500	0.341300	0.478700	0.319900	0.284500	0.212900	0.300300	0.210400	0.358800	0.240300	0.302000	0.441900	0.272300	0.232900	0.168400	0.231700	0.279700	0.347600	0.256300	0.311800
1293983.1	0.251700	0.345300	0.484200	0.323000	0.287700	0.214700	0.300500	0.214100	0.363600	0.240400	0.305600	0.450400	0.273900	0.236400	0.169400	0.236800	0.280000	0.350300	0.260800	0.314600
1298940.9	0.254000	0.347600	0.483300	0.323400	0.285700	0.215100	0.299500	0.209900	0.366900	0.238100	0.305700	0.454700	0.275400	0.235100	0.169200	0.238400	0.277500	0.349800	0.261500	0.314600
1303898.6	0.254400	0.351800	0.482500	0.324300	0.284600	0.214900	0.300200	0.214600	0.369500	0.238600	0.308800	0.462300	0.274600	0.238100	0.171600	0.240200	0.274800	0.349900	0.260100	0.315200
1308856.4	0.254500	0.353200	0.479400	0.323700	0.282500	0.214400	0.299100	0.216100	0.370700	0.238100	0.310000	0.463900	0.276200	0.239800	0.171900	0.243000	0.271500	0.349300	0.263200	0.315000
1313814.2	0.254800	0.355100	0.478200	0.324300	0.280900	0.215700	0.298800	0.211800	0.373400	0.240000	0.309900	0.469500	0.277100	0.235900	0.169800	0.245900	0.268500	0.349400	0.266000	0.316100
1318772.0	0.255300	0.356100	0.483000	0.325300	0.280800	0.215000	0.300000	0.211600	0.375600	0.240900	0.311500	0.469000	0.279900	0.237300	0.170900	0.248800	0.266600	0.349900	0.266100	0.314500
1323729.8	0.254000	0.354500	0.478800	0.321500	0.277000	0.214800	0.295500	0.211100	0.374600	0.239100	0.312400	0.470900	0.277900	0.236700	0.169000	0.248500	0.263500	0.350200	0.265500	0.313100
1328687.6	0.254200	0.358600	0.479500	0.321100	0.275000	0.217800	0.295000	0.219500	0.374400	0.241700	0.310200	0.463600	0.275500	0.241500	0.175000	0.246500	0.260300	0.345200	0.262800	0.312300
1333645.4	0.253600	0.357100	0.481000	0.319500	0.273700	0.217200	0.294100	0.218200	0.375400	0.242000	0.312800	0.467600	0.276200	0.241300	0.174000	0.248900	0.258700	0.344500	0.267100	0.314900
1338603.2	0.252300	0.358100	0.484200	0.320100	0.273300	0.217000	0.292300	0.211900	0.377400	0.242900	0.309900	0.468100	0.276800	0.240200	0.171100	0.251500	0.255000	0.345200	0.268600	0.314300
1343561.0	0.251900	0.356700	0.480900	0.318000	0.268700	0.217900	0.291100	0.215100	0.376300	0.242700	0.311600	0.467000	0.273200	0.241800	0.173700	0.250500	0.253600	0.344200	0.266800	0.315300
1348518.7	0.253400	0.357700	0.479000	0.314600	0.268400	0.219500	0.289700	0.216700	0.377900	0.243500	0.311400	0.460800	0.271700	0.241900	0.174200	0.248400	0.249800	0.340100	0.263900	0.311600
1353476.5	0.253600	0.358000	0.474600	0.310800	0.262500	0.219000	0.286800	0.227800	0.371300	0.245300	0.309600	0.453400	0.267700	0.247600	0.181200	0.244200	0.246200	0.334400	0.259200	0.306000
1358434.3	0.253500	0.358400	0.477600	0.313700	0.264000	0.220400	0.285300	0.232900	0.371600	0.248000	0.312800	0.456400	0.267200	0.248200	0.183900	0.243200	0.245600	0.332100	0.260400	0.306000
1363392.1	0.251300	0.356700	0.476700	0.313300	0.265000	0.218900	0.283200	0.224600	0.371300	0.244800	0.311400	0.458700	0.268600	0.242900	0.179000	0.245700	0.243800	0.334100	0.262300	0.309000
1368349.9	0.253200	0.357400	0.474600	0.312200	0.263600	0.220100	0.282700	0.224300	0.371900	0.246500	0.310400	0.454700	0.266700	0.244400	0.179600	0.245800	0.243000	0.331800	0.260600	0.308800
1373307.7	0.252600	0.357700	0.477000	0.312700	0.262900	0.219700	0.282600	0.223200	0.373700	0.247800	0.313500	0.457500	0.269600	0.244300	0.177900	0.246900	0.244100	0.333100	0.266100	0.310900
1378265.5	0.250300	0.352200	0.472000	0.312400	0.262400	0.218200	0.282000	0.219900	0.374000	0.245200	0.311600	0.458700	0.268800	0.241800	0.175700	0.247700	0.241700	0.331800	0.267000	0.311700
1383223.3	0.250800	0.355100	0.476500	0.312100	0.261000	0.219400	0.281400	0.220000	0.370900	0.247200	0.310400	0.452000	0.266700	0.244300	0.176200	0.246100	0.240100	0.329800	0.261900	0.309600
1388181.1	0.251000	0.353900	0.472900	0.310400	0.259900	0.218800	0.280000	0.226000	0.368300	0.247400	0.312100	0.451400	0.265700	0.245900	0.179400	0.244700	0.238400	0.328300	0.260600	0.307200
1393138.9	0.251000	0.350100	0.470900	0.309700	0.259300	0.217500	0.277800	0.223300	0.368100	0.245800	0.311500	0.454800	0.267300	0.243300	0.178700	0.248100	0.237500	0.331000	0.263600	0.310500
1398096.6	0.245500	0.345600	0.462900	0.300200	0.251800	0.214600	0.271200	0.220200	0.362100	0.242200	0.305200	0.440600	0.257500	0.238600	0.176700	0.238000	0.229900	0.320600	0.253200	0.298900
1403054.4	0.221000	0.326500	0.439900	0.277700	0.231800	0.201100	0.252700	0.203700	0.348800	0.225500	0.277900	0.417700	0.233100	0.216000	0.169100	0.228900	0.219800	0.290700	0.235600	0.269200
1408012.2	0.195300	0.304900	0.413300	0.248800	0.206400	0.189200	0.229200	0.190500	0.325200	0.209100	0.231800	0.363500	0.196000	0.194100	0.165900	0.204300	0.199400	0.242500	0.205400	0.228700
1412970.0	0.180400	0.282900	0.396000	0.231200	0.192200	0.179200	0.213100	0.166300	0.306500	0.195000	0.206200	0.331400	0.180000	0.175500	0.156000	0.193700	0.187800	0.219100	0.192000	0.208400
1417927.8	0.168800	0.262100	0.378800	0.216500	0.181800	0.170800	0.199700	0.157700	0.287900	0.186100	0.187300	0.297600	0.168700	0.166000	0.153800	0.184400	0.178500	0.201600	0.179300	0.192800
1422885.6	0.161000	0.241000	0.369200	0.208400	0.175100	0.164800	0.189400	0.141900	0.272600	0.178800	0.173700	0.272300	0.164900	0.155600	0.146700	0.180200	0.173000	0.191700	0.174800	0.184000
1427843.4	0.155300	0.223500	0.357800	0.199800	0.168700	0.160300	0.181900	0.138600	0.256600	0.173900	0.165200	0.251500	0.160400	0.150600	0.146500	0.174800	0.167200	0.182600	0.167300	0.176400
1432801.2	0.151600	0.206500	0.345800	0.192400	0.163200	0.156100	0.176000	0.130000	0.241200	0.168000	0.158200	0.234800	0.156900	0.144700	0.140400	0.170400	0.162600	0.176500	0.163300	0.169800
1437759.0	0.148000	0.193700	0.340200	0.190500	0.161500	0.152700	0.172200	0.120000	0.231100	0.163600	0.153500	0.227900	0.158700	0.139600	0.134400	0.171900	0.162600	0.175200	0.162300	0.167400
1442716.7	0.146000	0.184000	0.330800	0.185400	0.158000	0.149400	0.168400	0.119600	0.218700	0.160500	0.147800	0.214000	0.154600	0.137700	0.133500	0.167400	0.158700	0.170300	0.160300	0.163500
1447674.5	0.142900	0.175100	0.322800	0.181500	0.154100	0.148000	0.165000	0.120000	0.208600	0.158800	0.146400	0.205900	0.152400	0.135500	0.134400	0.163700	0.156600	0.166700	0.157100	0.159400
1452632.3	0.142300	0.170100	0.318600	0.179500	0.152500	0.146000	0.163400	0.120100	0.199200	0.157400	0.144500	0.198100	0.151400	0.136000	0.135500	0.161900	0.154500	0.164200	0.154100	0.157800
1457590.1	0.140600	0.163800	0.312400	0.178200	0.151800	0.143800	0.161900	0.114600	0.194300	0.153800	0.142000	0.194400	0.152800	0.132800	0.129600	0.162800	0.154600	0.164200	0.154900	0.157200
1462547.9	0.139100	0.159300	0.305600	0.174500	0.149700	0.141700	0.158800	0.113900	0.186300	0.151100	0.139800	0.188300	0.149700	0.130200	0.127800	0.160400	0.152100	0.161400	0.151500	0.154400
1467505.7	0.137000	0.154400	0.298300	0.173000	0.148700	0.139900	0.157400	0.114100	0.180900	0.149000	0.136300	0.184000	0.150200	0.128300	0.126100	0.159800	0.152000	0.161100	0.152600	0.153100
1472463.5	0.136400	0.152100	0.292800	0.170200	0.146400	0.139500	0.156200	0.113800	0.175700	0.149200	0.135300	0.177300	0.146800	0.129500	0.127900	0.155900	0.149600	0.157300	0.148700	0.150500
1477421.3	0.136800	0.149600	0.288100	0.169600	0.146000	0.137900	0.155500	0.113900	0.173600	0.147500	0.135300	0.176700	0.147300	0.128700	0.126400	0.155900	0.149100	0.157800	0.149300	0.150500
1482379.1	0.135700	0.147100	0.285200	0.170600	0.146100	0.137300	0.155100	0.113400	0.173300	0.145300	0.134200	0.177400	0.149600	0.126200	0.122900	0.159100	0.150600	0.159900	0.151600	0.152200
1487336.8	0.135500	0.145700	0.277200	0.167200	0.144200	0.136700	0.153400	0.114000	0.168200	0.145100	0.134200	0.172800	0.146300	0.126200	0.124800	0.154100	0.148300	0.156900	0.147000	0.149000
1492294.6	0.134700	0.144000	0.268900	0.165400	0.142500	0.135700	0.152400	0.114000	0.164100	0.144700	0.132700	0.169400	0.144900	0.127200	0.126000	0.151300	0.147100	0.154300	0.146500	0.147200
1497252.4	0.133500	0.141600	0.261800	0.163900	0.142600	0.134100	0.151800	0.114200	0.163700	0.142600	0.132100	0.170500	0.144500	0.124300	0.122000	0.152900	0.146900	0.155200	0.147300	0.147400
1502210.2	0.132100	0.139800	0.251800	0.162000	0.140900	0.133000	0.150200	0.112200	0.161800	0.141000	0.131400	0.168200	0.143400	0.124700	0.122000	0.151700	0.146000	0.154000	0.145300	0.146400
1507168.0	0.131800	0.139800	0.244600	0.159700	0.139400	0.132100	0.149500	0.113000	0.159200	0.141000	0.131100	0.165700	0.141200	0.124400	0.122600	0.149300	0.144700	0.152300	0.144100	0.144300
1512125.8	0.130800	0.137900	0.236600	0.158500	0.139000	0.130000	0.148300	0.112200	0.158700	0.139800	0.130300	0.164700	0.141000	0.122500	0.121000	0.149700	0.144600	0.152400	0.143500	0.143600
1517083.6	0.129900	0.136500	0.230500	0.156900	0.137800	0.129200	0.146900	0.112600	0.157400	0.138500	0.129100	0.163900	0.140800	0.122700	0.118800	0.148900	0.144300	0.151700	0.143700	0.144000
1522041.4	0.129000	0.136400	0.224300	0.156500	0.137700	0.128900	0.147200	0.110600	0.156600	0.138300	0.129600	0.162300	0.140900	0.122200	0.118600	0.147800	0.143900	0.151800	0.143500	0.143400
1526999.2	0.129000	0.135500	0.219000	0.155700	0.137300	0.128300	0.146100	0.110400	0.156300	0.137000	0.129600	0.162400	0.140100	0.120000	0.116300	0.147600	0.143300	0.150900	0.142200	0.143700
1531956.9	0.128600	0.134700	0.213700	0.153300	0.136100	0.127200	0.145200	0.112100	0.154300	0.136700	0.128000	0.160200	0.137300	0.120900	0.118900	0.145600	0.142000	0.148300	0.139800	0.141000
1536914.7	0.127200	0.134100	0.210300	0.153600	0.135900	0.126700	0.145400	0.110400	0.154200	0.136900	0.127600	0.159800	0.138500	0.120000	0.117100	0.146200	0.142900	0.148700	0.141100	0.141400
1541872.5	0.128800	0.133600	0.208100	0.153700	0.135600	0.127700	0.144900	0.110800	0.153800	0.137300	0.127100	0.157900	0.135900	0.121500	0.118600	0.144900	0.141500	0.148300	0.140600	0.141800
1546830.3	0.127800	0.132700	0.204100	0.153300	0.135500	0.126800	0.144400	0.111700	0.154100	0.135800	0.127900	0.160300	0.137200	0.118900	0.116100	0.146300	0.142000	0.149500	0.140700	0.142500
1551788.1	0.127800	0.133300	0.201200	0.151400	0.134200	0.126800	0.144400	0.113400	0.151500	0.136900	0.127100	0.156200	0.133800	0.120900	0.118800	0.142200	0.140700	0.146100	0.136800	0.139900
1556745.9	0.127500	0.132600	0.198300	0.151600	0.134500	0.126400	0.143900	0.112000	0.152000	0.135700	0.126700	0.157100	0.134900	0.120800	0.117300	0.143300	0.141400	0.147400	0.138000	0.141000
