VERSION	1200
Time[MSec.]	Ratio	Ratio	Ratio	Ratio	Ratio	Ratio	Ratio	Ratio	Ratio	Ratio	Ratio	Ratio	Ratio	Ratio	Ratio	Ratio
%.1f	%.4f	%.4f	%.4f	%.4f	%.4f	%.4f	%.4f	%.4f	%.4f	%.4f	%.4f	%.4f	%.4f	%.4f	%.4f	%.4f
Time	ROI(1-1)	ROI(1-2)	ROI(1-3)	ROI(1-4)	ROI(1-5)	ROI(1-6)	ROI(1-7)	ROI(1-8)	ROI(1-9)	ROI(1-10)	ROI(1-11)	ROI(1-12)	ROI(1-13)	ROI(1-14)	ROI(1-15)	ROI(1-16)
GraphNo	1	2	3	4	5	6	7	8	9	10	11	12	13	14	15	16
0.0	0.194100	0.308100	0.196900	0.287600	0.214400	0.451400	0.175900	0.168800	0.180000	0.244800	0.302700	0.233700	0.356500	0.166400	0.184000	0.309800
5095.5	0.196100	0.314100	0.193700	0.283900	0.212100	0.450100	0.175600	0.168700	0.182200	0.246100	0.301600	0.231500	0.371500	0.176500	0.191500	0.309800
10191.0	0.192100	0.298400	0.203600	0.286100	0.214500	0.463700	0.172500	0.165100	0.177000	0.245300	0.292400	0.237400	0.359800	0.163600	0.179000	0.307400
15286.5	0.193100	0.300300	0.200900	0.282700	0.214800	0.457200	0.174100	0.167400	0.179100	0.243300	0.284800	0.235000	0.350600	0.166300	0.181100	0.309100
20382.0	0.192100	0.296000	0.207600	0.318300	0.219500	0.470600	0.174500	0.168600	0.176700	0.245100	0.294100	0.238900	0.349500	0.167200	0.180900	0.309700
25477.5	0.194300	0.299700	0.200600	0.332800	0.215900	0.471300	0.174900	0.169100	0.179000	0.248000	0.302700	0.235900	0.343600	0.166800	0.180500	0.310600
30573.0	0.195100	0.302600	0.194400	0.325600	0.210300	0.459000	0.175000	0.169100	0.180500	0.247600	0.310000	0.232000	0.330000	0.172300	0.183800	0.309900
35668.5	0.192400	0.292900	0.201100	0.325900	0.212600	0.470600	0.178700	0.167200	0.176100	0.247100	0.311700	0.235500	0.318500	0.167100	0.178100	0.303800
40764.1	0.189800	0.284700	0.215200	0.323600	0.221900	0.494700	0.215000	0.175200	0.173400	0.252500	0.316600	0.243500	0.318800	0.160000	0.171400	0.302900
45859.6	0.192200	0.285900	0.203400	0.319300	0.216700	0.478700	0.249300	0.183600	0.176400	0.251100	0.327100	0.237200	0.309700	0.167600	0.178500	0.301900
50955.1	0.190300	0.282900	0.205800	0.306000	0.217600	0.480000	0.241800	0.182500	0.175100	0.247000	0.329000	0.237300	0.301900	0.166000	0.176400	0.300100
56050.6	0.190000	0.281700	0.204500	0.289400	0.212800	0.475700	0.232300	0.178600	0.174900	0.246300	0.335100	0.236000	0.296800	0.164200	0.173900	0.301700
61146.1	0.189100	0.285100	0.197000	0.272000	0.210800	0.470200	0.229900	0.180000	0.176400	0.241800	0.345700	0.230200	0.291800	0.173900	0.181100	0.298200
66241.6	0.188300	0.281900	0.198300	0.267800	0.210100	0.467500	0.241400	0.181600	0.177200	0.242600	0.356200	0.230000	0.286300	0.168000	0.176600	0.294700
71337.1	0.186800	0.276300	0.199800	0.262200	0.211200	0.471300	0.224100	0.179200	0.175700	0.242600	0.359300	0.231500	0.282600	0.166500	0.175000	0.292400
76432.6	0.184900	0.272600	0.200500	0.257800	0.212300	0.471300	0.209800	0.175300	0.173500	0.240700	0.353400	0.230300	0.279500	0.165500	0.173200	0.290300
81528.1	0.184400	0.271200	0.202900	0.255300	0.210900	0.467000	0.194300	0.171600	0.172400	0.238900	0.349400	0.229700	0.278700	0.164800	0.172900	0.289900
86623.6	0.182900	0.259500	0.205800	0.254400	0.215100	0.473000	0.188300	0.167600	0.169800	0.237300	0.335100	0.231500	0.279700	0.152500	0.164900	0.288900
91719.1	0.181800	0.258600	0.200600	0.246800	0.209600	0.463500	0.182300	0.166900	0.169400	0.231100	0.317000	0.226000	0.284600	0.153300	0.166400	0.284600
96814.6	0.180400	0.251100	0.209700	0.247700	0.213000	0.476200	0.177500	0.163700	0.167000	0.232800	0.313100	0.231400	0.295900	0.145200	0.160700	0.286900
101910.1	0.183500	0.259500	0.191900	0.236200	0.206300	0.450300	0.179500	0.167100	0.170600	0.229000	0.306600	0.219400	0.299400	0.155600	0.171200	0.285400
107005.6	0.183500	0.253100	0.192000	0.236500	0.205800	0.453400	0.176500	0.165900	0.170200	0.227300	0.311700	0.218600	0.295100	0.150000	0.168000	0.284600
112101.1	0.180800	0.249100	0.194800	0.236700	0.207500	0.457000	0.176900	0.163700	0.168100	0.225300	0.306500	0.219500	0.286900	0.145500	0.165000	0.280800
117196.7	0.178200	0.240200	0.203600	0.242800	0.212800	0.478600	0.179000	0.162500	0.164400	0.225200	0.295300	0.224600	0.279700	0.136000	0.159200	0.278400
122292.2	0.180900	0.248100	0.191500	0.235300	0.206800	0.450600	0.193300	0.168800	0.168900	0.222900	0.285500	0.216800	0.275900	0.145200	0.167800	0.277800
127387.7	0.177800	0.236900	0.195800	0.237600	0.209600	0.460200	0.212500	0.172900	0.166200	0.221100	0.273000	0.217900	0.273200	0.134900	0.159000	0.274800
132483.2	0.177700	0.235600	0.199700	0.240200	0.210700	0.460200	0.221500	0.174200	0.165700	0.220800	0.266600	0.219300	0.271200	0.135900	0.161500	0.274600
137578.7	0.179500	0.235700	0.191200	0.239800	0.204800	0.439100	0.212600	0.171700	0.167400	0.221100	0.265500	0.215800	0.275100	0.136600	0.162800	0.274600
142674.2	0.176500	0.228300	0.199100	0.250500	0.210600	0.449600	0.211800	0.171900	0.164300	0.219800	0.256600	0.218300	0.274800	0.129600	0.156800	0.271100
147769.7	0.177600	0.230800	0.199200	0.253100	0.210600	0.452100	0.217100	0.173700	0.164400	0.219900	0.251800	0.216700	0.271900	0.132400	0.159000	0.271900
152865.2	0.180300	0.234000	0.196600	0.267800	0.210600	0.449500	0.223100	0.175600	0.167100	0.221600	0.256800	0.216000	0.272900	0.131300	0.159200	0.274400
157960.7	0.184900	0.249200	0.194100	0.298100	0.210100	0.459100	0.253200	0.187400	0.172000	0.221600	0.261700	0.210900	0.273400	0.146100	0.174000	0.276800
163056.2	0.181900	0.236500	0.215500	0.317300	0.220400	0.513000	0.254800	0.182400	0.167000	0.227000	0.259600	0.224800	0.277200	0.128100	0.158600	0.281500
168151.7	0.188500	0.247800	0.215700	0.315700	0.219200	0.535500	0.248500	0.184400	0.172400	0.229500	0.260900	0.223500	0.281400	0.134800	0.165300	0.287100
173247.2	0.186600	0.244500	0.224600	0.312900	0.227300	0.569200	0.242800	0.184000	0.171500	0.231200	0.255100	0.228200	0.286300	0.127600	0.160600	0.291500
178342.7	0.190700	0.250200	0.224200	0.299700	0.226800	0.559400	0.241700	0.186800	0.176100	0.231900	0.252300	0.226500	0.292900	0.133400	0.167300	0.296700
183438.2	0.193600	0.261600	0.218200	0.286400	0.222200	0.562900	0.235700	0.189500	0.180500	0.230700	0.249000	0.221500	0.297900	0.145900	0.180500	0.299300
188533.7	0.194900	0.261800	0.220700	0.283600	0.224100	0.572900	0.231100	0.187800	0.182100	0.234000	0.246700	0.224800	0.307300	0.142800	0.179500	0.307000
193629.2	0.194100	0.257600	0.221700	0.277700	0.225300	0.569900	0.223800	0.184700	0.182700	0.233900	0.242400	0.225600	0.310400	0.138100	0.175900	0.308800
198724.7	0.191800	0.247900	0.228100	0.276500	0.226700	0.579800	0.217800	0.183100	0.181000	0.231500	0.236400	0.229100	0.310200	0.130800	0.168400	0.308100
203820.2	0.193400	0.252900	0.223200	0.270200	0.228000	0.573400	0.216600	0.185100	0.182600	0.231700	0.234300	0.226200	0.308900	0.140400	0.177300	0.309400
208915.7	0.196200	0.258600	0.220700	0.264500	0.226200	0.563500	0.215800	0.185200	0.184900	0.230900	0.233300	0.222900	0.309900	0.146600	0.184300	0.310800
214011.3	0.196700	0.255500	0.225400	0.264700	0.228700	0.562700	0.216000	0.186500	0.186500	0.232700	0.231000	0.224400	0.312900	0.145100	0.183900	0.312500
219106.8	0.194600	0.243600	0.242500	0.270000	0.238100	0.605600	0.213700	0.181800	0.183700	0.236000	0.226800	0.234500	0.316900	0.133100	0.171100	0.314300
224202.3	0.200400	0.255400	0.231000	0.260300	0.234800	0.577400	0.215500	0.190300	0.191100	0.235200	0.227600	0.226300	0.316500	0.152600	0.192200	0.315400
229297.8	0.201900	0.251600	0.243400	0.265600	0.240500	0.595800	0.213800	0.186600	0.193400	0.242100	0.228300	0.234100	0.322700	0.145600	0.187600	0.321800
234393.3	0.200200	0.238400	0.259800	0.268000	0.252600	0.624200	0.213900	0.186500	0.190300	0.244500	0.222300	0.242400	0.321500	0.134900	0.176600	0.319500
239488.8	0.206000	0.248700	0.254100	0.263500	0.252400	0.614400	0.214800	0.191600	0.197400	0.247700	0.223200	0.240000	0.323800	0.147900	0.191900	0.322500
244584.3	0.208300	0.243800	0.256800	0.261900	0.255900	0.618600	0.214400	0.193900	0.200200	0.251200	0.221700	0.242600	0.328100	0.143900	0.188700	0.326000
249679.8	0.206000	0.234000	0.268100	0.263500	0.264700	0.643000	0.211100	0.190300	0.198400	0.255100	0.218500	0.249300	0.330100	0.135100	0.180800	0.325600
254775.3	0.209400	0.242500	0.258100	0.253300	0.260300	0.612800	0.211500	0.195400	0.205400	0.255300	0.218600	0.242900	0.331800	0.150600	0.197100	0.326900
259870.8	0.209700	0.236000	0.265500	0.254500	0.266700	0.624400	0.210100	0.195800	0.206000	0.258500	0.216900	0.248700	0.333100	0.142800	0.190800	0.326700
264966.3	0.207100	0.227000	0.275200	0.254900	0.274900	0.632600	0.207300	0.194400	0.204200	0.260700	0.213800	0.254600	0.330500	0.135100	0.183500	0.326200
270061.8	0.209800	0.232500	0.268900	0.250000	0.278800	0.617300	0.210500	0.198300	0.210800	0.262000	0.214300	0.250900	0.329000	0.145200	0.194200	0.326900
275157.3	0.207200	0.224800	0.273400	0.246900	0.279900	0.630400	0.206200	0.197600	0.208100	0.261600	0.210200	0.254000	0.323400	0.141000	0.190400	0.323000
280252.8	0.214100	0.234500	0.264900	0.242100	0.281300	0.610100	0.209700	0.203100	0.217900	0.264000	0.214100	0.250300	0.325400	0.153000	0.203600	0.325700
285348.3	0.211900	0.226500	0.277700	0.244700	0.289900	0.634300	0.206000	0.199700	0.214500	0.267700	0.213700	0.258700	0.323600	0.148800	0.199200	0.326000
290443.8	0.209400	0.220200	0.274100	0.238400	0.292400	0.619300	0.207700	0.203200	0.214600	0.263900	0.208000	0.255300	0.318700	0.150600	0.198900	0.320900
295539.3	0.213400	0.226300	0.262900	0.234500	0.285400	0.608600	0.205600	0.202000	0.221700	0.268000	0.212000	0.252600	0.320300	0.155900	0.206700	0.323500
300634.8	0.208200	0.214500	0.275600	0.236500	0.297100	0.626500	0.204300	0.199100	0.214700	0.265100	0.208100	0.259700	0.316600	0.147300	0.196500	0.318500
305730.3	0.206400	0.209000	0.270200	0.231000	0.294000	0.611600	0.201300	0.198700	0.216000	0.263100	0.206300	0.256700	0.312600	0.143700	0.191200	0.315900
310825.9	0.206900	0.207300	0.271500	0.229500	0.299000	0.615300	0.203700	0.200900	0.217800	0.264000	0.206000	0.257500	0.310100	0.144000	0.191500	0.315900
315921.4	0.206500	0.210100	0.260300	0.222600	0.294700	0.596300	0.200200	0.200700	0.220100	0.262400	0.206100	0.251500	0.306300	0.150700	0.198400	0.311700
321016.9	0.202100	0.200000	0.265300	0.222800	0.296600	0.609800	0.199000	0.198100	0.213800	0.260300	0.202200	0.253500	0.303200	0.140600	0.186700	0.307600
326112.4	0.198600	0.195000	0.270900	0.224000	0.302600	0.617000	0.199000	0.198400	0.211800	0.258600	0.199700	0.255900	0.298500	0.138900	0.184200	0.302600
331207.9	0.197500	0.190200	0.267900	0.221100	0.300400	0.604600	0.196500	0.195200	0.209800	0.257000	0.198500	0.254600	0.295900	0.135200	0.178900	0.300700
336303.4	0.197900	0.191000	0.261200	0.217800	0.296700	0.596700	0.195600	0.196700	0.211800	0.255500	0.199600	0.250700	0.295200	0.137300	0.181500	0.297900
341398.9	0.196000	0.189500	0.257400	0.214700	0.295200	0.575900	0.194400	0.196200	0.210700	0.253400	0.197800	0.248800	0.292700	0.137400	0.180700	0.295400
346494.4	0.197100	0.191000	0.257800	0.215800	0.297800	0.581600	0.195100	0.196700	0.212300	0.254700	0.198700	0.250200	0.292500	0.140500	0.184100	0.295900
351589.9	0.196500	0.189600	0.248200	0.210900	0.293900	0.562500	0.195200	0.197500	0.213100	0.252100	0.197400	0.245100	0.290900	0.139900	0.183200	0.294300
356685.4	0.196100	0.192000	0.247000	0.209000	0.293200	0.564200	0.194400	0.197700	0.214400	0.252600	0.197600	0.244100	0.288700	0.146600	0.189900	0.293300
361780.9	0.193000	0.185200	0.254600	0.210400	0.297100	0.578500	0.192000	0.195100	0.210100	0.253000	0.195700	0.248200	0.287100	0.136200	0.179700	0.290400
366876.4	0.193900	0.184800	0.251300	0.210100	0.298100	0.565200	0.190700	0.194500	0.211700	0.252800	0.196300	0.247500	0.286000	0.135900	0.180000	0.290700
371971.9	0.193700	0.187300	0.251300	0.209200	0.299000	0.568600	0.190600	0.194700	0.211200	0.252200	0.196500	0.248800	0.285900	0.138900	0.182000	0.288700
377067.4	0.191400	0.184200	0.254200	0.208800	0.301100	0.572700	0.190400	0.192400	0.209400	0.252200	0.193200	0.249800	0.283800	0.134500	0.177100	0.286700
382162.9	0.191300	0.182700	0.255800	0.209600	0.305100	0.584100	0.190400	0.193400	0.209700	0.253700	0.193800	0.252300	0.283200	0.133400	0.177100	0.286000
387258.4	0.190000	0.180700	0.260100	0.209500	0.309600	0.590400	0.192100	0.193700	0.208000	0.252700	0.193200	0.254700	0.281600	0.132500	0.176700	0.285200
392353.9	0.193300	0.187500	0.242400	0.204300	0.297700	0.562400	0.186900	0.192900	0.214300	0.253000	0.195800	0.246000	0.280300	0.141700	0.186300	0.285600
397449.4	0.191600	0.182800	0.245100	0.204100	0.301500	0.558000	0.187300	0.190300	0.211200	0.252200	0.193500	0.248400	0.279100	0.134300	0.178400	0.284300
402544.9	0.193900	0.190400	0.237800	0.200400	0.300800	0.541200	0.189800	0.197100	0.215900	0.251100	0.195300	0.244000	0.277800	0.149600	0.193000	0.283000
407640.4	0.191200	0.183500	0.245600	0.203500	0.303000	0.558400	0.187400	0.193000	0.210500	0.251900	0.192500	0.249600	0.275800	0.139500	0.182900	0.281900
412735.9	0.190600	0.181000	0.240800	0.201000	0.301500	0.546400	0.186200	0.191800	0.212400	0.251600	0.192000	0.246900	0.274900	0.134500	0.178400	0.281400
417831.5	0.191500	0.184400	0.236600	0.200200	0.297800	0.539900	0.184200	0.190900	0.212800	0.252300	0.193500	0.246100	0.273700	0.140700	0.184800	0.279900
422927.0	0.193200	0.187600	0.228900	0.196400	0.295500	0.524700	0.186400	0.192900	0.215700	0.250700	0.194300	0.241000	0.273500	0.148200	0.192000	0.280800
428022.5	0.192200	0.182900	0.235200	0.198700	0.299800	0.533500	0.184500	0.190900	0.213400	0.251300	0.192300	0.245700	0.272300	0.139700	0.183300	0.278600
433118.0	0.190800	0.183500	0.231400	0.196500	0.297400	0.534500	0.183800	0.190700	0.212100	0.249700	0.191300	0.243600	0.270100	0.140600	0.184400	0.276400
438213.5	0.187700	0.175300	0.243300	0.200700	0.307000	0.550800	0.181200	0.186700	0.207700	0.252100	0.190500	0.251000	0.269000	0.129200	0.173200	0.275500
443309.0	0.186700	0.175600	0.242100	0.198500	0.305700	0.543700	0.181500	0.186100	0.207300	0.251400	0.189100	0.250100	0.268400	0.130100	0.173200	0.274800
448404.5	0.189700	0.179100	0.233100	0.195700	0.301300	0.532000	0.181000	0.187200	0.210300	0.251700	0.191500	0.247400	0.267800	0.133700	0.177700	0.276500
453500.0	0.189200	0.180800	0.238300	0.196600	0.306800	0.536700	0.183000	0.190000	0.210200	0.250500	0.191700	0.249200	0.266700	0.141300	0.184000	0.274500
458595.5	0.188200	0.176500	0.242400	0.199400	0.309000	0.549000	0.181600	0.186400	0.207200	0.252900	0.190500	0.252800	0.266900	0.132200	0.176300	0.274500
463691.0	0.188300	0.178800	0.232400	0.194400	0.304200	0.532200	0.180700	0.187100	0.210200	0.250600	0.191200	0.246800	0.263300	0.138600	0.181400	0.273000
468786.5	0.186400	0.172800	0.239000	0.197000	0.308200	0.543400	0.179800	0.184800	0.205800	0.251300	0.188400	0.252000	0.263200	0.127100	0.170500	0.271700
473882.0	0.188200	0.177200	0.229800	0.192400	0.304000	0.524100	0.180600	0.187000	0.208600	0.248500	0.188800	0.245600	0.261400	0.135600	0.179100	0.270000
478977.5	0.187200	0.177800	0.231300	0.192500	0.307700	0.523000	0.180300	0.188200	0.206900	0.247600	0.188400	0.245200	0.259800	0.138400	0.180000	0.269200
484073.0	0.187500	0.175600	0.227000	0.191400	0.300300	0.510500	0.178400	0.186400	0.208000	0.248100	0.188700	0.243300	0.260500	0.132600	0.175400	0.269600
489168.5	0.186400	0.172700	0.231700	0.192400	0.306100	0.525700	0.178900	0.185800	0.205800	0.248300	0.188500	0.246700	0.259400	0.129700	0.171800	0.269700
494264.0	0.185500	0.174600	0.224600	0.189900	0.301600	0.505600	0.178400	0.185900	0.207000	0.246400	0.187900	0.242700	0.257500	0.132400	0.174900	0.267700
499359.5	0.183200	0.169700	0.231800	0.192400	0.304500	0.527700	0.175200	0.181300	0.202400	0.247100	0.187200	0.247400	0.255800	0.125900	0.167900	0.265200
504455.0	0.184400	0.174000	0.226800	0.190100	0.304900	0.519100	0.177100	0.183200	0.203700	0.244800	0.186500	0.243200	0.254700	0.133400	0.174600	0.265400
509550.5	0.184600	0.172500	0.222900	0.187100	0.296700	0.502900	0.174900	0.181600	0.204200	0.243200	0.187400	0.240300	0.254000	0.132100	0.172600	0.264400
514646.0	0.181000	0.166700	0.231600	0.192300	0.306900	0.522200	0.174400	0.179200	0.198300	0.244500	0.184700	0.247600	0.253100	0.123200	0.164400	0.263600
519741.5	0.186100	0.176800	0.216500	0.185500	0.295200	0.490700	0.175700	0.184500	0.205700	0.242300	0.187000	0.236300	0.251500	0.140800	0.181700	0.263200
524837.1	0.184200	0.172900	0.219500	0.187200	0.299800	0.501200	0.174700	0.181900	0.203200	0.243100	0.186400	0.239200	0.252600	0.132000	0.173400	0.263500
529932.6	0.183000	0.171200	0.218900	0.187100	0.299400	0.501400	0.174400	0.181000	0.202100	0.243300	0.186100	0.240400	0.252000	0.128200	0.169900	0.263100
535028.1	0.182100	0.170700	0.221800	0.187300	0.302200	0.503000	0.174800	0.180200	0.199900	0.242300	0.185100	0.242200	0.250300	0.128500	0.168800	0.260900
540123.6	0.183000	0.172200	0.215700	0.185100	0.296000	0.490700	0.174400	0.180800	0.202100	0.242400	0.185800	0.238100	0.249600	0.132800	0.173500	0.261400
545219.1	0.181000	0.168700	0.222400	0.187500	0.302400	0.502000	0.174900	0.181100	0.198400	0.242800	0.184200	0.242800	0.249800	0.126600	0.166700	0.260700
550314.6	0.181900	0.170400	0.217500	0.185900	0.299700	0.491000	0.173700	0.178100	0.199200	0.242900	0.186100	0.239400	0.249300	0.128700	0.169100	0.260000
555410.1	0.180700	0.168100	0.216400	0.185100	0.295900	0.485400	0.172200	0.177600	0.198100	0.241300	0.184500	0.238700	0.247600	0.127700	0.167300	0.259100
560505.6	0.179200	0.163400	0.228200	0.189000	0.306700	0.506700	0.171400	0.174700	0.194000	0.244400	0.184300	0.247700	0.247800	0.120700	0.160500	0.259600
565601.1	0.178300	0.165100	0.220700	0.186400	0.298700	0.487200	0.170300	0.175100	0.195400	0.242100	0.183400	0.242000	0.246400	0.122400	0.161300	0.258200
570696.6	0.180500	0.168700	0.211400	0.182600	0.295200	0.477000	0.172200	0.178600	0.199800	0.240800	0.184800	0.236200	0.245800	0.129800	0.168900	0.258400
575792.1	0.180300	0.169000	0.213000	0.183300	0.296200	0.480800	0.171600	0.176900	0.199500	0.240100	0.184500	0.236200	0.245400	0.131100	0.170000	0.256800
580887.6	0.177700	0.164100	0.218300	0.184900	0.299400	0.487300	0.170400	0.175900	0.196900	0.241200	0.182700	0.239400	0.244700	0.120500	0.159900	0.257700
585983.1	0.178200	0.164400	0.217200	0.186100	0.297900	0.487800	0.170800	0.174800	0.196800	0.241700	0.184400	0.240900	0.244600	0.123700	0.163000	0.256500
591078.6	0.176800	0.164600	0.215400	0.184300	0.297900	0.482600	0.169900	0.174100	0.195500	0.239600	0.182600	0.238900	0.242000	0.124400	0.163000	0.255500
596174.1	0.180000	0.169800	0.209400	0.181200	0.292200	0.465500	0.171600	0.176000	0.200200	0.239200	0.185400	0.233900	0.243600	0.131200	0.171100	0.257100
601269.6	0.179300	0.170200	0.204500	0.179800	0.289500	0.459700	0.169400	0.176900	0.199900	0.237200	0.184300	0.231600	0.241600	0.133400	0.171800	0.255000
606365.1	0.175300	0.161800	0.215800	0.183900	0.298500	0.479100	0.169100	0.172900	0.194000	0.238700	0.181300	0.238300	0.241800	0.119400	0.157700	0.254900
611460.6	0.175900	0.163900	0.215100	0.183600	0.299000	0.490500	0.169200	0.174300	0.195500	0.238800	0.183000	0.238400	0.241600	0.124100	0.161400	0.256000
616556.1	0.175500	0.162000	0.212500	0.181900	0.298900	0.494300	0.169400	0.174000	0.194900	0.236800	0.181700	0.235600	0.241300	0.121200	0.159000	0.255200
621651.6	0.174700	0.163200	0.214100	0.182900	0.300100	0.502400	0.170300	0.174100	0.194400	0.236900	0.181700	0.236500	0.241300	0.122100	0.159500	0.256000
626747.1	0.177400	0.166300	0.203800	0.179300	0.291200	0.488400	0.169000	0.174800	0.198500	0.236000	0.184200	0.230600	0.241500	0.127000	0.164700	0.257400
631842.6	0.175000	0.162300	0.211700	0.181700	0.296100	0.499300	0.168300	0.171400	0.193900	0.236200	0.182100	0.235100	0.240400	0.122000	0.159500	0.255500
636938.1	0.174200	0.163900	0.205700	0.179300	0.293800	0.484200	0.167100	0.173300	0.193800	0.233000	0.180900	0.230100	0.238900	0.127400	0.163800	0.254600
642033.7	0.176900	0.166000	0.210700	0.181700	0.295500	0.490800	0.169000	0.172300	0.194200	0.235900	0.184200	0.234700	0.240600	0.127200	0.164500	0.257100
647129.2	0.173200	0.160400	0.206900	0.180400	0.295000	0.480000	0.167300	0.170500	0.191500	0.234500	0.181000	0.232300	0.238900	0.120500	0.157300	0.254700
652224.7	0.173500	0.160500	0.204800	0.178700	0.292600	0.475700	0.166800	0.171300	0.191600	0.231800	0.180200	0.230200	0.238200	0.120400	0.157100	0.254100
657320.2	0.172600	0.161000	0.205900	0.179100	0.294300	0.475100	0.166800	0.170900	0.190800	0.233000	0.181500	0.230700	0.237400	0.122100	0.159200	0.253400
662415.7	0.171600	0.158800	0.207800	0.179700	0.294100	0.477800	0.164400	0.168400	0.189500	0.233100	0.180100	0.232600	0.237700	0.117600	0.153700	0.253200
667511.2	0.172900	0.161200	0.200400	0.177200	0.288800	0.463100	0.164700	0.169200	0.189800	0.230500	0.180000	0.226700	0.236700	0.121800	0.158000	0.252200
672606.7	0.172700	0.163100	0.201400	0.176900	0.287700	0.463500	0.166300	0.170700	0.190100	0.229700	0.180600	0.225800	0.235800	0.126500	0.161800	0.251100
677702.2	0.174600	0.164400	0.197900	0.176000	0.283100	0.457700	0.163000	0.167800	0.190800	0.231900	0.182500	0.225000	0.237900	0.123700	0.160000	0.254800
682797.7	0.172100	0.162400	0.198200	0.176400	0.287900	0.450300	0.165900	0.170800	0.188100	0.229400	0.180300	0.224900	0.236000	0.123400	0.159200	0.252600
687893.2	0.172700	0.163000	0.197500	0.176300	0.286400	0.454900	0.164900	0.169000	0.187500	0.229100	0.181200	0.224400	0.236200	0.124800	0.160000	0.251700
692988.7	0.169400	0.156500	0.210400	0.180500	0.295300	0.471700	0.164000	0.166300	0.182500	0.230600	0.178600	0.231800	0.236400	0.113300	0.148100	0.251600
698084.2	0.168000	0.155200	0.210400	0.180400	0.295400	0.472000	0.162900	0.165000	0.180700	0.229000	0.177400	0.231300	0.235800	0.110900	0.146300	0.250800
703179.7	0.171700	0.162700	0.197300	0.174700	0.283500	0.443400	0.163500	0.167100	0.184700	0.227800	0.179800	0.221600	0.234600	0.125200	0.159700	0.250200
708275.2	0.169600	0.159700	0.202300	0.177200	0.286300	0.449500	0.162700	0.164700	0.181900	0.228400	0.178800	0.225400	0.235000	0.118300	0.152900	0.250900
713370.7	0.171300	0.163200	0.195100	0.175700	0.282200	0.444700	0.163800	0.166900	0.184000	0.227100	0.179500	0.221500	0.234100	0.122800	0.157500	0.249600
718466.2	0.168300	0.158300	0.199300	0.176000	0.286700	0.447600	0.162700	0.165900	0.181400	0.227500	0.178600	0.223800	0.233900	0.116300	0.150700	0.248800
723561.7	0.171700	0.166900	0.190900	0.173000	0.280100	0.429000	0.164300	0.168400	0.183500	0.225800	0.180700	0.217900	0.233800	0.128100	0.162500	0.249600
728657.2	0.168500	0.159100	0.196400	0.174800	0.281300	0.440400	0.162400	0.166000	0.180600	0.224800	0.178400	0.220800	0.233200	0.118100	0.152100	0.248300
733752.7	0.169600	0.160000	0.191800	0.173500	0.280600	0.428600	0.163000	0.167100	0.180400	0.224700	0.178500	0.218900	0.233200	0.119000	0.152900	0.248900
738848.2	0.170200	0.163100	0.192800	0.174500	0.279400	0.434600	0.163900	0.166300	0.182900	0.226400	0.180400	0.219100	0.234100	0.122300	0.156400	0.249000
743943.7	0.166600	0.158700	0.199500	0.174600	0.283800	0.440300	0.163100	0.166500	0.177500	0.224100	0.178100	0.220600	0.231900	0.119900	0.153600	0.246600
749039.2	0.167700	0.159800	0.194200	0.175200	0.281300	0.435100	0.163000	0.165800	0.179200	0.223700	0.179400	0.219700	0.232300	0.120100	0.152600	0.246800
754134.8	0.169000	0.160600	0.191900	0.173000	0.280600	0.428500	0.162600	0.167100	0.179100	0.222600	0.178700	0.216700	0.231600	0.122900	0.155100	0.246200
759230.3	0.168800	0.162000	0.190700	0.172300	0.277700	0.423200	0.163300	0.166900	0.179700	0.222200	0.179300	0.215400	0.230900	0.124400	0.157900	0.244800
764325.8	0.168600	0.161900	0.188700	0.172300	0.277500	0.422600	0.164400	0.167700	0.179400	0.220800	0.179600	0.214000	0.230900	0.124400	0.157700	0.245000
769421.3	0.164300	0.155400	0.198600	0.175800	0.282500	0.438300	0.161200	0.164600	0.173600	0.221200	0.176900	0.220000	0.229600	0.115900	0.148700	0.243300
774516.8	0.166600	0.156600	0.190100	0.173000	0.276500	0.418900	0.161900	0.164700	0.177100	0.222700	0.178500	0.215600	0.230500	0.116900	0.149400	0.243700
779612.3	0.165500	0.157600	0.192100	0.173100	0.277400	0.428000	0.161300	0.162800	0.175500	0.220900	0.177500	0.216000	0.229900	0.118800	0.150700	0.242500
784707.8	0.166400	0.158000	0.196200	0.175800	0.279500	0.428600	0.162100	0.163200	0.174300	0.222200	0.178700	0.218800	0.230500	0.118500	0.150700	0.243700
789803.3	0.166200	0.157600	0.188700	0.172400	0.272000	0.417100	0.160200	0.161700	0.176000	0.220500	0.178400	0.214000	0.230600	0.116900	0.148800	0.243300
794898.8	0.166200	0.159100	0.190700	0.173000	0.279700	0.418100	0.163000	0.166200	0.174600	0.219100	0.177300	0.214500	0.228100	0.122500	0.153700	0.240600
799994.3	0.164600	0.154500	0.193900	0.174700	0.278100	0.422500	0.160800	0.161600	0.172900	0.220900	0.177600	0.217200	0.228800	0.114500	0.146300	0.241800
805089.8	0.163700	0.154100	0.190700	0.173000	0.273400	0.415800	0.159900	0.160800	0.172100	0.219600	0.176900	0.215000	0.228500	0.113600	0.145900	0.241400
810185.3	0.163900	0.153600	0.190600	0.173300	0.275800	0.415700	0.161100	0.161300	0.171800	0.218000	0.175900	0.214500	0.227700	0.114400	0.146100	0.238900
815280.8	0.162500	0.152400	0.194400	0.174400	0.275500	0.421900	0.159500	0.158800	0.169500	0.220200	0.176300	0.216600	0.228200	0.111100	0.142300	0.239700
820376.3	0.163000	0.152100	0.191700	0.173200	0.276000	0.414000	0.159200	0.159700	0.169900	0.218700	0.176400	0.214800	0.227600	0.112200	0.143600	0.239500
825471.8	0.163900	0.154100	0.193500	0.174400	0.278500	0.416000	0.161700	0.161400	0.170300	0.219700	0.177300	0.215400	0.228300	0.114300	0.145400	0.240000
830567.3	0.163600	0.154800	0.187100	0.171400	0.271300	0.409300	0.160400	0.162300	0.170800	0.217200	0.176400	0.211500	0.226600	0.115800	0.147000	0.237800
835662.8	0.164700	0.159100	0.182500	0.169600	0.269300	0.397400	0.160900	0.163700	0.173000	0.216100	0.177100	0.207900	0.226100	0.120900	0.150800	0.237500
840758.3	0.162300	0.151600	0.189900	0.172300	0.273500	0.410300	0.158900	0.158800	0.168900	0.217100	0.175700	0.212700	0.226300	0.110900	0.141900	0.237300
845853.8	0.162400	0.153700	0.185300	0.170300	0.268600	0.404100	0.158600	0.158700	0.170500	0.216200	0.176400	0.210400	0.224900	0.115700	0.145600	0.236000
850949.3	0.161200	0.152300	0.194200	0.175000	0.274000	0.419700	0.157200	0.156300	0.168100	0.218100	0.177100	0.216700	0.226500	0.110400	0.140500	0.236300
856044.8	0.166000	0.161900	0.175100	0.166700	0.260600	0.381900	0.160600	0.163100	0.175000	0.214400	0.178100	0.202400	0.225100	0.125400	0.155200	0.236400
861140.3	0.162600	0.154700	0.185700	0.170500	0.267500	0.399900	0.158800	0.158600	0.170400	0.216300	0.177000	0.208800	0.225600	0.116300	0.145900	0.236100
866235.8	0.162800	0.154200	0.187400	0.171800	0.266900	0.405800	0.157700	0.156200	0.170300	0.216100	0.176700	0.210800	0.224200	0.115600	0.145500	0.234600
871331.3	0.161700	0.151700	0.188800	0.172200	0.266300	0.404000	0.155900	0.154400	0.167600	0.217400	0.176100	0.212100	0.225000	0.109400	0.139800	0.234900
876426.9	0.163200	0.155400	0.181900	0.168200	0.263400	0.391000	0.157600	0.159400	0.170300	0.213100	0.176100	0.206000	0.224000	0.117100	0.145700	0.234100
881522.4	0.160300	0.152000	0.186100	0.171300	0.267200	0.400500	0.157000	0.156700	0.167700	0.214600	0.174900	0.210700	0.223400	0.112600	0.141100	0.232300
886617.9	0.163000	0.154900	0.179600	0.168600	0.260400	0.388800	0.156300	0.156700	0.170600	0.215600	0.177900	0.206400	0.224400	0.113900	0.143700	0.234000
891713.4	0.163800	0.159700	0.174600	0.166600	0.260400	0.382500	0.159200	0.162300	0.173600	0.212700	0.178000	0.201300	0.222500	0.127300	0.154500	0.233400
896808.9	0.160900	0.151300	0.183100	0.169400	0.263900	0.395300	0.156200	0.155400	0.167800	0.213800	0.175400	0.207700	0.222800	0.111800	0.140500	0.231900
901904.4	0.158700	0.149600	0.184700	0.170300	0.266100	0.396000	0.156400	0.155600	0.166200	0.213100	0.173600	0.208100	0.221700	0.108400	0.136300	0.230500
906999.9	0.159700	0.149900	0.185500	0.171500	0.265700	0.405000	0.155500	0.154300	0.165600	0.215300	0.175200	0.210200	0.221800	0.108900	0.137600	0.231400
912095.4	0.162100	0.155700	0.176500	0.168300	0.260300	0.386000	0.157200	0.157600	0.170600	0.213700	0.176800	0.203700	0.222700	0.117800	0.146600	0.232700
917190.9	0.158100	0.149900	0.183400	0.169800	0.265300	0.397900	0.158100	0.157300	0.164500	0.210600	0.172600	0.205700	0.220100	0.110300	0.137500	0.230100
922286.4	0.159100	0.148600	0.188200	0.172000	0.266100	0.403300	0.155100	0.152200	0.163800	0.213600	0.174300	0.210600	0.221300	0.106900	0.135600	0.230700
927381.9	0.159700	0.150400	0.187100	0.172200	0.268400	0.403900	0.157800	0.156000	0.164800	0.212900	0.174700	0.210200	0.221200	0.110600	0.138300	0.231000
932477.4	0.159000	0.149600	0.183000	0.170600	0.263900	0.396400	0.156000	0.153400	0.164300	0.212000	0.173400	0.206800	0.220600	0.108600	0.136600	0.230300
937572.9	0.159900	0.153900	0.174500	0.166800	0.257500	0.382300	0.157100	0.156800	0.167100	0.209800	0.175000	0.200700	0.219900	0.116400	0.143600	0.230600
942668.4	0.159300	0.151000	0.178000	0.169300	0.257900	0.391600	0.156100	0.154100	0.165200	0.211200	0.174900	0.203500	0.220400	0.113000	0.140100	0.230300
947763.9	0.159000	0.153100	0.176200	0.168100	0.259000	0.387000	0.156500	0.155100	0.164900	0.209300	0.174300	0.201900	0.219000	0.114200	0.140700	0.229800
952859.4	0.157800	0.148400	0.186700	0.172500	0.264900	0.404800	0.156200	0.153700	0.161500	0.211300	0.174000	0.208700	0.220100	0.107800	0.134800	0.229200
957954.9	0.157900	0.150800	0.178000	0.168500	0.258700	0.386500	0.155500	0.155700	0.164200	0.209900	0.173100	0.202600	0.219400	0.113000	0.139700	0.229500
963050.4	0.159000	0.152400	0.175000	0.168100	0.255400	0.382700	0.157200	0.157000	0.166000	0.209300	0.174300	0.200900	0.219700	0.114200	0.141000	0.229800
968145.9	0.160400	0.153900	0.175100	0.168200	0.253900	0.384400	0.154900	0.154200	0.166000	0.210200	0.176400	0.201400	0.220400	0.115600	0.142200	0.231200
973241.4	0.156300	0.146000	0.186300	0.172800	0.262700	0.400800	0.155900	0.152600	0.159900	0.210400	0.172900	0.208000	0.218500	0.104600	0.131400	0.229200
978336.9	0.157000	0.148800	0.180300	0.170600	0.260200	0.390300	0.156700	0.153900	0.161900	0.208600	0.172900	0.203800	0.217100	0.109500	0.136300	0.227900
983432.4	0.157500	0.150900	0.175700	0.168300	0.255800	0.385300	0.157400	0.154200	0.163300	0.208000	0.173700	0.201100	0.217900	0.111300	0.138000	0.228600
988527.9	0.155900	0.147300	0.180200	0.170400	0.258600	0.387500	0.155000	0.151900	0.159800	0.209000	0.172500	0.203800	0.218000	0.104000	0.130900	0.229600
993623.4	0.159200	0.153600	0.172500	0.167900	0.253100	0.381200	0.157300	0.155900	0.164200	0.208000	0.175500	0.198900	0.218300	0.116500	0.143100	0.230300
998719.0	0.156500	0.148900	0.179900	0.170800	0.258400	0.393700	0.155400	0.152300	0.161700	0.208000	0.173400	0.203500	0.217800	0.108300	0.135000	0.230800
1003814.5	0.157000	0.149200	0.175000	0.168200	0.253400	0.383900	0.155900	0.154500	0.162700	0.206800	0.173600	0.200300	0.217400	0.110000	0.136300	0.229500
1008910.0	0.156900	0.149000	0.177800	0.169900	0.257500	0.391900	0.157300	0.154800	0.161100	0.207300	0.173300	0.203200	0.217900	0.109700	0.136300	0.230600
1014005.5	0.157300	0.151000	0.175500	0.169300	0.255200	0.386200	0.156400	0.153400	0.161900	0.207100	0.173900	0.200300	0.218000	0.109900	0.137100	0.231500
1019101.0	0.153900	0.144600	0.184800	0.172700	0.262700	0.402900	0.156200	0.152500	0.158300	0.207400	0.171500	0.206700	0.216700	0.103300	0.130300	0.230300
1024196.5	0.154700	0.145700	0.181100	0.171900	0.257000	0.398100	0.153700	0.149200	0.159100	0.206000	0.172200	0.203500	0.216300	0.105100	0.131900	0.230200
1029292.0	0.156200	0.148900	0.173400	0.168100	0.252000	0.384400	0.155100	0.152100	0.160300	0.204900	0.172800	0.200000	0.216200	0.109200	0.135800	0.230000
1034387.5	0.157700	0.152900	0.170100	0.167100	0.250200	0.375800	0.157100	0.155900	0.163900	0.203100	0.173400	0.196200	0.215700	0.116300	0.142300	0.230200
1039483.0	0.153700	0.144800	0.178900	0.170600	0.253900	0.392000	0.153700	0.149700	0.157800	0.205300	0.171400	0.202600	0.215200	0.103900	0.130700	0.230100
1044578.5	0.154600	0.148400	0.174700	0.168400	0.252500	0.384200	0.155400	0.152500	0.159300	0.203600	0.171700	0.200500	0.214600	0.108500	0.133700	0.228900
1049674.0	0.153300	0.144800	0.180000	0.171000	0.255300	0.393400	0.154800	0.150300	0.157900	0.204800	0.171300	0.203100	0.215000	0.103400	0.129800	0.229100
1054769.5	0.153100	0.145300	0.177500	0.169800	0.256200	0.388000	0.155400	0.152900	0.157100	0.202700	0.170700	0.201100	0.213700	0.106300	0.131800	0.227500
1059865.0	0.154300	0.146300	0.175200	0.169900	0.251400	0.390900	0.153300	0.150400	0.158900	0.204200	0.172600	0.201200	0.215200	0.106200	0.132600	0.229500
1064960.5	0.155200	0.149100	0.171200	0.168200	0.251200	0.380400	0.155400	0.153000	0.160700	0.203300	0.173000	0.198600	0.214200	0.111300	0.136800	0.228600
1070056.0	0.156300	0.150300	0.166400	0.165900	0.245200	0.372100	0.154200	0.152500	0.162000	0.202500	0.173100	0.194500	0.214600	0.111600	0.137500	0.229200
1075151.5	0.154200	0.146500	0.173600	0.169300	0.248600	0.385400	0.154200	0.150100	0.159100	0.202200	0.172000	0.199500	0.214600	0.107600	0.133000	0.228000
1080247.0	0.153800	0.146600	0.172700	0.168800	0.249100	0.383000	0.153000	0.150900	0.158000	0.202900	0.172000	0.199100	0.214000	0.107100	0.132800	0.227000
1085342.5	0.155300	0.147400	0.169600	0.166500	0.246500	0.376000	0.153600	0.150300	0.159300	0.201400	0.171700	0.196900	0.213900	0.106600	0.132400	0.227300
1090438.0	0.152800	0.145100	0.174200	0.168500	0.248000	0.382400	0.152200	0.150200	0.157500	0.202300	0.171000	0.198800	0.213600	0.105800	0.131200	0.226200
1095533.5	0.153300	0.144400	0.172700	0.168900	0.247400	0.379300	0.152100	0.149800	0.157300	0.201300	0.171100	0.198900	0.212900	0.105700	0.131000	0.226700
1100629.0	0.155000	0.150600	0.163400	0.164900	0.239100	0.361600	0.153400	0.152000	0.161900	0.200300	0.173000	0.192500	0.213600	0.112400	0.138300	0.226200
1105724.5	0.153400	0.147800	0.168700	0.165400	0.244300	0.371900	0.153700	0.152300	0.158700	0.198700	0.170600	0.194500	0.211400	0.111600	0.135900	0.224300
1110820.0	0.154400	0.148400	0.170800	0.168000	0.245400	0.376700	0.153700	0.151400	0.160300	0.202000	0.172700	0.197800	0.213700	0.109500	0.134900	0.225400
1115915.6	0.153200	0.149100	0.165400	0.165300	0.243300	0.368900	0.155000	0.153100	0.160200	0.198400	0.171600	0.194400	0.211400	0.113200	0.137900	0.223500
1121011.1	0.155500	0.150700	0.163800	0.164800	0.240000	0.362000	0.152000	0.151300	0.161200	0.200000	0.173100	0.192500	0.213400	0.111300	0.137400	0.226200
1126106.6	0.153700	0.146700	0.166900	0.167200	0.244700	0.373400	0.153500	0.151900	0.158300	0.199700	0.171800	0.195600	0.213200	0.106700	0.132600	0.225500
1131202.1	0.154000	0.149000	0.166600	0.166200	0.244700	0.369100	0.155700	0.153500	0.159800	0.198900	0.171400	0.194800	0.212000	0.111000	0.135600	0.224400
1136297.6	0.154000	0.150200	0.162500	0.164700	0.238600	0.360700	0.152800	0.151900	0.159400	0.197800	0.171900	0.192000	0.211900	0.113700	0.138300	0.224300
1141393.1	0.151700	0.144900	0.169400	0.168100	0.243500	0.373900	0.152000	0.150400	0.156800	0.199100	0.170300	0.196800	0.212600	0.105000	0.130600	0.225300
1146488.6	0.156500	0.153300	0.168100	0.167300	0.247500	0.377600	0.155900	0.154600	0.164000	0.202700	0.174100	0.197700	0.212100	0.114000	0.140700	0.223900
1151584.1	0.158200	0.154000	0.169500	0.168400	0.251300	0.387200	0.157400	0.154700	0.164600	0.205600	0.174600	0.200400	0.211700	0.113400	0.141800	0.226300
1156679.6	0.156500	0.150200	0.174100	0.169600	0.256000	0.398100	0.158100	0.156500	0.162400	0.205300	0.172200	0.203500	0.210100	0.108800	0.136900	0.225700
1161775.1	0.157900	0.149900	0.173000	0.170200	0.254600	0.399200	0.157200	0.154400	0.162200	0.205700	0.173700	0.204100	0.211200	0.107900	0.135900	0.225500
1166870.6	0.159900	0.156200	0.170200	0.168500	0.251100	0.389500	0.158800	0.157500	0.166700	0.206400	0.176600	0.201100	0.211800	0.117000	0.144700	0.226900
1171966.1	0.157800	0.148600	0.177200	0.172500	0.259000	0.405300	0.157700	0.154900	0.161900	0.207200	0.174000	0.207100	0.211000	0.107300	0.134900	0.225500
1177061.6	0.158900	0.150100	0.174800	0.171400	0.254500	0.401200	0.158100	0.155700	0.162500	0.206100	0.173700	0.204900	0.210500	0.111000	0.138500	0.224500
1182157.1	0.158200	0.147400	0.176300	0.172400	0.256100	0.402300	0.156300	0.154300	0.161300	0.207900	0.174000	0.206700	0.210700	0.105800	0.133500	0.224900
1187252.6	0.159300	0.150900	0.170000	0.169000	0.250500	0.390300	0.156300	0.155800	0.162600	0.205500	0.173200	0.201700	0.209700	0.112400	0.139100	0.225200
1192348.1	0.159500	0.149400	0.168100	0.168700	0.249900	0.390000	0.157100	0.156800	0.163400	0.206200	0.173800	0.201400	0.210600	0.109600	0.136800	0.226800
1197443.6	0.159400	0.149300	0.176000	0.172200	0.253400	0.403100	0.156500	0.153900	0.161400	0.208600	0.174700	0.207100	0.211400	0.108400	0.135900	0.226500
1202539.1	0.157200	0.149000	0.166800	0.169000	0.245500	0.384900	0.156100	0.153900	0.160200	0.204700	0.173300	0.199900	0.210700	0.110300	0.136500	0.225700
1207634.6	0.156100	0.146300	0.168400	0.168800	0.245200	0.388700	0.154100	0.151400	0.158500	0.203000	0.172400	0.200900	0.210800	0.107100	0.133000	0.226600
1212730.1	0.156800	0.148500	0.165100	0.167600	0.243500	0.376000	0.156000	0.154600	0.160000	0.202800	0.173400	0.197400	0.211500	0.110400	0.137000	0.227600
1217825.6	0.155000	0.144800	0.170000	0.169300	0.247500	0.387100	0.153600	0.150800	0.153700	0.202000	0.170900	0.200800	0.210200	0.105100	0.130700	0.226800
1222921.1	0.157500	0.150600	0.164700	0.167600	0.242200	0.379600	0.156200	0.154300	0.160800	0.202700	0.173800	0.197500	0.210700	0.112500	0.137700	0.227500
1228016.6	0.154500	0.143700	0.169800	0.169900	0.247900	0.385400	0.155500	0.153400	0.156800	0.203100	0.171200	0.200900	0.211000	0.103600	0.129500	0.227600
1233112.1	0.155800	0.148900	0.165100	0.167500	0.241600	0.377200	0.155200	0.153400	0.158800	0.201800	0.172200	0.197000	0.209600	0.110100	0.136000	0.227700
1238207.7	0.154900	0.147500	0.166800	0.167900	0.244900	0.380800	0.156700	0.153800	0.157200	0.201100	0.170700	0.197500	0.209500	0.108500	0.133800	0.227000
1243303.2	0.155300	0.145900	0.170700	0.171500	0.250600	0.389900	0.157700	0.153900	0.156200	0.204100	0.172300	0.202900	0.211600	0.105600	0.132100	0.227400
1248398.7	0.156900	0.150700	0.165600	0.172600	0.250400	0.375000	0.164400	0.159000	0.160000	0.203800	0.174500	0.201500	0.217000	0.113000	0.137800	0.230500
1253494.2	0.159400	0.154700	0.168000	0.180500	0.260500	0.382300	0.174400	0.164700	0.163800	0.209200	0.179800	0.209600	0.226900	0.115800	0.140000	0.234700
1258589.7	0.159000	0.152300	0.173500	0.189700	0.276300	0.387700	0.182700	0.172200	0.163000	0.210900	0.182400	0.220100	0.236700	0.112200	0.135400	0.237900
1263685.2	0.164400	0.160700	0.168900	0.196800	0.279100	0.380500	0.193600	0.180200	0.171600	0.218000	0.191500	0.225300	0.250600	0.122000	0.143800	0.245700
1268780.7	0.165100	0.163200	0.171800	0.207200	0.289100	0.387500	0.203700	0.185800	0.173700	0.223900	0.197000	0.236500	0.261600	0.124600	0.144600	0.250600
1273876.2	0.167500	0.165600	0.174200	0.219000	0.303000	0.389300	0.216200	0.194900	0.176700	0.228800	0.203200	0.248600	0.273500	0.130500	0.148500	0.254500
1278971.7	0.170600	0.171300	0.176600	0.228900	0.317900	0.391300	0.227900	0.204400	0.180400	0.233500	0.209200	0.260500	0.284100	0.135400	0.150600	0.259500
1284067.2	0.170900	0.175000	0.180600	0.242500	0.326900	0.398600	0.238700	0.209300	0.182500	0.240000	0.216700	0.276100	0.295000	0.140700	0.153200	0.263800
1289162.7	0.173600	0.180000	0.180900	0.253300	0.339800	0.401600	0.251500	0.218200	0.188000	0.245200	0.224500	0.285800	0.304400	0.151900	0.156300	0.268700
1294258.2	0.176700	0.191700	0.180000	0.262900	0.345300	0.399800	0.262900	0.227200	0.192900	0.250700	0.233600	0.295900	0.312900	0.175100	0.163100	0.271700
1299353.7	0.176200	0.190900	0.191600	0.283000	0.365400	0.419600	0.271700	0.232200	0.193200	0.258300	0.240400	0.317000	0.317900	0.179000	0.159300	0.275700
1304449.2	0.177900	0.200300	0.185500	0.289500	0.371200	0.414500	0.282700	0.242200	0.198700	0.261800	0.248900	0.323400	0.321900	0.194700	0.167000	0.276800
1309544.7	0.181400	0.204500	0.190500	0.301300	0.381500	0.415400	0.288400	0.246100	0.204400	0.268000	0.261100	0.335000	0.325600	0.202900	0.168900	0.281700
1314640.2	0.184200	0.213500	0.185700	0.308700	0.381300	0.407100	0.292000	0.250100	0.211900	0.271800	0.275700	0.341200	0.327500	0.221400	0.179600	0.282000
1319735.7	0.185500	0.216500	0.186300	0.314300	0.391000	0.407100	0.296300	0.256800	0.214300	0.274800	0.289900	0.348800	0.328200	0.233700	0.184000	0.282800
1324831.2	0.187500	0.223100	0.188500	0.322700	0.398900	0.410500	0.302400	0.260900	0.218800	0.279500	0.312200	0.357400	0.332700	0.243800	0.188700	0.286100
1329926.7	0.184600	0.214400	0.197600	0.334000	0.413100	0.423400	0.301900	0.257900	0.215300	0.284400	0.328400	0.378800	0.334400	0.223400	0.175700	0.286700
1335022.2	0.187600	0.224100	0.196800	0.335000	0.416200	0.419200	0.306600	0.264500	0.222000	0.287800	0.358600	0.384500	0.334100	0.246600	0.189100	0.288100
1340117.7	0.190500	0.224700	0.198800	0.336600	0.417700	0.425000	0.307800	0.265200	0.223000	0.291700	0.385800	0.393800	0.336400	0.244100	0.188600	0.290000
1345213.2	0.193800	0.237000	0.190700	0.332700	0.415900	0.414600	0.311500	0.273600	0.233000	0.295400	0.408000	0.396400	0.339800	0.265600	0.202000	0.292700
1350308.7	0.190600	0.224200	0.205200	0.344800	0.436000	0.435800	0.307500	0.267100	0.226800	0.299500	0.419500	0.419100	0.339600	0.233000	0.184800	0.292600
1355404.2	0.190300	0.225500	0.211600	0.348300	0.442300	0.443700	0.307100	0.267100	0.228200	0.304700	0.427100	0.429700	0.340200	0.230100	0.185500	0.293800
1360499.8	0.195400	0.235300	0.204200	0.343400	0.438500	0.431500	0.310600	0.273300	0.235500	0.306000	0.436100	0.430400	0.341500	0.244400	0.196000	0.296100
1365595.3	0.196500	0.239500	0.200300	0.340700	0.435100	0.422300	0.311700	0.279000	0.242600	0.305600	0.440900	0.425400	0.339900	0.251000	0.202600	0.296100
1370690.8	0.197700	0.244600	0.202700	0.337900	0.442900	0.425900	0.316300	0.285100	0.244600	0.304700	0.442400	0.428600	0.341100	0.260400	0.208100	0.297000
1375786.3	0.197500	0.240700	0.203700	0.339500	0.442100	0.424100	0.315200	0.281800	0.246700	0.309800	0.452500	0.434800	0.343700	0.246800	0.201600	0.301000
1380881.8	0.195000	0.233900	0.214600	0.346600	0.452000	0.441000	0.310200	0.275100	0.243400	0.309800	0.450500	0.451500	0.344000	0.231800	0.189600	0.298900
1385977.3	0.198800	0.237400	0.222600	0.351800	0.470400	0.457600	0.320600	0.285800	0.249900	0.314500	0.463000	0.470000	0.348300	0.236600	0.192600	0.302600
1391072.8	0.199600	0.239600	0.223900	0.351300	0.471400	0.459100	0.323300	0.288700	0.251900	0.316300	0.465500	0.470800	0.347900	0.240500	0.196500	0.301600
1396168.3	0.201300	0.243000	0.223500	0.349300	0.470300	0.456600	0.318700	0.283000	0.254900	0.320200	0.470300	0.473200	0.350500	0.235900	0.196000	0.303400
1401263.8	0.200400	0.241200	0.219200	0.340800	0.457000	0.449600	0.312300	0.283700	0.256600	0.314200	0.455500	0.456300	0.341500	0.237100	0.198800	0.297900
1406359.3	0.196900	0.235000	0.217800	0.327700	0.446800	0.450600	0.298800	0.274300	0.249100	0.307200	0.426200	0.427700	0.322900	0.228300	0.197000	0.291000
1411454.8	0.192000	0.223400	0.219700	0.316800	0.426200	0.457700	0.278500	0.254800	0.240000	0.298600	0.397800	0.406900	0.309200	0.195700	0.181000	0.285300
1416550.3	0.190000	0.217900	0.213700	0.302700	0.406900	0.439600	0.267600	0.246100	0.235600	0.290000	0.374100	0.378800	0.297500	0.188700	0.180200	0.280100
1421645.8	0.188900	0.220900	0.202800	0.287100	0.384700	0.423100	0.257500	0.241900	0.235600	0.280500	0.355500	0.350800	0.286500	0.195200	0.188200	0.274300
1426741.3	0.184400	0.209400	0.208000	0.283500	0.379000	0.434100	0.249600	0.233100	0.225600	0.274000	0.336300	0.341500	0.279600	0.174600	0.176100	0.270100
1431836.8	0.182600	0.204300	0.202700	0.274300	0.369400	0.419600	0.242800	0.226400	0.221700	0.267800	0.317900	0.323900	0.271300	0.168700	0.174100	0.266000
1436932.3	0.180000	0.199000	0.203500	0.270700	0.366500	0.429000	0.237100	0.219100	0.216400	0.262900	0.305900	0.313800	0.266400	0.158200	0.167200	0.263600
1442027.8	0.177200	0.197400	0.198000	0.261400	0.351500	0.420400	0.229800	0.215700	0.214900	0.257100	0.296700	0.298800	0.260400	0.162900	0.171800	0.259800
1447123.3	0.175200	0.189600	0.201200	0.259600	0.349200	0.424700	0.223500	0.207700	0.209300	0.254300	0.284500	0.293700	0.256200	0.147300	0.160300	0.257600
1452218.8	0.172700	0.187000	0.202300	0.256300	0.342200	0.429400	0.217900	0.203000	0.205500	0.249700	0.275300	0.288100	0.251600	0.144800	0.158900	0.254800
1457314.3	0.169400	0.179900	0.208300	0.256000	0.346000	0.437100	0.214800	0.197600	0.198600	0.247500	0.265400	0.285400	0.247700	0.131600	0.149200	0.252500
1462409.8	0.169100	0.180100	0.207300	0.252800	0.341200	0.440600	0.209000	0.193600	0.195600	0.245500	0.260600	0.279000	0.244800	0.134600	0.151900	0.251100
1467505.3	0.168400	0.182000	0.198800	0.243700	0.328700	0.424800	0.206800	0.192000	0.196500	0.241200	0.255400	0.267500	0.241200	0.136500	0.154000	0.249900
1472600.8	0.168400	0.181800	0.196400	0.239200	0.323600	0.427400	0.204600	0.190900	0.194100	0.237400	0.250700	0.260700	0.238400	0.135600	0.153200	0.248800
1477696.3	0.167000	0.177200	0.194100	0.234200	0.318400	0.426200	0.201000	0.188200	0.192400	0.233900	0.243700	0.252700	0.235300	0.133300	0.151700	0.246800
1482791.8	0.164300	0.174200	0.197500	0.234500	0.317200	0.434500	0.196100	0.183300	0.186700	0.230600	0.237600	0.251700	0.232300	0.129200	0.147400	0.243900
1487887.4	0.163600	0.172300	0.187000	0.226500	0.301000	0.417600	0.192800	0.180500	0.186200	0.227700	0.234900	0.242100	0.229100	0.126800	0.146100	0.243600
1492982.9	0.163100	0.171600	0.190400	0.224100	0.294500	0.423500	0.189800	0.179600	0.183700	0.224400	0.231200	0.239500	0.227400	0.126600	0.145300	0.243100
1498078.4	0.162900	0.170100	0.185300	0.220800	0.281500	0.419200	0.186400	0.175400	0.182000	0.220800	0.229300	0.235700	0.224900	0.128400	0.146700	0.241600
1503173.9	0.161200	0.170500	0.179900	0.215700	0.274500	0.410500	0.185300	0.175200	0.179600	0.214200	0.224800	0.227500	0.221500	0.129400	0.146400	0.238300
1508269.4	0.158800	0.163700	0.187200	0.218000	0.271500	0.420400	0.181200	0.169700	0.173500	0.212900	0.221200	0.229100	0.220100	0.116700	0.136700	0.238600
1513364.9	0.156500	0.163300	0.185000	0.213600	0.261800	0.411000	0.179100	0.167900	0.169800	0.207300	0.217800	0.223500	0.217600	0.116700	0.135100	0.236700
1518460.4	0.158100	0.166700	0.176400	0.208600	0.252600	0.396600	0.178700	0.168300	0.171900	0.203900	0.216400	0.216300	0.215600	0.123600	0.141300	0.237500
1523555.9	0.155800	0.161300	0.181900	0.209300	0.249700	0.404500	0.176100	0.163500	0.167900	0.201000	0.213800	0.217100	0.213700	0.118200	0.136400	0.235200
1528651.4	0.155300	0.161400	0.176500	0.205800	0.243200	0.389800	0.175200	0.164400	0.166500	0.198600	0.211900	0.210700	0.211600	0.119600	0.136700	0.235200
1533746.9	0.153600	0.158000	0.183200	0.207400	0.241100	0.398400	0.172300	0.160100	0.161600	0.197100	0.209400	0.211800	0.210500	0.113400	0.131400	0.234700
1538842.4	0.153000	0.158900	0.178600	0.204400	0.238100	0.384600	0.173400	0.161000	0.162000	0.194200	0.207000	0.207400	0.208300	0.114600	0.132100	0.233700
1543937.9	0.152700	0.156700	0.176800	0.201100	0.233300	0.384700	0.169800	0.158100	0.159900	0.191500	0.205300	0.204100	0.206800	0.113200	0.130900	0.232500
1549033.4	0.153500	0.159900	0.170700	0.197400	0.227200	0.372900	0.169600	0.158800	0.160800	0.189600	0.205900	0.197900	0.205800	0.121900	0.138100	0.232600
1554128.9	0.151900	0.155600	0.174900	0.198100	0.227100	0.368500	0.168300	0.158100	0.156900	0.187400	0.203100	0.199100	0.205100	0.116700	0.132800	0.231500
1559224.4	0.151300	0.155900	0.173900	0.196400	0.223000	0.369400	0.166400	0.156400	0.156500	0.188000	0.203100	0.198100	0.203600	0.115500	0.132500	0.231700
1564319.9	0.151900	0.154200	0.172500	0.195800	0.222500	0.366000	0.165800	0.154800	0.156500	0.187000	0.202400	0.196000	0.202700	0.116300	0.133100	0.230900
1569415.4	0.151400	0.154200	0.174300	0.196800	0.221800	0.364200	0.166900	0.155100	0.155600	0.186600	0.201500	0.196700	0.203000	0.115100	0.132500	0.231400
1574510.9	0.148900	0.152700	0.174700	0.195500	0.222500	0.364700	0.164300	0.153100	0.154200	0.185000	0.199500	0.195500	0.201000	0.113600	0.130300	0.229900
1579606.4	0.147300	0.148700	0.173700	0.193100	0.218200	0.356300	0.160500	0.149900	0.150600	0.183400	0.196200	0.194100	0.199800	0.107800	0.124200	0.229800
1584701.9	0.148400	0.150700	0.169000	0.189400	0.214400	0.344600	0.162400	0.151900	0.151400	0.180900	0.195000	0.189600	0.198600	0.112100	0.128100	0.228600
1589797.4	0.149400	0.154300	0.164900	0.188900	0.213700	0.341100	0.162300	0.152500	0.153100	0.180700	0.196200	0.187700	0.199300	0.116700	0.133400	0.229600
1594892.9	0.147400	0.149000	0.166200	0.187300	0.212000	0.336000	0.161100	0.151100	0.150700	0.179800	0.194200	0.187300	0.198000	0.109800	0.125900	0.228700
1599988.4	0.145800	0.147700	0.171300	0.190000	0.213700	0.344100	0.160300	0.148100	0.146300	0.179200	0.191900	0.189100	0.196600	0.107300	0.123500	0.226700
1605083.9	0.148100	0.151200	0.166900	0.186600	0.211800	0.334000	0.161100	0.151100	0.148300	0.178700	0.193200	0.186400	0.197600	0.112700	0.127700	0.228600
1610179.5	0.152100	0.159500	0.159400	0.184600	0.207700	0.326900	0.161500	0.154200	0.157300	0.181700	0.197500	0.183700	0.197700	0.123200	0.139500	0.228200
1615275.0	0.148900	0.153000	0.172900	0.190800	0.218300	0.353900	0.161800	0.151500	0.151800	0.183200	0.194700	0.191500	0.197600	0.112800	0.129100	0.226800
1620370.5	0.150100	0.153300	0.168300	0.187800	0.211800	0.346200	0.160700	0.151200	0.153100	0.183200	0.194500	0.189200	0.196400	0.112900	0.128900	0.227300
1625466.0	0.150200	0.155100	0.166600	0.186700	0.214300	0.342400	0.162000	0.153000	0.153600	0.182200	0.194900	0.189100	0.197200	0.118000	0.133400	0.226800
