VERSION	1200
Time[MSec.]	Ratio	Ratio	Ratio	Ratio	Ratio	Ratio	Ratio	Ratio
%.1f	%.4f	%.4f	%.4f	%.4f	%.4f	%.4f	%.4f	%.4f
Time	ROI(1-1)	ROI(1-2)	ROI(1-3)	ROI(1-4)	ROI(1-5)	ROI(1-6)	ROI(1-7)	ROI(1-8)
GraphNo	1	2	3	4	5	6	7	8
0.0	0.255500	0.271900	0.280400	0.409300	0.345100	0.219400	0.195900	0.123600
5164.4	0.255100	0.278000	0.278000	0.424400	0.354100	0.224700	0.191600	0.114500
10328.7	0.256200	0.282300	0.280700	0.425900	0.358800	0.227800	0.192100	0.116200
15493.1	0.254400	0.279500	0.278600	0.427300	0.361700	0.226700	0.190500	0.120200
20657.5	0.239100	0.272200	0.262100	0.427200	0.358500	0.229200	0.185300	0.115000
25821.8	0.259900	0.282700	0.278800	0.436400	0.373400	0.231200	0.190500	0.116100
30986.2	0.257000	0.283100	0.273700	0.434600	0.370900	0.230300	0.189100	0.114300
36150.6	0.279000	0.293800	0.288500	0.424900	0.367800	0.226600	0.201000	0.129600
41314.9	0.266200	0.288700	0.278900	0.431800	0.368900	0.226300	0.193100	0.122300
46479.3	0.265800	0.289300	0.277800	0.442800	0.375000	0.233000	0.192000	0.120400
51643.7	0.270800	0.292900	0.280200	0.435800	0.367200	0.225900	0.193800	0.122500
56808.0	0.301300	0.305700	0.292700	0.448200	0.384400	0.233100	0.207500	0.126400
61972.4	0.294000	0.294900	0.291900	0.431200	0.371300	0.225600	0.205700	0.139400
67136.7	0.297500	0.293300	0.294000	0.434800	0.376400	0.226300	0.206200	0.140900
72301.1	0.279100	0.290000	0.283000	0.455700	0.379300	0.233200	0.194700	0.123100
77465.5	0.292000	0.299000	0.290500	0.452100	0.379600	0.233700	0.201200	0.126300
82629.8	0.287600	0.296000	0.288100	0.454200	0.375400	0.231100	0.199100	0.127500
87794.2	0.288000	0.297700	0.287000	0.453800	0.375900	0.233400	0.202000	0.133200
92958.6	0.279100	0.292600	0.280600	0.457600	0.368800	0.233300	0.197500	0.130400
98122.9	0.285600	0.296900	0.283600	0.473000	0.374300	0.237000	0.200600	0.127300
103287.3	0.284000	0.295100	0.277800	0.466000	0.367100	0.236400	0.201700	0.128800
108451.7	0.263900	0.284500	0.263500	0.462400	0.349900	0.231900	0.195500	0.131800
113616.0	0.268800	0.288800	0.259400	0.465200	0.346400	0.238300	0.197600	0.127500
118780.4	0.270700	0.290700	0.259000	0.447300	0.333700	0.232900	0.202300	0.133100
123944.8	0.255000	0.284600	0.244100	0.457200	0.328000	0.238800	0.194000	0.122600
129109.1	0.243000	0.278600	0.238200	0.441500	0.312400	0.231000	0.187700	0.125100
134273.5	0.206500	0.257100	0.205000	0.447300	0.297300	0.234800	0.171500	0.109600
139437.8	0.258400	0.286400	0.237000	0.438900	0.306800	0.234400	0.203900	0.129900
144602.2	0.229000	0.271500	0.216700	0.442700	0.296200	0.237200	0.186200	0.118200
149766.6	0.232800	0.272200	0.217400	0.431200	0.288300	0.232600	0.191200	0.124400
154930.9	0.236000	0.274700	0.219200	0.426300	0.286800	0.233700	0.195500	0.126700
160095.3	0.202200	0.258300	0.195300	0.456000	0.285900	0.247300	0.170800	0.101700
165259.7	0.226200	0.269700	0.207300	0.434800	0.280900	0.239300	0.190700	0.123300
170424.0	0.224300	0.268500	0.204800	0.418700	0.271100	0.233500	0.191200	0.121600
175588.4	0.224400	0.267800	0.204200	0.413700	0.268100	0.233000	0.192900	0.122400
180752.8	0.216000	0.263800	0.197800	0.418200	0.263700	0.235800	0.188700	0.117000
185917.1	0.186700	0.246700	0.176700	0.423200	0.254000	0.239800	0.175800	0.113600
191081.5	0.212700	0.262100	0.196700	0.413200	0.257800	0.238000	0.188000	0.117300
196245.8	0.208700	0.261400	0.189700	0.412300	0.255000	0.239300	0.188800	0.118400
201410.2	0.205200	0.260400	0.186900	0.409800	0.251800	0.239500	0.187300	0.113100
206574.6	0.210100	0.262700	0.190200	0.401300	0.248300	0.236700	0.194300	0.121300
211738.9	0.211800	0.263900	0.190600	0.401300	0.247100	0.237500	0.198700	0.126600
216903.3	0.217000	0.267300	0.192200	0.391500	0.242000	0.235100	0.203500	0.133700
222067.7	0.202700	0.261100	0.183000	0.392100	0.239500	0.237500	0.194300	0.122300
227232.0	0.206200	0.264200	0.183600	0.390700	0.238700	0.239600	0.198100	0.121100
232396.4	0.205900	0.262600	0.184600	0.379200	0.233200	0.231000	0.202300	0.133200
237560.8	0.202600	0.263100	0.181500	0.382100	0.232900	0.235400	0.199900	0.124300
242725.1	0.205600	0.265200	0.182600	0.375700	0.229800	0.231800	0.203600	0.128300
247889.5	0.194600	0.259900	0.175000	0.373000	0.224600	0.231500	0.198700	0.127000
253053.8	0.193800	0.261300	0.173700	0.376400	0.225600	0.233500	0.197800	0.123300
258218.2	0.200000	0.264200	0.177000	0.367800	0.223500	0.229800	0.203700	0.126300
263382.6	0.195000	0.260700	0.174100	0.360300	0.219700	0.227700	0.202500	0.132300
268546.9	0.191100	0.260300	0.171000	0.367000	0.220700	0.232000	0.197400	0.119500
273711.3	0.200700	0.265400	0.176300	0.354200	0.218500	0.227000	0.207700	0.130700
278875.7	0.192200	0.260400	0.171400	0.355500	0.217100	0.226700	0.203000	0.129100
284040.0	0.198500	0.265800	0.175000	0.359500	0.219400	0.231100	0.206600	0.128400
289204.4	0.211600	0.272400	0.182000	0.357800	0.220900	0.229500	0.219100	0.139900
294368.7	0.203200	0.267600	0.176600	0.355300	0.218100	0.230700	0.213600	0.135500
299533.1	0.192400	0.262000	0.171000	0.359600	0.216900	0.231300	0.205400	0.126800
304697.5	0.192600	0.262000	0.170100	0.345800	0.211700	0.226700	0.206200	0.127500
309861.8	0.194700	0.261900	0.173300	0.344000	0.210300	0.225900	0.210700	0.140500
315026.2	0.188500	0.260800	0.168500	0.352200	0.212700	0.233200	0.202900	0.122300
320190.6	0.201100	0.266500	0.174300	0.339600	0.211300	0.226100	0.215400	0.138600
325354.9	0.193100	0.263600	0.171500	0.349600	0.213900	0.231600	0.209000	0.131900
330519.3	0.191900	0.261700	0.170400	0.344900	0.210400	0.229500	0.209100	0.132300
335683.7	0.186700	0.259000	0.166300	0.349500	0.212100	0.232800	0.203800	0.125200
340848.0	0.194900	0.263900	0.172000	0.335800	0.208700	0.225800	0.212200	0.134000
346012.4	0.183800	0.256700	0.165300	0.337300	0.207200	0.228700	0.201700	0.122100
351176.7	0.194300	0.262200	0.169300	0.328800	0.207700	0.225800	0.212600	0.131700
356341.1	0.186100	0.255100	0.166400	0.326700	0.203000	0.222000	0.206300	0.129200
361505.5	0.186100	0.255800	0.164400	0.328900	0.205300	0.225100	0.204900	0.127300
366669.8	0.192400	0.258100	0.168600	0.322300	0.204100	0.219400	0.211600	0.133700
371834.2	0.193900	0.257500	0.169900	0.312500	0.199600	0.212900	0.216700	0.136100
376998.5	0.181500	0.252900	0.164400	0.325300	0.203600	0.224000	0.207800	0.122500
382162.9	0.188400	0.254800	0.165100	0.316700	0.200900	0.217100	0.214600	0.126300
387327.3	0.182500	0.251000	0.162900	0.315500	0.199200	0.215900	0.210600	0.122900
392491.6	0.186500	0.253700	0.164000	0.310800	0.200600	0.217400	0.217100	0.126900
397656.0	0.187800	0.252100	0.164800	0.304600	0.197600	0.212600	0.218900	0.132100
402820.4	0.182200	0.248100	0.161900	0.303200	0.195100	0.211200	0.216000	0.123500
407984.7	0.187900	0.252900	0.162300	0.311200	0.199100	0.216500	0.221300	0.126700
413149.1	0.185400	0.251800	0.162500	0.304100	0.196200	0.211100	0.221500	0.128400
418313.4	0.186300	0.250800	0.164300	0.300600	0.194300	0.209600	0.224800	0.133000
423477.8	0.199600	0.260600	0.170200	0.301600	0.199000	0.211500	0.236600	0.134300
428642.2	0.178800	0.248700	0.157600	0.304500	0.194500	0.214400	0.219100	0.117500
433806.5	0.185100	0.250800	0.161500	0.297900	0.193000	0.208600	0.227200	0.130000
438970.9	0.189600	0.253700	0.163100	0.297200	0.194800	0.209100	0.231100	0.126200
444135.3	0.195200	0.255900	0.166400	0.291100	0.193400	0.205400	0.238000	0.130400
449299.6	0.185400	0.250700	0.160700	0.303100	0.195900	0.210600	0.227800	0.123000
454464.0	0.203100	0.261100	0.170800	0.293200	0.195800	0.209400	0.246400	0.132700
459628.3	0.185900	0.249400	0.160900	0.294000	0.192800	0.207700	0.232100	0.126600
464792.7	0.190800	0.252000	0.163400	0.295400	0.193100	0.207900	0.238300	0.129200
469957.1	0.205200	0.259200	0.172400	0.284400	0.193100	0.202600	0.254400	0.142900
475121.4	0.177500	0.244800	0.154600	0.299200	0.193200	0.211800	0.226900	0.118700
480285.8	0.201800	0.257400	0.168700	0.282700	0.192400	0.203000	0.251900	0.134600
485450.2	0.193000	0.253000	0.164700	0.289700	0.194500	0.207500	0.242700	0.125400
490614.5	0.191900	0.250700	0.163800	0.290700	0.192500	0.206200	0.244300	0.129200
495778.9	0.178800	0.242000	0.156500	0.288800	0.189600	0.205300	0.231500	0.120400
500943.2	0.185400	0.246400	0.161100	0.286300	0.189800	0.204000	0.240300	0.127500
506107.6	0.248400	0.285000	0.186700	0.284200	0.206500	0.205000	0.289400	0.132800
511272.0	0.192900	0.249900	0.163400	0.285200	0.192100	0.203600	0.248200	0.126200
516436.3	0.190700	0.247900	0.162300	0.284100	0.191300	0.204000	0.247000	0.126100
521600.7	0.186200	0.245000	0.159300	0.284900	0.190300	0.205000	0.245100	0.123700
526765.1	0.185000	0.243700	0.158600	0.286900	0.191000	0.203800	0.244600	0.121400
531929.4	0.190200	0.246400	0.160200	0.284800	0.191000	0.205300	0.251200	0.125900
537093.8	0.186900	0.241600	0.160000	0.278700	0.188500	0.201300	0.249900	0.128900
542258.1	0.188200	0.243900	0.161600	0.280700	0.190100	0.201200	0.251900	0.123900
547422.5	0.182200	0.240800	0.157000	0.280300	0.188400	0.202300	0.245400	0.118500
552586.9	0.186700	0.241500	0.158900	0.282000	0.188900	0.202500	0.251600	0.120000
557751.2	0.190700	0.244000	0.160200	0.282000	0.190900	0.201600	0.256600	0.121700
562915.6	0.186100	0.240300	0.157900	0.277200	0.188700	0.199900	0.252200	0.118600
568079.9	0.201300	0.248500	0.166800	0.275200	0.190800	0.200100	0.269300	0.128300
573244.3	0.199500	0.246300	0.163600	0.272200	0.189500	0.198600	0.267700	0.126700
578408.7	0.185300	0.238000	0.157600	0.275000	0.187800	0.200100	0.254500	0.122900
583573.0	0.190800	0.240100	0.159500	0.270800	0.187400	0.195200	0.262100	0.130600
588737.4	0.188200	0.238300	0.158400	0.271900	0.186600	0.196600	0.259000	0.123700
593901.8	0.193800	0.242300	0.161000	0.277100	0.191400	0.202700	0.264000	0.123500
599066.1	0.185200	0.236300	0.155000	0.273400	0.186200	0.198300	0.258100	0.123200
604230.5	0.190000	0.239000	0.158700	0.275600	0.189500	0.199300	0.261600	0.119100
609394.8	0.187700	0.237100	0.156500	0.270000	0.186000	0.197300	0.262400	0.121700
614559.2	0.178700	0.230000	0.153000	0.271500	0.185300	0.195700	0.251700	0.118200
619723.6	0.195000	0.238600	0.161300	0.268800	0.188300	0.196200	0.271300	0.129200
624887.9	0.185900	0.235100	0.155200	0.272400	0.187900	0.197800	0.259300	0.118700
630052.3	0.182900	0.231200	0.155500	0.267500	0.184800	0.194000	0.258900	0.119900
635216.7	0.196900	0.240300	0.161600	0.269600	0.189700	0.197800	0.273900	0.122400
640381.0	0.186300	0.231900	0.157300	0.266700	0.185000	0.195000	0.264200	0.121100
645545.4	0.197000	0.238600	0.161800	0.265700	0.188400	0.195400	0.275000	0.122400
650709.7	0.182900	0.230600	0.153300	0.269600	0.186100	0.196600	0.259200	0.118600
655874.1	0.194000	0.236400	0.159500	0.267400	0.188900	0.196500	0.272000	0.118900
661038.5	0.184500	0.229700	0.154100	0.267300	0.185300	0.195200	0.261700	0.117700
666202.8	0.187900	0.231100	0.157400	0.259800	0.184500	0.190900	0.266600	0.122800
671367.2	0.195400	0.235000	0.159800	0.262700	0.187100	0.193500	0.276900	0.124300
676531.5	0.188300	0.230400	0.157100	0.263700	0.185200	0.193200	0.268700	0.120100
681695.9	0.185800	0.228800	0.155100	0.262400	0.184900	0.193900	0.265200	0.118400
686860.3	0.180300	0.224100	0.153000	0.262700	0.184000	0.192900	0.260200	0.118800
692024.6	0.182000	0.226200	0.152400	0.264800	0.184700	0.194000	0.261000	0.110800
697189.0	0.182600	0.225600	0.153700	0.263200	0.184100	0.191200	0.263000	0.114000
702353.4	0.179400	0.223200	0.151200	0.262800	0.184900	0.192200	0.260400	0.115600
707517.7	0.185500	0.226700	0.154900	0.264000	0.185400	0.192600	0.266100	0.113600
712682.1	0.186900	0.226300	0.155900	0.259800	0.185300	0.191900	0.268600	0.115800
717846.4	0.191900	0.229000	0.158300	0.258300	0.185400	0.190300	0.275600	0.119500
723010.8	0.188900	0.226300	0.157200	0.259500	0.185200	0.192800	0.273000	0.119900
728175.2	0.195500	0.229800	0.160600	0.255600	0.185400	0.189900	0.279200	0.122100
733339.5	0.196700	0.229100	0.159700	0.256100	0.185900	0.189200	0.280700	0.124200
738503.9	0.189800	0.226800	0.156000	0.258600	0.186200	0.192000	0.273000	0.114400
743668.3	0.186600	0.223200	0.154000	0.255100	0.183500	0.190100	0.269400	0.114400
748832.6	0.191100	0.225900	0.157500	0.253800	0.183700	0.188100	0.275200	0.114400
753997.0	0.185700	0.222400	0.154200	0.256300	0.183300	0.189700	0.270100	0.117600
759161.3	0.188700	0.223300	0.155700	0.252100	0.183200	0.189700	0.274300	0.118000
764325.7	0.185100	0.222300	0.153400	0.255900	0.184700	0.192400	0.268500	0.110700
769490.1	0.188600	0.222800	0.155300	0.253400	0.183400	0.190700	0.274000	0.113800
774654.4	0.189500	0.223700	0.153800	0.258500	0.185600	0.192800	0.273800	0.111700
779818.8	0.192700	0.224900	0.158200	0.252300	0.185500	0.190500	0.278400	0.116000
784983.1	0.187600	0.222200	0.155000	0.252400	0.183500	0.189200	0.274800	0.115100
790147.5	0.195700	0.225700	0.159600	0.252200	0.185900	0.188700	0.283300	0.116000
795311.9	0.191300	0.222600	0.157900	0.249900	0.184400	0.187800	0.278300	0.114900
800476.2	0.185600	0.219800	0.153800	0.251800	0.183000	0.189300	0.272100	0.111300
805640.6	0.191000	0.220500	0.156500	0.247600	0.182900	0.186700	0.279700	0.116600
810805.0	0.193200	0.222500	0.157500	0.248100	0.183600	0.186600	0.281800	0.114000
815969.3	0.182800	0.216500	0.152200	0.253000	0.183600	0.189700	0.268900	0.109000
821133.7	0.190300	0.220700	0.155600	0.250800	0.184500	0.187500	0.278000	0.115400
826298.0	0.186000	0.215500	0.153100	0.244900	0.180200	0.184400	0.274400	0.120200
831462.4	0.184700	0.217200	0.152700	0.252200	0.184900	0.190500	0.271500	0.107800
836626.8	0.188000	0.218700	0.153700	0.246100	0.183000	0.186800	0.277800	0.113400
841791.1	0.181500	0.214100	0.150300	0.247200	0.182100	0.188000	0.269000	0.106700
846955.5	0.185400	0.215700	0.153900	0.250700	0.183900	0.189400	0.274000	0.107900
852119.8	0.189900	0.217600	0.156700	0.245100	0.181800	0.185500	0.280300	0.112600
857284.2	0.188400	0.216200	0.155400	0.246300	0.182800	0.186300	0.278100	0.113700
862448.6	0.187900	0.215300	0.154300	0.244600	0.183300	0.188300	0.277100	0.111800
867612.9	0.181000	0.212500	0.149800	0.253200	0.184500	0.192500	0.268100	0.105000
872777.3	0.184800	0.213800	0.153100	0.243400	0.180800	0.185000	0.275000	0.107800
877941.6	0.178800	0.210200	0.147700	0.249500	0.181100	0.190000	0.267600	0.104500
883106.0	0.187300	0.213200	0.154000	0.245300	0.182600	0.187700	0.278800	0.110700
888270.4	0.181300	0.211000	0.151200	0.249300	0.183500	0.188900	0.271100	0.106700
893434.7	0.181800	0.210000	0.151400	0.245100	0.181600	0.186000	0.272800	0.109100
898599.1	0.186400	0.213100	0.153400	0.244300	0.182700	0.187100	0.278300	0.107500
903763.5	0.185400	0.211900	0.151600	0.246900	0.183600	0.189700	0.276800	0.108100
908927.8	0.184900	0.211000	0.153300	0.246000	0.183100	0.188200	0.276200	0.104400
914092.2	0.185500	0.211900	0.151900	0.247200	0.184300	0.189000	0.276900	0.106300
919256.5	0.182200	0.210600	0.151600	0.247900	0.184800	0.191000	0.273800	0.103500
924420.9	0.186000	0.210500	0.152500	0.241000	0.181800	0.186300	0.279900	0.111000
929585.3	0.182200	0.208700	0.151700	0.242300	0.181300	0.184800	0.276500	0.107500
934749.6	0.186800	0.211000	0.152400	0.243500	0.182900	0.186600	0.280400	0.108600
939914.0	0.188700	0.210900	0.155500	0.240000	0.181700	0.183800	0.286300	0.111500
945078.3	0.190700	0.210600	0.156400	0.236000	0.179200	0.181000	0.289400	0.115800
950242.7	0.187300	0.210500	0.153900	0.240900	0.183000	0.187100	0.281100	0.102800
955407.1	0.182800	0.208600	0.151800	0.242000	0.182500	0.187700	0.276200	0.100200
960571.4	0.180800	0.207100	0.150900	0.242400	0.181700	0.185400	0.275600	0.101200
965735.8	0.182700	0.207200	0.150600	0.241500	0.181800	0.188200	0.275700	0.100700
970900.2	0.188200	0.209400	0.153300	0.238700	0.182300	0.186200	0.285100	0.106900
976064.5	0.184400	0.206600	0.151200	0.235400	0.179700	0.183900	0.281300	0.108000
981228.9	0.186100	0.208400	0.151900	0.244800	0.184100	0.189800	0.282300	0.102300
986393.2	0.186800	0.208400	0.153100	0.236600	0.180500	0.185000	0.284300	0.106400
991557.6	0.187100	0.207100	0.153100	0.236300	0.181800	0.188200	0.285100	0.106500
996722.0	0.186900	0.206800	0.153000	0.235100	0.180800	0.189100	0.285000	0.106800
1001886.3	0.182400	0.204600	0.151500	0.236700	0.181100	0.189500	0.278900	0.102400
1007050.7	0.183800	0.205400	0.151400	0.238700	0.181700	0.189600	0.281700	0.106400
1012215.0	0.180100	0.203100	0.149900	0.236200	0.179200	0.187800	0.277700	0.102700
1017379.4	0.190800	0.208400	0.154800	0.233600	0.181500	0.188700	0.290100	0.105700
1022543.8	0.185500	0.206000	0.152600	0.239100	0.183200	0.192700	0.282200	0.101300
1027708.1	0.181400	0.204000	0.149400	0.237400	0.181600	0.191300	0.279500	0.100200
1032872.5	0.163500	0.196800	0.136000	0.241600	0.177800	0.194200	0.256500	0.096900
1038036.9	0.182200	0.207500	0.150200	0.240500	0.185800	0.197400	0.274800	0.095100
1043201.2	0.195300	0.208600	0.156600	0.230400	0.181800	0.187800	0.296300	0.110500
1048365.6	0.184500	0.203400	0.151500	0.234200	0.180600	0.190500	0.284000	0.102600
1053529.9	0.187200	0.204300	0.154400	0.233000	0.180900	0.191700	0.287500	0.102800
1058694.3	0.181900	0.202700	0.151600	0.234700	0.181300	0.192100	0.281200	0.099600
1063858.7	0.185200	0.204400	0.151700	0.237000	0.183100	0.195200	0.285100	0.098700
1069023.0	0.184100	0.203000	0.151200	0.235700	0.181800	0.193500	0.284900	0.099500
1074187.4	0.182900	0.201500	0.152000	0.233700	0.180600	0.191300	0.284300	0.102900
1079351.7	0.183400	0.201000	0.151800	0.236100	0.182400	0.193400	0.283400	0.098800
1084516.1	0.186300	0.203000	0.151300	0.232800	0.181700	0.193900	0.289400	0.103800
1089680.5	0.181600	0.201000	0.150100	0.235200	0.181800	0.193900	0.282200	0.096900
1094844.8	0.185000	0.201000	0.153000	0.229600	0.180400	0.189500	0.289100	0.105300
1100009.2	0.184700	0.201700	0.151700	0.229200	0.180300	0.191300	0.286300	0.099600
1105173.6	0.185100	0.201100	0.153200	0.231600	0.180800	0.194300	0.287500	0.100500
1110337.9	0.185200	0.201000	0.151600	0.232100	0.180500	0.191800	0.288900	0.101600
1115502.3	0.185200	0.201200	0.152800	0.228800	0.180100	0.192100	0.288600	0.100500
1120666.6	0.185200	0.200800	0.151200	0.229900	0.180400	0.193700	0.288400	0.101300
1125831.0	0.183200	0.199800	0.151100	0.231000	0.181600	0.193500	0.287200	0.099700
1130995.4	0.186200	0.200400	0.154000	0.228500	0.179700	0.189800	0.293000	0.103900
1136159.7	0.181800	0.198700	0.150200	0.228300	0.179900	0.193900	0.285000	0.100000
1141324.1	0.181700	0.198900	0.149800	0.230700	0.181000	0.193900	0.284800	0.097000
1146488.5	0.184200	0.198600	0.151900	0.227000	0.179800	0.191300	0.290000	0.100000
1151652.8	0.182000	0.197800	0.149000	0.229500	0.180200	0.192700	0.286700	0.100700
1156817.2	0.187300	0.199300	0.153900	0.224100	0.179100	0.190100	0.295500	0.106700
1161981.5	0.184200	0.198600	0.152200	0.227200	0.179800	0.193500	0.289600	0.097300
1167145.9	0.192300	0.206600	0.155300	0.228100	0.185600	0.197800	0.292300	0.099200
1172310.3	0.184900	0.204600	0.151100	0.229900	0.184400	0.199800	0.282900	0.090800
1177474.6	0.203300	0.214200	0.151200	0.251600	0.198900	0.218400	0.299500	0.091200
1182639.0	0.197600	0.211500	0.150700	0.241000	0.190700	0.206700	0.300500	0.097600
1187803.3	0.191200	0.203100	0.156200	0.230900	0.181600	0.199700	0.305600	0.109300
1192967.7	0.200400	0.208700	0.159100	0.232700	0.184300	0.201200	0.315400	0.106300
1198132.1	0.186500	0.201000	0.152700	0.233800	0.182300	0.201100	0.299500	0.098700
1203296.4	0.178900	0.197200	0.148800	0.235200	0.181900	0.205400	0.288700	0.097000
1208460.8	0.188500	0.198300	0.154400	0.230100	0.182000	0.200000	0.302500	0.105200
1213625.1	0.200100	0.205500	0.159600	0.230000	0.184200	0.201000	0.316800	0.107000
1218789.5	0.189700	0.198800	0.154900	0.231300	0.181700	0.199700	0.307400	0.105600
1223953.9	0.190300	0.199800	0.156800	0.228500	0.182500	0.200700	0.306600	0.105400
1229118.2	0.186000	0.201800	0.148500	0.242900	0.189900	0.210000	0.294000	0.095400
1234282.6	0.197300	0.204400	0.163900	0.237500	0.195300	0.207200	0.307000	0.105200
1239447.0	0.199400	0.200900	0.168000	0.238600	0.194200	0.201600	0.312600	0.109000
1244611.3	0.200400	0.202200	0.170700	0.247600	0.201800	0.205300	0.309600	0.105400
1249775.7	0.205200	0.203800	0.174900	0.245500	0.206400	0.205500	0.314100	0.108600
1254940.0	0.202600	0.202900	0.177300	0.251600	0.212300	0.208100	0.308400	0.106500
1260104.4	0.204800	0.203900	0.180200	0.254200	0.217700	0.208400	0.307800	0.105900
1265268.8	0.212700	0.205600	0.187000	0.253800	0.223000	0.207600	0.315500	0.111900
1270433.1	0.213000	0.207600	0.191100	0.262900	0.231500	0.212200	0.310900	0.106700
1275597.5	0.218300	0.208300	0.199700	0.261800	0.237000	0.209300	0.318800	0.117600
1280761.8	0.224000	0.211600	0.206500	0.265800	0.245300	0.210100	0.321700	0.117100
1285926.2	0.235400	0.216300	0.214900	0.261200	0.250600	0.206900	0.330100	0.122300
1291090.6	0.224900	0.212000	0.213000	0.269400	0.257900	0.209400	0.316000	0.114100
1296254.9	0.232200	0.215000	0.217900	0.279200	0.269300	0.214100	0.319700	0.116800
1301419.3	0.229200	0.212900	0.218800	0.276800	0.270300	0.211000	0.315800	0.117000
1306583.7	0.244200	0.222600	0.220400	0.285600	0.286500	0.215600	0.315900	0.111700
1311748.0	0.243000	0.222200	0.222700	0.288500	0.290100	0.214700	0.313400	0.109700
1316912.4	0.248400	0.219000	0.235100	0.292500	0.293000	0.212200	0.326600	0.124300
1322076.7	0.249900	0.218700	0.237500	0.298700	0.300700	0.212800	0.325300	0.126700
1327241.1	0.254200	0.219700	0.243200	0.302900	0.308100	0.212600	0.325600	0.122400
1332405.5	0.260600	0.219800	0.250200	0.307100	0.314800	0.209800	0.331100	0.130700
1337569.8	0.251900	0.220300	0.245400	0.315300	0.322200	0.216400	0.317100	0.119300
1342734.2	0.265900	0.224600	0.255600	0.319900	0.329300	0.213800	0.329500	0.126100
1347898.6	0.270000	0.224800	0.258100	0.322300	0.332900	0.211800	0.334000	0.133500
1353062.9	0.249800	0.219900	0.235600	0.340000	0.339600	0.220300	0.306600	0.120200
1358227.3	0.295200	0.237000	0.261000	0.341900	0.362100	0.222600	0.341100	0.129300
1363391.6	0.275900	0.228200	0.263800	0.335500	0.344400	0.210800	0.332900	0.138700
1368556.0	0.275700	0.230000	0.262500	0.340500	0.347900	0.214100	0.331700	0.129300
1373720.4	0.275500	0.229800	0.258700	0.340400	0.340400	0.214600	0.334200	0.134500
1378884.7	0.271000	0.228800	0.253300	0.340800	0.332500	0.215400	0.333100	0.131200
1384049.1	0.263200	0.224600	0.247400	0.337400	0.323000	0.215600	0.325900	0.127600
1389213.4	0.250000	0.222200	0.228300	0.346600	0.320900	0.224900	0.309100	0.118100
1394377.8	0.256300	0.220600	0.239400	0.328500	0.307000	0.211500	0.324600	0.129000
1399542.2	0.250800	0.220500	0.233000	0.331700	0.303400	0.213100	0.320700	0.120500
1404706.5	0.255300	0.221500	0.235000	0.326300	0.298200	0.211100	0.327400	0.126200
1409870.9	0.250000	0.219400	0.231400	0.326500	0.294500	0.212500	0.323700	0.121900
1415035.3	0.265500	0.226000	0.235900	0.322300	0.293600	0.213000	0.339300	0.127300
1420199.6	0.253400	0.221800	0.229000	0.330100	0.292100	0.214100	0.331500	0.122200
1425364.0	0.245800	0.218200	0.224200	0.323600	0.282000	0.212000	0.326200	0.123300
1430528.3	0.250700	0.221000	0.223600	0.315200	0.276400	0.208100	0.333300	0.123000
1435692.7	0.230100	0.212700	0.212900	0.317100	0.270800	0.211500	0.312500	0.116800
1440857.1	0.244600	0.217600	0.218000	0.314900	0.270300	0.210000	0.331000	0.125500
1446021.4	0.235600	0.214400	0.212400	0.317100	0.266200	0.210600	0.323600	0.120400
1451185.8	0.235600	0.215100	0.210400	0.316600	0.262900	0.209300	0.324100	0.116000
1456350.1	0.228600	0.211900	0.206600	0.314800	0.260000	0.211100	0.319500	0.115800
1461514.5	0.233400	0.213900	0.209100	0.311900	0.257300	0.208400	0.326500	0.117200
1466678.9	0.232500	0.218000	0.199600	0.317800	0.260900	0.218600	0.314200	0.107600
1471843.2	0.228100	0.212000	0.204100	0.307100	0.250900	0.209000	0.322000	0.113500
1477007.6	0.224600	0.209900	0.200300	0.307800	0.247400	0.207200	0.322700	0.121600
1482172.0	0.220200	0.208900	0.197800	0.310900	0.248300	0.210400	0.316500	0.112000
1487336.3	0.218800	0.208300	0.196800	0.306200	0.242700	0.208600	0.318100	0.118000
1492500.7	0.215200	0.206700	0.192700	0.305400	0.239900	0.209000	0.313700	0.111700
1497665.0	0.225000	0.209800	0.198000	0.303000	0.241100	0.208100	0.327800	0.115900
1502829.4	0.220500	0.208700	0.193000	0.311000	0.240900	0.211700	0.320900	0.108600
1507993.8	0.220200	0.207600	0.194500	0.300300	0.235800	0.207200	0.324700	0.114700
1513158.1	0.217700	0.207300	0.190500	0.305000	0.236800	0.211900	0.321700	0.111500
1518322.5	0.217100	0.206500	0.193000	0.301400	0.233900	0.208100	0.323200	0.113200
1523486.9	0.218200	0.205600	0.190400	0.295800	0.230500	0.205500	0.328900	0.120700
1528651.2	0.215200	0.205300	0.188600	0.299800	0.231000	0.208300	0.322700	0.110600
1533815.6	0.207000	0.203100	0.182200	0.303600	0.230500	0.213900	0.310500	0.103200
1538979.9	0.214500	0.204800	0.185700	0.295300	0.226400	0.207000	0.323300	0.111500
1544144.3	0.213600	0.205700	0.186300	0.298200	0.225900	0.207900	0.322900	0.111300
1549308.7	0.209500	0.204100	0.182000	0.302800	0.226900	0.212500	0.318600	0.105200
1554473.0	0.215000	0.206500	0.184200	0.293400	0.223500	0.207300	0.327500	0.108500
1559637.4	0.208100	0.203800	0.181900	0.298700	0.222400	0.211200	0.320800	0.111300
1564801.7	0.210300	0.204800	0.182600	0.290200	0.219400	0.209100	0.323600	0.107300
