VERSION	1200
Time[MSec.]	Ratio	Ratio	Ratio	Ratio	Ratio	Ratio	Ratio	Ratio	Ratio
%.1f	%.4f	%.4f	%.4f	%.4f	%.4f	%.4f	%.4f	%.4f	%.4f
Time	ROI(1-1)	ROI(1-2)	ROI(1-3)	ROI(1-4)	ROI(1-5)	ROI(1-6)	ROI(1-7)	ROI(1-8)	ROI(1-9)
GraphNo	1	2	3	4	5	6	7	8	9
0.0	0.164700	0.176200	0.175800	0.188000	0.186200	0.190500	0.203700	0.152100	0.100500
5164.4	0.167000	0.175700	0.189700	0.201300	0.192100	0.193400	0.205700	0.159300	0.105100
10328.7	0.167500	0.181100	0.197100	0.208700	0.193200	0.196100	0.209300	0.162900	0.108400
15493.1	0.160500	0.180100	0.183100	0.199500	0.188900	0.187400	0.208800	0.153600	0.112900
20657.5	0.165400	0.178700	0.175000	0.202200	0.193500	0.191100	0.206700	0.152700	0.101500
25821.8	0.168800	0.178500	0.182700	0.211500	0.197400	0.194600	0.206400	0.158900	0.101000
30986.2	0.170200	0.176900	0.177600	0.212100	0.198900	0.194900	0.205600	0.158700	0.099000
36150.6	0.166900	0.178400	0.180500	0.209200	0.195000	0.191800	0.214100	0.153800	0.093800
41314.9	0.168200	0.184800	0.209400	0.219700	0.200900	0.195800	0.217700	0.165000	0.106200
46479.3	0.169400	0.180300	0.196900	0.212600	0.203100	0.195200	0.211700	0.163300	0.103600
51643.6	0.170100	0.172600	0.164500	0.198700	0.202900	0.192300	0.205700	0.152200	0.094300
56808.0	0.166600	0.180600	0.202000	0.207200	0.202500	0.193800	0.211400	0.162900	0.108800
61972.4	0.170900	0.174400	0.173900	0.198500	0.205300	0.193500	0.201100	0.157500	0.098800
67136.7	0.163500	0.177600	0.178300	0.193400	0.202500	0.188700	0.205600	0.153400	0.105500
72301.1	0.163900	0.177700	0.175000	0.192100	0.202200	0.189000	0.206000	0.153300	0.106400
77465.5	0.170900	0.176100	0.181800	0.197300	0.212000	0.194200	0.200800	0.160300	0.102000
82629.8	0.170100	0.175000	0.182600	0.196500	0.214500	0.193500	0.200300	0.159700	0.103700
87794.2	0.251600	0.176000	0.181000	0.258500	0.212600	0.190500	0.222200	0.157300	0.108100
92958.6	0.255400	0.175500	0.194900	0.271000	0.226800	0.197300	0.222900	0.170600	0.109800
98122.9	0.256800	0.178300	0.205800	0.275400	0.239700	0.204000	0.228000	0.179600	0.106500
103287.3	0.246900	0.175800	0.210400	0.275700	0.244600	0.203700	0.226700	0.188400	0.112600
108451.7	0.247400	0.172900	0.186500	0.265200	0.253500	0.205700	0.221100	0.185900	0.104800
113616.0	0.252100	0.180800	0.205500	0.279700	0.269700	0.216800	0.229800	0.199600	0.106800
118780.4	0.238400	0.183600	0.203800	0.282400	0.269800	0.213900	0.241800	0.195700	0.103200
123944.7	0.243200	0.186800	0.227900	0.295500	0.279700	0.220100	0.243800	0.208900	0.118400
129109.1	0.241500	0.177400	0.198000	0.287800	0.277500	0.220000	0.232900	0.204500	0.118900
134273.5	0.246100	0.179800	0.193700	0.292200	0.276500	0.224200	0.233900	0.204800	0.113200
139437.8	0.249200	0.181100	0.188200	0.295100	0.276800	0.225900	0.235900	0.201500	0.112900
144602.2	0.248200	0.182500	0.189600	0.300700	0.274600	0.224900	0.236300	0.202200	0.116900
149766.6	0.238700	0.183700	0.185700	0.296000	0.266600	0.222400	0.244000	0.189300	0.108200
154930.9	0.236500	0.178300	0.170400	0.291200	0.254700	0.217300	0.236100	0.187800	0.111400
160095.3	0.243900	0.179600	0.182800	0.302300	0.257900	0.223900	0.235500	0.196800	0.122100
165259.7	0.247800	0.181700	0.180700	0.308800	0.256300	0.226900	0.237100	0.195400	0.118600
170424.0	0.247700	0.181700	0.172200	0.303700	0.253000	0.225800	0.235000	0.189300	0.115200
175588.4	0.233000	0.183400	0.178100	0.297300	0.240000	0.215500	0.241600	0.182600	0.125800
180752.7	0.235000	0.184700	0.174400	0.296400	0.240500	0.216100	0.241100	0.180000	0.124100
185917.1	0.250100	0.190500	0.178100	0.310600	0.250800	0.228100	0.247700	0.180600	0.103700
191081.5	0.256500	0.192900	0.177300	0.318900	0.254000	0.232300	0.252000	0.181700	0.097500
196245.8	0.251300	0.186200	0.180400	0.315000	0.248100	0.227100	0.242700	0.184500	0.114400
201410.2	0.245100	0.190700	0.185100	0.313100	0.246000	0.223900	0.248800	0.181900	0.119300
206574.6	0.250200	0.185100	0.174400	0.311600	0.248700	0.225700	0.240600	0.180600	0.114500
211738.9	0.251300	0.186600	0.163500	0.302900	0.247900	0.224800	0.244300	0.171300	0.103800
216903.3	0.243600	0.184800	0.173000	0.298700	0.242200	0.219400	0.241400	0.174700	0.114300
222067.7	0.250400	0.186300	0.173400	0.296300	0.245100	0.222200	0.237800	0.175900	0.115400
227232.0	0.250000	0.185200	0.170300	0.286000	0.242100	0.221300	0.235100	0.174600	0.114100
232396.4	0.248500	0.182500	0.167500	0.275500	0.239300	0.219600	0.232300	0.172500	0.112600
237560.7	0.239800	0.187400	0.174800	0.264900	0.234000	0.215000	0.238700	0.167800	0.119800
242725.1	0.251400	0.188900	0.172200	0.265700	0.241000	0.223600	0.240600	0.166200	0.096000
247889.5	0.247400	0.189000	0.185200	0.265100	0.238800	0.222400	0.238500	0.172200	0.111600
253053.8	0.247400	0.182800	0.172600	0.257200	0.237700	0.221000	0.228200	0.170400	0.110400
258218.2	0.239300	0.184900	0.188900	0.256600	0.232000	0.217500	0.232500	0.172800	0.116700
263382.6	0.243500	0.181700	0.170600	0.248000	0.232800	0.217700	0.225300	0.167500	0.107400
268546.9	0.240100	0.186800	0.174800	0.240300	0.233900	0.217100	0.231500	0.162100	0.108500
273711.3	0.239200	0.188600	0.179300	0.243400	0.236900	0.217600	0.233200	0.165300	0.103500
278875.6	0.243400	0.187600	0.176000	0.240500	0.239900	0.219600	0.233700	0.163300	0.093600
284040.0	0.235300	0.183500	0.178000	0.237400	0.234800	0.214100	0.224500	0.166800	0.110400
289204.4	0.231000	0.181100	0.178100	0.235200	0.235500	0.212600	0.223100	0.167400	0.111600
294368.7	0.231700	0.180700	0.175300	0.233600	0.236400	0.211700	0.223300	0.166800	0.111100
299533.1	0.231300	0.180400	0.174900	0.231600	0.241400	0.211600	0.221400	0.166600	0.109800
304697.5	0.234100	0.186400	0.181300	0.233000	0.246500	0.216400	0.233000	0.161600	0.093200
309861.8	0.227100	0.180800	0.177700	0.228900	0.242900	0.210900	0.222300	0.166300	0.109700
315026.2	0.225900	0.181200	0.176500	0.228700	0.241700	0.210100	0.222400	0.166800	0.113400
320190.6	0.225800	0.187800	0.177000	0.227800	0.244400	0.212100	0.232500	0.159900	0.092100
325354.9	0.222500	0.182400	0.177600	0.225500	0.241400	0.208700	0.221500	0.165200	0.109600
330519.3	0.223200	0.184200	0.180100	0.225600	0.244100	0.211300	0.222500	0.167000	0.105900
335683.6	0.215400	0.185700	0.189300	0.223700	0.241200	0.206400	0.228500	0.165300	0.102600
340848.0	0.221000	0.182000	0.179600	0.221000	0.245800	0.207900	0.220200	0.165100	0.106600
346012.4	0.214800	0.184200	0.182300	0.220200	0.242100	0.206700	0.231800	0.162000	0.092800
351176.7	0.213300	0.185200	0.185300	0.219600	0.245000	0.205900	0.228400	0.162400	0.103400
356341.1	0.213500	0.184400	0.194600	0.222700	0.248200	0.206700	0.225900	0.169200	0.109900
361505.5	0.210500	0.174300	0.148600	0.201000	0.239000	0.198900	0.209600	0.153300	0.099800
366669.8	0.211000	0.192300	0.185000	0.216900	0.246300	0.207300	0.232700	0.161300	0.095000
371834.2	0.208600	0.190100	0.185900	0.216300	0.244600	0.204000	0.224100	0.165700	0.107800
376998.5	0.207600	0.194600	0.201200	0.220600	0.248900	0.206400	0.231100	0.169900	0.110400
382162.9	0.202700	0.194700	0.183800	0.210200	0.241900	0.202200	0.232400	0.160600	0.103000
387327.3	0.205300	0.195600	0.190200	0.213500	0.244300	0.205000	0.233100	0.161000	0.095900
392491.6	0.204000	0.192700	0.186200	0.212300	0.247200	0.205600	0.224300	0.164600	0.106600
397656.0	0.204300	0.193100	0.188500	0.213300	0.252800	0.207300	0.224500	0.165600	0.107000
402820.4	0.200800	0.192400	0.190300	0.213200	0.250900	0.205600	0.225700	0.165600	0.107900
407984.7	0.199200	0.189900	0.189400	0.211800	0.250400	0.205000	0.224300	0.166800	0.109300
413149.1	0.199700	0.191100	0.191100	0.213200	0.253000	0.205700	0.225600	0.166500	0.106400
418313.4	0.195200	0.192500	0.188000	0.207800	0.250000	0.203700	0.231800	0.160000	0.098500
423477.8	0.194200	0.195300	0.196100	0.209900	0.250200	0.205200	0.230200	0.164100	0.109900
428642.2	0.197500	0.192100	0.194300	0.213200	0.255900	0.207600	0.223900	0.168800	0.110400
433806.5	0.196100	0.194500	0.197700	0.214200	0.256700	0.210000	0.225100	0.170200	0.110500
438970.9	0.194800	0.203000	0.197800	0.213000	0.255900	0.212100	0.232000	0.165600	0.102200
444135.3	0.191900	0.205400	0.201700	0.213600	0.251200	0.211500	0.234000	0.167000	0.105900
449299.6	0.196800	0.200800	0.198400	0.213900	0.255400	0.214700	0.226700	0.172100	0.102600
454464.0	0.191500	0.199800	0.196500	0.211700	0.252500	0.214100	0.224900	0.169600	0.105300
459628.3	0.190000	0.202700	0.196200	0.209100	0.248200	0.210900	0.231900	0.167100	0.101500
464792.7	0.189700	0.205800	0.202300	0.208800	0.247700	0.211600	0.232000	0.166000	0.103400
469957.1	0.189500	0.199700	0.188900	0.206300	0.247900	0.213000	0.223500	0.168400	0.102700
475121.4	0.189100	0.198700	0.195300	0.207700	0.241400	0.211300	0.223300	0.171200	0.110800
480285.8	0.189600	0.202600	0.190000	0.208100	0.245300	0.213100	0.223200	0.170400	0.103400
485450.2	0.180200	0.199300	0.196000	0.201900	0.232600	0.203700	0.228600	0.165800	0.114400
490614.5	0.183800	0.208400	0.211000	0.210700	0.239100	0.210700	0.233500	0.172100	0.113600
495778.9	0.187800	0.202400	0.192300	0.206900	0.242400	0.212300	0.223200	0.170800	0.104800
500943.3	0.182600	0.202500	0.185400	0.201900	0.237900	0.208600	0.226800	0.164500	0.102300
506107.6	0.187800	0.203900	0.189600	0.205500	0.241800	0.212600	0.222300	0.170700	0.104400
511272.0	0.182000	0.201900	0.194600	0.206700	0.236700	0.210100	0.223500	0.173200	0.113100
516436.3	0.181000	0.202100	0.195500	0.205100	0.234800	0.208700	0.223000	0.173900	0.115200
521600.7	0.184100	0.191900	0.151800	0.187200	0.229900	0.204400	0.212100	0.157700	0.100200
526765.1	0.181500	0.209200	0.186500	0.199800	0.232600	0.207200	0.228300	0.165000	0.106800
531929.4	0.175500	0.207100	0.189900	0.198000	0.227200	0.204500	0.225600	0.167700	0.116800
537093.8	0.189500	0.208300	0.192100	0.206000	0.238300	0.215700	0.231600	0.168800	0.095000
542258.1	0.184700	0.205100	0.189400	0.202600	0.234400	0.213400	0.222300	0.173100	0.110100
547422.5	0.182600	0.204700	0.186600	0.199400	0.232400	0.210500	0.220100	0.170600	0.107400
552586.9	0.183700	0.204100	0.183900	0.199800	0.233100	0.212200	0.220400	0.171100	0.106900
557751.2	0.173700	0.203700	0.185600	0.191900	0.222800	0.202600	0.224300	0.164200	0.114000
562915.6	0.180400	0.209400	0.194400	0.198800	0.232400	0.210400	0.227300	0.167900	0.106200
568080.0	0.184700	0.206300	0.194000	0.202500	0.236800	0.213000	0.231300	0.167400	0.097000
573244.3	0.183200	0.208800	0.206700	0.206600	0.239800	0.213800	0.226300	0.175000	0.114100
578408.7	0.184000	0.205100	0.191000	0.203000	0.242000	0.213100	0.220700	0.172600	0.110400
583573.0	0.184800	0.204700	0.194300	0.204900	0.243300	0.211400	0.220700	0.172200	0.112600
588737.4	0.174000	0.206800	0.187800	0.197000	0.234500	0.202300	0.222200	0.165000	0.122300
593901.8	0.181200	0.206800	0.202700	0.210300	0.244000	0.211500	0.223500	0.173300	0.118200
599066.1	0.185600	0.207800	0.192600	0.211700	0.247000	0.212300	0.222300	0.172900	0.113600
604230.5	0.183600	0.201700	0.166500	0.203100	0.242000	0.206600	0.217300	0.162700	0.112700
609394.9	0.180200	0.212100	0.183000	0.208500	0.241200	0.207100	0.223300	0.165400	0.119000
614559.2	0.183700	0.213300	0.193500	0.216800	0.244900	0.209400	0.228400	0.166600	0.111900
619723.6	0.189600	0.214800	0.190100	0.224400	0.254100	0.215800	0.225100	0.172500	0.108800
624887.9	0.190500	0.219700	0.210400	0.232900	0.262200	0.218400	0.234400	0.177300	0.114000
630052.3	0.187000	0.212100	0.192400	0.225200	0.260700	0.213500	0.226000	0.172100	0.110900
635216.7	0.192800	0.217100	0.187700	0.225400	0.263200	0.216400	0.234500	0.165000	0.094000
640381.0	0.183900	0.215400	0.197500	0.221000	0.259000	0.208800	0.231800	0.167300	0.115600
645545.4	0.185200	0.208800	0.186600	0.220400	0.262400	0.208500	0.223000	0.169600	0.119500
650709.8	0.180500	0.214800	0.186500	0.216400	0.263700	0.205700	0.229800	0.162900	0.112300
655874.1	0.188500	0.215600	0.185200	0.221200	0.275100	0.210900	0.225000	0.168300	0.107900
661038.5	0.188000	0.215000	0.185900	0.222100	0.278400	0.210300	0.224800	0.169400	0.109700
666202.8	0.184500	0.217300	0.185300	0.219400	0.274300	0.206500	0.232600	0.164500	0.109100
671367.2	0.190800	0.226800	0.208100	0.232400	0.282900	0.214200	0.241200	0.171700	0.103700
676531.6	0.189100	0.216300	0.186100	0.223800	0.280200	0.210700	0.225600	0.172500	0.109900
681695.9	0.189000	0.216500	0.186500	0.223900	0.280900	0.209500	0.224700	0.172400	0.112400
686860.3	0.185100	0.214900	0.182100	0.217400	0.270300	0.203900	0.227500	0.163900	0.103900
692024.7	0.191900	0.220800	0.191100	0.226900	0.282900	0.211700	0.227900	0.173500	0.106600
697189.0	0.186800	0.218200	0.188300	0.223100	0.279800	0.206700	0.224000	0.172500	0.114500
702353.4	0.183200	0.226800	0.199500	0.223200	0.275100	0.205000	0.233000	0.170300	0.119900
707517.7	0.186900	0.223400	0.194400	0.226200	0.284300	0.208600	0.226800	0.173100	0.109800
712682.1	0.191600	0.224200	0.190400	0.225900	0.283800	0.210400	0.226300	0.172300	0.104500
717846.5	0.183200	0.225300	0.193900	0.219000	0.271400	0.202900	0.231100	0.167400	0.113400
723010.8	0.184800	0.229200	0.204600	0.224400	0.276100	0.205200	0.234400	0.170400	0.110100
728175.2	0.189800	0.227500	0.199500	0.226700	0.282200	0.209500	0.229200	0.174000	0.111200
733339.6	0.186800	0.230000	0.200500	0.227400	0.282200	0.207500	0.229300	0.174800	0.112600
738503.9	0.189600	0.233500	0.201800	0.228200	0.282200	0.209600	0.229300	0.174700	0.109800
743668.3	0.190100	0.236100	0.203500	0.229500	0.281600	0.211700	0.231000	0.176000	0.108700
748832.6	0.181700	0.240400	0.200700	0.222100	0.269900	0.202400	0.233400	0.169400	0.120300
753997.0	0.186300	0.246700	0.196900	0.220900	0.273700	0.205600	0.232200	0.167700	0.114700
759161.4	0.186400	0.246900	0.207200	0.227000	0.273800	0.207800	0.235700	0.172800	0.110400
764325.7	0.190200	0.249500	0.208800	0.230900	0.278600	0.211400	0.231000	0.178100	0.114500
769490.1	0.195500	0.258900	0.210400	0.232900	0.278700	0.214200	0.234900	0.179500	0.109600
774654.5	0.195600	0.260700	0.208500	0.234600	0.279600	0.214700	0.235700	0.180100	0.106900
779818.8	0.197600	0.248000	0.178900	0.222200	0.275700	0.210900	0.230800	0.166700	0.100000
784983.2	0.190800	0.262700	0.212200	0.230300	0.274200	0.209500	0.242800	0.174100	0.112900
790147.5	0.194500	0.268700	0.233100	0.243300	0.277900	0.216100	0.247600	0.183800	0.114400
795311.9	0.192100	0.252800	0.185600	0.222600	0.267900	0.207100	0.232100	0.170700	0.113500
800476.3	0.200500	0.267200	0.215800	0.238700	0.278200	0.216600	0.247600	0.177400	0.118900
805640.6	0.201400	0.263000	0.224900	0.248100	0.278400	0.218000	0.252200	0.184500	0.114100
810805.0	0.203500	0.257800	0.219500	0.247900	0.280400	0.219000	0.251100	0.183800	0.109900
815969.4	0.204200	0.251200	0.210700	0.244200	0.275300	0.217800	0.249200	0.182200	0.114000
821133.7	0.202000	0.251000	0.221100	0.249100	0.275000	0.218700	0.254100	0.184900	0.116400
826298.1	0.201000	0.239700	0.185600	0.231100	0.262800	0.210600	0.244400	0.171800	0.121700
831462.4	0.206400	0.251000	0.213000	0.244800	0.269600	0.218200	0.260900	0.175700	0.104200
836626.8	0.209800	0.260700	0.234000	0.257000	0.274600	0.223900	0.272000	0.185000	0.107000
841791.2	0.210500	0.242200	0.210200	0.248400	0.264500	0.217300	0.258500	0.184400	0.114800
846955.5	0.215800	0.244900	0.209100	0.251800	0.267300	0.220900	0.260400	0.184300	0.113300
852119.9	0.216000	0.243600	0.208500	0.252000	0.267100	0.220600	0.260500	0.184100	0.116700
857284.3	0.218400	0.240600	0.209500	0.253700	0.264800	0.220300	0.262800	0.186400	0.120400
862448.6	0.215600	0.240400	0.206800	0.250600	0.262900	0.216400	0.268400	0.177800	0.109800
867613.0	0.243600	0.258000	0.204300	0.263700	0.290600	0.239700	0.274900	0.176000	0.087000
872777.3	0.224400	0.244700	0.219000	0.262100	0.267800	0.223600	0.276700	0.182200	0.099200
877941.7	0.211600	0.235900	0.207500	0.246900	0.252700	0.210600	0.264200	0.177600	0.127400
883106.1	0.224500	0.229700	0.212300	0.256200	0.259600	0.216900	0.263700	0.183800	0.121200
888270.4	0.230000	0.229400	0.215000	0.259800	0.257300	0.217800	0.265700	0.186200	0.119800
893434.8	0.232500	0.229700	0.216100	0.261100	0.260300	0.219500	0.265100	0.185400	0.118500
898599.2	0.232000	0.215400	0.178000	0.239400	0.251200	0.212000	0.254000	0.169200	0.114000
903763.5	0.236500	0.230800	0.215800	0.257300	0.257200	0.218700	0.271200	0.177100	0.108600
908927.9	0.233200	0.237700	0.234700	0.261600	0.259100	0.220200	0.273500	0.183000	0.122900
914092.2	0.238600	0.224100	0.210600	0.254000	0.261900	0.218400	0.260300	0.182200	0.116200
919256.6	0.237500	0.231900	0.226500	0.254100	0.261800	0.217400	0.264900	0.179400	0.124400
924421.0	0.236200	0.223500	0.219100	0.252300	0.259000	0.217200	0.263400	0.177300	0.119200
929585.3	0.241100	0.222900	0.220300	0.259200	0.265200	0.218800	0.256900	0.184300	0.126800
934749.7	0.237400	0.227200	0.216400	0.255100	0.263100	0.217300	0.259100	0.178100	0.126400
939914.1	0.238400	0.225700	0.222100	0.255800	0.264600	0.216900	0.257000	0.176100	0.133200
945078.4	0.248900	0.224300	0.218100	0.263400	0.273400	0.223700	0.254400	0.181700	0.118300
950242.8	0.240200	0.230500	0.222700	0.261400	0.267900	0.219900	0.259600	0.179000	0.121300
955407.1	0.243200	0.225400	0.224800	0.267500	0.270000	0.223600	0.254400	0.183500	0.126400
960571.5	0.246900	0.230000	0.223500	0.270800	0.272200	0.224600	0.254700	0.184200	0.124500
965735.9	0.244700	0.227500	0.219200	0.272200	0.271700	0.224000	0.254100	0.183600	0.126900
970900.2	0.241300	0.233000	0.226600	0.270800	0.264800	0.222800	0.260800	0.179800	0.127600
976064.6	0.246100	0.238500	0.240500	0.282800	0.271500	0.229400	0.267000	0.184900	0.126100
981229.0	0.246500	0.229300	0.223600	0.274000	0.267300	0.225000	0.252500	0.182700	0.127100
986393.3	0.246400	0.230800	0.222300	0.277000	0.269300	0.225200	0.254200	0.183100	0.126100
991557.7	0.239800	0.231100	0.228100	0.275900	0.263000	0.222400	0.259900	0.180100	0.128000
996722.0	0.235200	0.233200	0.217400	0.269400	0.262200	0.219500	0.254600	0.176300	0.133300
1001886.4	0.242200	0.233900	0.222600	0.278300	0.271200	0.226100	0.260200	0.180900	0.116500
1007050.8	0.238500	0.228700	0.225000	0.277600	0.269000	0.221500	0.251600	0.183700	0.133000
1012215.1	0.241400	0.229300	0.220500	0.277600	0.273300	0.223900	0.250900	0.183900	0.128500
1017379.5	0.244100	0.229800	0.221000	0.277600	0.271900	0.225000	0.251100	0.184000	0.129700
1022543.9	0.241200	0.232900	0.222400	0.274200	0.269200	0.223700	0.257800	0.180000	0.126800
1027708.2	0.229000	0.226700	0.214600	0.261700	0.257900	0.214600	0.250200	0.174700	0.138000
1032872.6	0.236600	0.223400	0.222900	0.272900	0.263000	0.219800	0.248600	0.181700	0.135400
1038036.9	0.239900	0.225600	0.222300	0.274100	0.265100	0.223200	0.249400	0.182800	0.129100
