VERSION	1200
Time[MSec.]	Ratio	Ratio	Ratio	Ratio	Ratio	Ratio	Ratio	Ratio	Ratio	Ratio	Ratio	Ratio	Ratio	Ratio	Ratio	Ratio	Ratio	Ratio	Ratio	Ratio	Ratio	Ratio
%.1f	%.4f	%.4f	%.4f	%.4f	%.4f	%.4f	%.4f	%.4f	%.4f	%.4f	%.4f	%.4f	%.4f	%.4f	%.4f	%.4f	%.4f	%.4f	%.4f	%.4f	%.4f	%.4f
Time	ROI(1-1)	ROI(1-2)	ROI(1-3)	ROI(1-4)	ROI(1-5)	ROI(1-6)	ROI(1-7)	ROI(1-8)	ROI(1-9)	ROI(1-10)	ROI(1-11)	ROI(1-12)	ROI(1-13)	ROI(1-14)	ROI(1-15)	ROI(1-16)	ROI(1-17)	ROI(1-18)	ROI(1-19)	ROI(1-20)	ROI(1-21)	ROI(1-22)
GraphNo	1	2	3	4	5	6	7	8	9	10	11	12	13	14	15	16	17	18	19	20	21	22
0.0	0.146300	0.174500	0.152500	0.178500	0.172100	0.152200	0.186600	0.143500	0.165000	0.198200	0.180400	0.166700	0.194400	0.241600	0.154300	0.213500	0.200600	0.177000	0.192400	0.202800	0.192400	0.115700
4957.8	0.146200	0.171200	0.139500	0.175800	0.169900	0.149000	0.178500	0.141200	0.150700	0.182700	0.192000	0.158400	0.177200	0.224400	0.163100	0.196400	0.189700	0.173300	0.183800	0.191800	0.185800	0.116200
9915.6	0.145200	0.173200	0.129900	0.176500	0.169000	0.146900	0.171500	0.139100	0.138800	0.171000	0.178500	0.159300	0.171500	0.209500	0.219900	0.192600	0.186600	0.172200	0.187200	0.186700	0.186500	0.110700
14873.5	0.145000	0.172200	0.124500	0.175500	0.167900	0.146600	0.167400	0.141900	0.136100	0.159500	0.173900	0.159400	0.166200	0.197900	0.207500	0.188700	0.181600	0.169700	0.189500	0.182100	0.185700	0.110300
19831.2	0.144600	0.169400	0.122800	0.173000	0.167600	0.148100	0.164200	0.146200	0.134400	0.156800	0.166900	0.157600	0.162100	0.185900	0.179800	0.188100	0.171700	0.165300	0.186700	0.181800	0.183500	0.110500
24789.0	0.144800	0.171400	0.119600	0.173000	0.167300	0.148000	0.162900	0.145400	0.134800	0.152100	0.166800	0.160000	0.163500	0.182800	0.164600	0.182300	0.170800	0.166300	0.192300	0.179100	0.182800	0.108800
29746.8	0.146100	0.171000	0.117500	0.174300	0.167500	0.145300	0.161000	0.152800	0.141300	0.150200	0.173600	0.160700	0.163300	0.176500	0.153700	0.169900	0.168000	0.165400	0.191600	0.177600	0.183800	0.106000
34704.6	0.148200	0.170800	0.116200	0.176200	0.167100	0.145100	0.160700	0.209800	0.153000	0.147000	0.179400	0.161100	0.163100	0.175300	0.149100	0.162400	0.164900	0.164000	0.192300	0.176000	0.181300	0.104700
39662.4	0.151700	0.169100	0.117700	0.175400	0.166800	0.145700	0.160800	0.195400	0.158000	0.144900	0.185500	0.160500	0.161000	0.169400	0.148100	0.164900	0.164700	0.161000	0.188000	0.175100	0.180800	0.107900
44620.1	0.152400	0.170500	0.119500	0.173900	0.167700	0.143600	0.159500	0.180400	0.140100	0.142300	0.184800	0.158000	0.160200	0.165900	0.144000	0.173200	0.164000	0.161200	0.186800	0.173300	0.175200	0.107100
49577.9	0.157100	0.173500	0.117100	0.176500	0.167700	0.144500	0.159700	0.174200	0.136500	0.142500	0.186700	0.158900	0.161900	0.169100	0.144700	0.180300	0.167300	0.166400	0.193300	0.173100	0.182600	0.105900
54535.7	0.156900	0.172300	0.119000	0.173500	0.167000	0.143000	0.158100	0.175000	0.136500	0.144800	0.184700	0.157500	0.159300	0.163800	0.143200	0.192500	0.167600	0.161800	0.185600	0.172100	0.179900	0.107200
59493.5	0.152400	0.174300	0.117600	0.171300	0.165900	0.141600	0.157000	0.168900	0.131800	0.143500	0.185700	0.159600	0.161600	0.166400	0.142800	0.190500	0.167800	0.162500	0.188000	0.172500	0.183500	0.104200
64451.3	0.152500	0.174600	0.117200	0.171500	0.167400	0.143900	0.159900	0.166900	0.131800	0.144000	0.182200	0.159200	0.161300	0.165800	0.141000	0.185800	0.168300	0.167000	0.188400	0.171500	0.178900	0.102800
69409.1	0.151600	0.172100	0.116900	0.170800	0.167100	0.143200	0.159300	0.155200	0.129800	0.142500	0.180400	0.158700	0.162100	0.166000	0.140300	0.191600	0.176200	0.168200	0.186600	0.174900	0.179000	0.102900
74366.9	0.156700	0.174500	0.118300	0.171900	0.169100	0.145100	0.160500	0.149100	0.130000	0.142700	0.185600	0.162700	0.168000	0.168600	0.140700	0.193600	0.182600	0.170300	0.189000	0.173700	0.178600	0.103200
79324.7	0.156300	0.172000	0.117300	0.169100	0.168200	0.143900	0.159500	0.142000	0.130900	0.141500	0.182900	0.164700	0.174700	0.164200	0.139800	0.189500	0.176900	0.167000	0.187900	0.173600	0.172600	0.102400
84282.5	0.156400	0.171800	0.116200	0.173100	0.170200	0.146600	0.162500	0.139100	0.133500	0.140600	0.182800	0.168800	0.187300	0.170200	0.141100	0.185000	0.172700	0.165800	0.192800	0.173300	0.174300	0.099400
89240.3	0.158700	0.172400	0.117600	0.171200	0.170200	0.146400	0.164600	0.137700	0.134800	0.141700	0.181500	0.173600	0.193300	0.167100	0.143200	0.182300	0.166800	0.162800	0.187000	0.174000	0.174700	0.101200
94198.1	0.155200	0.169700	0.119600	0.169000	0.168900	0.152900	0.164400	0.139000	0.142500	0.142400	0.178900	0.180200	0.193200	0.162300	0.142500	0.182300	0.163500	0.158600	0.181900	0.175700	0.176000	0.103900
99155.9	0.156500	0.171200	0.118000	0.170600	0.171200	0.151100	0.164400	0.139200	0.158800	0.142000	0.176600	0.201400	0.190300	0.168000	0.144200	0.176100	0.167300	0.161000	0.189100	0.175200	0.169600	0.099500
104113.7	0.160000	0.177500	0.121300	0.172500	0.172200	0.157900	0.166600	0.144100	0.138900	0.147800	0.173000	0.205400	0.183900	0.169400	0.145600	0.168400	0.167800	0.163300	0.191500	0.177300	0.164000	0.103500
109071.5	0.361900	0.336900	0.250600	0.317700	0.205700	0.276100	0.278900	0.276300	0.231600	0.293800	0.218700	0.348600	0.335100	0.371400	0.313700	0.216400	0.297800	0.338800	0.518100	0.308700	0.242800	0.246800
114029.2	0.348000	0.311300	0.209500	0.281700	0.206200	0.266100	0.284900	0.252700	0.216300	0.252800	0.211600	0.340200	0.318900	0.338500	0.291900	0.219300	0.272600	0.281000	0.388800	0.280300	0.231000	0.195500
118987.0	0.318400	0.311500	0.193800	0.256200	0.203400	0.257600	0.271800	0.242700	0.193600	0.238200	0.203300	0.328500	0.303700	0.311900	0.263000	0.216600	0.261900	0.252400	0.323400	0.276200	0.208700	0.169600
123944.8	0.285000	0.318900	0.192700	0.245400	0.198000	0.254100	0.256700	0.241100	0.177300	0.231500	0.195800	0.317100	0.292200	0.278700	0.250700	0.214500	0.256800	0.240800	0.294900	0.281200	0.202700	0.176600
128902.6	0.272300	0.326900	0.190700	0.247600	0.198300	0.252400	0.252500	0.241900	0.167700	0.233400	0.192500	0.305000	0.286200	0.277200	0.239600	0.212700	0.257300	0.244900	0.306000	0.284700	0.202000	0.239700
133860.4	0.264300	0.334800	0.189300	0.247000	0.199000	0.249200	0.248200	0.237300	0.162400	0.237200	0.190700	0.306300	0.285900	0.262300	0.235500	0.215500	0.264500	0.267000	0.361500	0.285800	0.202300	0.194300
138818.2	0.257600	0.343200	0.185000	0.246800	0.197200	0.247100	0.246000	0.236800	0.157700	0.236600	0.189200	0.304700	0.290300	0.254600	0.233500	0.210100	0.266600	0.271300	0.376600	0.285700	0.200600	0.171700
143776.0	0.256900	0.347000	0.184800	0.246500	0.196300	0.243600	0.241400	0.235200	0.155700	0.238300	0.188900	0.305500	0.294000	0.252100	0.229600	0.206900	0.270200	0.258600	0.341800	0.284600	0.200400	0.168600
148733.8	0.256800	0.342600	0.191900	0.235900	0.194700	0.238100	0.235600	0.239000	0.152200	0.241800	0.185800	0.302200	0.288700	0.242900	0.230100	0.206000	0.268900	0.256100	0.332000	0.286200	0.199000	0.190600
153691.6	0.261400	0.349300	0.185400	0.235600	0.195200	0.238000	0.237400	0.234600	0.151200	0.240900	0.183900	0.295200	0.295400	0.245400	0.231800	0.202100	0.268600	0.264900	0.363500	0.283200	0.201000	0.193700
158649.4	0.253700	0.349500	0.185900	0.229000	0.193800	0.233300	0.232400	0.234700	0.150600	0.241400	0.185100	0.289500	0.296500	0.234900	0.230800	0.200400	0.270700	0.264100	0.350800	0.280900	0.199900	0.194800
163607.2	0.254800	0.349300	0.188900	0.222100	0.194000	0.234300	0.236100	0.231800	0.149500	0.244100	0.185000	0.278000	0.299800	0.235900	0.232700	0.201200	0.274300	0.256400	0.326700	0.282100	0.200100	0.191400
168565.0	0.257200	0.348200	0.190400	0.219900	0.194800	0.234200	0.240800	0.232900	0.149600	0.244400	0.187600	0.266800	0.300500	0.235800	0.238100	0.199200	0.275400	0.254000	0.326600	0.277800	0.199800	0.200900
173522.8	0.254000	0.353200	0.188600	0.215100	0.195100	0.231300	0.239200	0.227700	0.148100	0.243900	0.189700	0.261300	0.300100	0.231100	0.228100	0.197800	0.281100	0.261900	0.335300	0.277300	0.200200	0.186300
178480.6	0.257300	0.343800	0.197200	0.204800	0.193300	0.227300	0.240000	0.231900	0.147800	0.242700	0.187600	0.250200	0.288100	0.211500	0.218900	0.198300	0.281300	0.256900	0.314100	0.272900	0.197800	0.194000
183438.3	0.255900	0.347500	0.197100	0.202300	0.193400	0.222900	0.238400	0.231300	0.147200	0.244600	0.189200	0.241700	0.284100	0.205100	0.215100	0.197200	0.285200	0.262100	0.324000	0.268400	0.197500	0.194500
188396.1	0.262000	0.346600	0.202900	0.191800	0.190700	0.217600	0.237300	0.238300	0.148400	0.248600	0.190200	0.250100	0.283600	0.199400	0.212900	0.196400	0.292500	0.264900	0.321100	0.267200	0.197800	0.207800
193353.9	0.270200	0.355600	0.199200	0.192200	0.192200	0.216400	0.238300	0.234500	0.146700	0.247700	0.189900	0.254700	0.286400	0.202100	0.218000	0.196700	0.298900	0.274800	0.346800	0.266600	0.197300	0.200000
198311.7	0.263800	0.357100	0.199500	0.186600	0.189600	0.211200	0.234500	0.232500	0.143600	0.245800	0.187200	0.251400	0.273900	0.195600	0.214100	0.195600	0.299000	0.277600	0.339700	0.264800	0.195400	0.206300
203269.5	0.255600	0.362500	0.198200	0.184000	0.187800	0.207500	0.230000	0.229600	0.142600	0.244400	0.185700	0.243900	0.260800	0.188900	0.205200	0.195400	0.300800	0.270000	0.318200	0.263600	0.195000	0.205900
208227.3	0.252400	0.375000	0.193900	0.186500	0.189000	0.207700	0.230600	0.225400	0.143000	0.239900	0.186900	0.229800	0.248000	0.192500	0.196200	0.193500	0.306700	0.274100	0.322700	0.262700	0.194400	0.192700
213185.1	0.249600	0.378800	0.194700	0.185300	0.189000	0.202700	0.227900	0.223000	0.142400	0.238400	0.186300	0.214900	0.236000	0.190600	0.193900	0.194500	0.307200	0.277200	0.326600	0.261700	0.193100	0.188300
218142.9	0.242900	0.380000	0.194200	0.181600	0.186100	0.199400	0.224000	0.217700	0.141600	0.233500	0.184200	0.203500	0.230000	0.186600	0.190700	0.194900	0.304500	0.276000	0.322600	0.261700	0.191600	0.183700
223100.7	0.236700	0.384300	0.194500	0.181000	0.184500	0.196100	0.218300	0.211900	0.138600	0.224000	0.181400	0.198900	0.221200	0.187000	0.189600	0.194500	0.305600	0.269500	0.308200	0.260500	0.189800	0.186500
228058.5	0.237900	0.401100	0.196700	0.185100	0.186500	0.195400	0.216400	0.205500	0.139800	0.221500	0.185600	0.198800	0.219900	0.192300	0.190700	0.195900	0.311800	0.270400	0.306300	0.262200	0.192500	0.186500
233016.3	0.223700	0.409100	0.192900	0.183400	0.183100	0.189300	0.203900	0.192800	0.137000	0.205500	0.179500	0.193900	0.212700	0.184900	0.187100	0.192000	0.307200	0.255900	0.276800	0.257200	0.182800	0.177300
237974.1	0.220100	0.414300	0.200800	0.179900	0.180600	0.185800	0.194500	0.193900	0.136700	0.204500	0.178700	0.191600	0.211500	0.178300	0.190300	0.195900	0.304700	0.247000	0.251900	0.258800	0.189200	0.184700
242931.8	0.209800	0.428600	0.194000	0.181700	0.182400	0.185000	0.192400	0.187200	0.136400	0.197900	0.176400	0.192300	0.209800	0.181100	0.186600	0.193400	0.305300	0.241800	0.245300	0.264800	0.184000	0.180200
247889.6	0.196700	0.442800	0.190900	0.182400	0.182900	0.182600	0.189900	0.182100	0.136400	0.196700	0.176700	0.193100	0.209000	0.186100	0.184100	0.191200	0.301000	0.237300	0.242800	0.274600	0.207000	0.173000
252847.4	0.188400	0.451000	0.193800	0.180400	0.181500	0.180400	0.190100	0.181800	0.137500	0.197400	0.174900	0.192100	0.208100	0.184500	0.181400	0.191200	0.304300	0.235300	0.230500	0.282000	0.180100	0.178700
257805.2	0.183800	0.472900	0.186200	0.183100	0.183600	0.180300	0.190600	0.181100	0.138100	0.201900	0.177100	0.198500	0.213900	0.191100	0.181600	0.188700	0.306800	0.237300	0.234700	0.286100	0.180300	0.169600
262763.0	0.179100	0.479600	0.186200	0.179000	0.179200	0.174500	0.187300	0.188400	0.135600	0.193200	0.176900	0.196400	0.210800	0.186100	0.175200	0.189300	0.301900	0.230800	0.224900	0.288000	0.179600	0.171300
267720.8	0.183600	0.497200	0.177900	0.178000	0.178900	0.174000	0.188300	0.191700	0.137400	0.192400	0.175700	0.198600	0.214700	0.189900	0.174800	0.191100	0.291000	0.228600	0.226300	0.295100	0.184000	0.164700
272678.6	0.186400	0.493100	0.173200	0.174700	0.177700	0.170200	0.186300	0.200100	0.135600	0.189600	0.169000	0.191800	0.206200	0.180600	0.170800	0.189000	0.268700	0.215300	0.210300	0.294100	0.181000	0.171400
277636.4	0.190100	0.507800	0.160200	0.177300	0.178800	0.171000	0.187300	0.200500	0.134700	0.186600	0.165800	0.193400	0.208300	0.184400	0.172600	0.184900	0.259700	0.213600	0.215200	0.286500	0.181200	0.163600
282594.2	0.188800	0.515800	0.156600	0.177200	0.179500	0.173300	0.187500	0.201100	0.135900	0.187800	0.163900	0.194500	0.206700	0.183800	0.173600	0.178100	0.252900	0.212800	0.215700	0.280200	0.179100	0.158000
287552.0	0.182700	0.504800	0.161300	0.171900	0.176400	0.170600	0.185200	0.204000	0.135200	0.186300	0.161900	0.190000	0.198200	0.176100	0.174200	0.172300	0.246500	0.205300	0.202900	0.271900	0.177000	0.162800
292509.8	0.181900	0.512300	0.160100	0.174700	0.177400	0.171100	0.186900	0.199400	0.135800	0.185200	0.164000	0.192900	0.200900	0.181100	0.178100	0.167100	0.247400	0.209400	0.210700	0.267900	0.178000	0.156000
297467.6	0.180900	0.501400	0.157800	0.174200	0.177300	0.171100	0.187300	0.195900	0.134800	0.182600	0.162300	0.193500	0.201500	0.182300	0.177000	0.163800	0.248800	0.209000	0.212700	0.266900	0.175800	0.148300
302425.3	0.179700	0.493400	0.159400	0.171000	0.175600	0.166800	0.184800	0.194700	0.134600	0.178600	0.162400	0.192800	0.197800	0.177200	0.177300	0.162900	0.246500	0.205200	0.205300	0.264300	0.173300	0.148800
307383.1	0.178700	0.488300	0.160500	0.173000	0.176200	0.167200	0.186400	0.192200	0.134000	0.177300	0.164600	0.192500	0.196200	0.179800	0.175800	0.162400	0.247300	0.205200	0.204500	0.266100	0.173700	0.149100
312340.9	0.176800	0.485300	0.159700	0.175300	0.176300	0.165900	0.186100	0.187200	0.133600	0.176400	0.165900	0.195600	0.197400	0.182700	0.174600	0.162400	0.248100	0.206100	0.208500	0.267600	0.174900	0.140200
317298.7	0.176100	0.472000	0.161800	0.171300	0.173500	0.163400	0.184200	0.185500	0.132900	0.174100	0.164500	0.192200	0.194700	0.179400	0.173200	0.163600	0.244600	0.204200	0.205300	0.264600	0.176600	0.138100
322256.5	0.175600	0.468900	0.158700	0.174300	0.175700	0.164200	0.185200	0.180500	0.134100	0.173500	0.168600	0.193700	0.197000	0.186400	0.173000	0.163200	0.246700	0.208600	0.214100	0.263900	0.177400	0.132400
327214.3	0.176000	0.445900	0.159300	0.173700	0.175300	0.162300	0.184300	0.179600	0.133400	0.171700	0.163600	0.190700	0.192800	0.180200	0.171100	0.161600	0.243100	0.202900	0.205600	0.258100	0.173200	0.134000
332172.1	0.174400	0.421700	0.160900	0.171500	0.174900	0.160600	0.182800	0.178500	0.131900	0.170200	0.163700	0.189800	0.191300	0.179200	0.169200	0.162200	0.241000	0.201200	0.202700	0.254500	0.170100	0.133700
337129.9	0.174600	0.411900	0.160900	0.174800	0.176600	0.161900	0.183700	0.178300	0.133600	0.169200	0.168300	0.191100	0.191600	0.182300	0.170400	0.162300	0.233400	0.195700	0.204000	0.248900	0.166300	0.130500
342087.7	0.168900	0.391000	0.160400	0.172000	0.174700	0.159600	0.183300	0.175700	0.132300	0.168900	0.168600	0.188300	0.190600	0.181800	0.168700	0.161100	0.238700	0.198200	0.204100	0.246600	0.165500	0.128700
347045.5	0.173100	0.368200	0.162100	0.173400	0.176500	0.159800	0.184200	0.172800	0.132000	0.166100	0.168100	0.186200	0.188600	0.179500	0.167900	0.160700	0.233100	0.194800	0.200500	0.237600	0.163000	0.128200
352003.3	0.174300	0.349400	0.162000	0.170600	0.174900	0.157400	0.183000	0.168000	0.131600	0.165500	0.172800	0.186800	0.187600	0.177500	0.166900	0.161100	0.232400	0.194100	0.198000	0.234300	0.161300	0.126900
356961.0	0.173500	0.334300	0.160700	0.172700	0.175200	0.157200	0.183400	0.165200	0.131000	0.162800	0.181400	0.188300	0.189200	0.178700	0.166900	0.161900	0.233000	0.194500	0.201500	0.228600	0.159900	0.124800
361918.8	0.171800	0.319000	0.162600	0.171500	0.174800	0.158200	0.183100	0.163700	0.131700	0.162100	0.186000	0.185400	0.186900	0.177200	0.163600	0.160600	0.231700	0.192500	0.197900	0.224400	0.158500	0.126400
366876.6	0.171600	0.309800	0.165400	0.171500	0.174700	0.157900	0.182900	0.162000	0.132700	0.160900	0.179900	0.184200	0.185000	0.176700	0.163900	0.158600	0.228000	0.191000	0.195500	0.218600	0.156700	0.125200
371834.4	0.169300	0.300800	0.164200	0.170900	0.174000	0.156700	0.182200	0.160900	0.131700	0.161000	0.175400	0.185100	0.185100	0.178400	0.166700	0.160700	0.227800	0.190300	0.195500	0.215800	0.157100	0.124900
376792.2	0.165200	0.287500	0.165100	0.168300	0.172300	0.153800	0.180400	0.158700	0.132600	0.159500	0.171000	0.183700	0.183300	0.175400	0.163000	0.160300	0.225600	0.188400	0.191300	0.212000	0.157600	0.123100
381750.0	0.167000	0.278000	0.164400	0.169100	0.171700	0.153800	0.180000	0.159900	0.131300	0.159100	0.166400	0.181700	0.182000	0.174900	0.167400	0.158600	0.225300	0.188200	0.192900	0.209000	0.159500	0.121800
386707.8	0.169700	0.275900	0.163600	0.171600	0.174100	0.153800	0.181200	0.156000	0.132200	0.158600	0.171400	0.182100	0.183200	0.178700	0.164700	0.158800	0.224400	0.189700	0.198600	0.206200	0.157400	0.120500
391665.6	0.165800	0.274200	0.160100	0.169900	0.172600	0.154100	0.180600	0.155100	0.132000	0.158400	0.184500	0.184800	0.184800	0.181000	0.164800	0.157300	0.221900	0.189000	0.199300	0.205500	0.156000	0.117600
396623.4	0.166200	0.273800	0.157100	0.173900	0.173600	0.154600	0.181600	0.153100	0.131800	0.157800	0.186400	0.184900	0.186100	0.183500	0.167600	0.162500	0.220200	0.189000	0.203000	0.202900	0.155200	0.116100
401581.2	0.165000	0.270000	0.158600	0.173600	0.172300	0.153400	0.179600	0.153200	0.130800	0.157100	0.185400	0.184200	0.183300	0.178800	0.164100	0.185300	0.216500	0.186600	0.197400	0.200400	0.155300	0.117900
406539.0	0.162300	0.268200	0.157400	0.174400	0.172900	0.153600	0.179100	0.153600	0.132300	0.157900	0.178600	0.184800	0.183700	0.179100	0.162000	0.187600	0.217400	0.186400	0.197900	0.198900	0.158100	0.116100
411496.7	0.162600	0.259900	0.155100	0.173300	0.171300	0.151200	0.177500	0.152100	0.131300	0.154500	0.169400	0.183900	0.181000	0.180000	0.160000	0.177800	0.211400	0.184000	0.198600	0.196400	0.153700	0.114000
416454.5	0.160500	0.257400	0.148600	0.173800	0.171900	0.152000	0.177200	0.149200	0.130300	0.152800	0.164800	0.185500	0.184900	0.185200	0.161900	0.173500	0.209800	0.186300	0.206100	0.195400	0.155900	0.110800
421412.3	0.158500	0.244300	0.149000	0.171400	0.170600	0.149800	0.175600	0.150700	0.130400	0.150600	0.158100	0.177900	0.178000	0.175600	0.154800	0.172900	0.201500	0.179800	0.196200	0.193800	0.153400	0.112100
426370.1	0.156200	0.238600	0.141100	0.170600	0.168700	0.148500	0.172500	0.144700	0.127400	0.144800	0.157200	0.178000	0.177800	0.177500	0.155300	0.184500	0.200300	0.179600	0.198400	0.193000	0.149600	0.109200
431327.9	0.155500	0.234100	0.145700	0.169000	0.168400	0.148300	0.172800	0.148600	0.130500	0.146600	0.156600	0.177200	0.175200	0.175200	0.155800	0.186500	0.198100	0.179300	0.195500	0.193400	0.148100	0.109700
436285.7	0.154500	0.225800	0.144000	0.170100	0.170400	0.150200	0.174600	0.147900	0.129900	0.146700	0.163200	0.176400	0.174300	0.174400	0.153700	0.184300	0.197000	0.177900	0.193600	0.192900	0.149000	0.108600
441243.5	0.154400	0.220700	0.142000	0.171100	0.169400	0.148700	0.174200	0.146900	0.129900	0.144700	0.167100	0.175300	0.173700	0.175800	0.152100	0.182400	0.195500	0.176900	0.193900	0.190900	0.148200	0.106900
446201.3	0.151000	0.216900	0.142800	0.167900	0.167300	0.147700	0.170700	0.147600	0.129400	0.143600	0.165800	0.172000	0.168700	0.170100	0.151100	0.175300	0.193400	0.173900	0.187600	0.189600	0.145100	0.107900
451159.1	0.151900	0.213800	0.143100	0.167400	0.168900	0.146100	0.169100	0.147000	0.129500	0.141500	0.165000	0.171000	0.168600	0.169100	0.149700	0.167400	0.189500	0.174000	0.186600	0.188400	0.143500	0.108400
456116.9	0.150000	0.210800	0.142500	0.167800	0.167300	0.146000	0.167600	0.145900	0.129700	0.140400	0.160200	0.171200	0.167300	0.168800	0.149800	0.165100	0.186800	0.171100	0.185000	0.187100	0.141300	0.109100
461074.7	0.148100	0.211100	0.138400	0.169400	0.167300	0.145900	0.166900	0.145000	0.129400	0.140000	0.160400	0.171500	0.168100	0.168700	0.149000	0.161000	0.185200	0.170300	0.186700	0.186200	0.141000	0.105700
466032.4	0.150400	0.208700	0.138500	0.170900	0.168400	0.146200	0.167400	0.144900	0.129500	0.139400	0.161500	0.169700	0.167000	0.169200	0.149100	0.163000	0.180800	0.168600	0.186500	0.185700	0.140500	0.107600
470990.2	0.146700	0.205800	0.136400	0.168300	0.166400	0.143400	0.164700	0.142200	0.128100	0.138500	0.158400	0.170500	0.167300	0.169100	0.148800	0.167400	0.181200	0.168700	0.186800	0.185600	0.144300	0.104200
475948.0	0.148100	0.203600	0.137700	0.170300	0.169000	0.143800	0.166500	0.142000	0.129300	0.138800	0.157600	0.170100	0.170400	0.169800	0.150600	0.165000	0.178900	0.168200	0.188000	0.183600	0.148600	0.105500
480905.8	0.148400	0.204000	0.136000	0.171900	0.169500	0.144200	0.165200	0.141900	0.129600	0.137900	0.156200	0.171700	0.170100	0.173200	0.150600	0.164300	0.178700	0.170000	0.193000	0.182300	0.162600	0.103500
485863.6	0.145900	0.197500	0.141000	0.168000	0.167000	0.142700	0.163000	0.145000	0.128600	0.137700	0.154900	0.166900	0.164100	0.164500	0.148100	0.164200	0.175200	0.164800	0.179700	0.181200	0.165500	0.108300
490821.4	0.146600	0.199800	0.136700	0.169400	0.169600	0.144500	0.164500	0.142100	0.129000	0.137800	0.158100	0.169700	0.167500	0.170800	0.148900	0.164600	0.175900	0.168300	0.188600	0.180700	0.159900	0.102400
495779.2	0.145700	0.198300	0.138100	0.170000	0.167100	0.141900	0.163300	0.142700	0.128700	0.137600	0.156400	0.167900	0.164500	0.167100	0.146900	0.166100	0.174400	0.165500	0.183100	0.179500	0.153300	0.105600
500737.0	0.145100	0.196100	0.138000	0.169700	0.168900	0.142000	0.162900	0.143500	0.129700	0.137200	0.155300	0.166100	0.161300	0.165600	0.145700	0.164300	0.174400	0.163700	0.182100	0.177500	0.145100	0.105900
505694.8	0.145500	0.194100	0.136100	0.172900	0.170400	0.142700	0.162900	0.142700	0.129600	0.136600	0.154000	0.167600	0.162200	0.165900	0.145600	0.157800	0.173600	0.163800	0.183900	0.177300	0.138300	0.104000
510652.6	0.145100	0.193200	0.133000	0.172600	0.170800	0.143500	0.163800	0.142800	0.129500	0.136500	0.152300	0.168500	0.163400	0.169000	0.144700	0.154100	0.172800	0.164900	0.188200	0.176500	0.135500	0.102900
515610.4	0.143900	0.188300	0.135300	0.170500	0.169000	0.140500	0.162000	0.146800	0.129700	0.136500	0.150500	0.164800	0.158600	0.163300	0.144700	0.152200	0.169800	0.161300	0.179100	0.175400	0.133100	0.106500
520568.1	0.144800	0.189500	0.132000	0.171900	0.168800	0.141800	0.162800	0.146100	0.129400	0.135600	0.150600	0.166200	0.160700	0.167300	0.144600	0.151100	0.169200	0.162000	0.183600	0.175200	0.133400	0.104300
525525.9	0.145000	0.187000	0.132200	0.169300	0.168600	0.140800	0.161700	0.146600	0.130500	0.136500	0.148600	0.164500	0.158800	0.164300	0.143300	0.152500	0.166500	0.160500	0.179000	0.173100	0.132900	0.105300
530483.7	0.146700	0.186700	0.129100	0.171300	0.169800	0.142200	0.162400	0.144400	0.129500	0.136100	0.149200	0.166700	0.161400	0.169200	0.143800	0.151200	0.167000	0.162100	0.185700	0.172500	0.133000	0.103900
535441.5	0.145200	0.185600	0.129800	0.170900	0.169400	0.141300	0.161300	0.143900	0.131200	0.136700	0.149100	0.166600	0.160300	0.166400	0.143000	0.150800	0.165100	0.160700	0.182800	0.172200	0.132700	0.104000
540399.3	0.143100	0.184300	0.129500	0.168600	0.167600	0.140200	0.160200	0.143000	0.129900	0.135900	0.148000	0.167000	0.160000	0.165200	0.144800	0.151100	0.164200	0.160000	0.181700	0.171700	0.132000	0.104500
545357.1	0.142100	0.188800	0.125300	0.172000	0.167500	0.141400	0.159800	0.139700	0.129400	0.136000	0.151300	0.171000	0.165500	0.175000	0.146600	0.151300	0.164500	0.163800	0.191700	0.171200	0.134200	0.098400
550314.9	0.143500	0.181800	0.129400	0.168900	0.166400	0.139600	0.158600	0.141100	0.130000	0.136700	0.148800	0.166000	0.159000	0.165300	0.145100	0.152700	0.162500	0.158700	0.181400	0.170300	0.133700	0.103800
555272.7	0.142200	0.182700	0.129300	0.169300	0.165500	0.138900	0.158100	0.140000	0.129500	0.137800	0.149900	0.164500	0.159600	0.165000	0.145100	0.149900	0.161900	0.159300	0.181700	0.167900	0.135200	0.104200
560230.5	0.145000	0.182900	0.127300	0.169500	0.166100	0.139600	0.159100	0.139300	0.130400	0.137300	0.149700	0.166600	0.162000	0.167900	0.145200	0.148700	0.162600	0.160500	0.186300	0.167200	0.140800	0.102500
565188.3	0.142200	0.180100	0.129300	0.167700	0.165000	0.138800	0.157100	0.141700	0.128700	0.138000	0.148800	0.164000	0.160300	0.162600	0.145000	0.149600	0.161700	0.157200	0.177900	0.166000	0.176400	0.106600
570146.1	0.143200	0.180700	0.124900	0.169500	0.165200	0.139600	0.158800	0.139800	0.129800	0.138000	0.153500	0.166700	0.161900	0.168300	0.145800	0.147600	0.161600	0.160000	0.186000	0.165000	0.157300	0.101300
575103.8	0.144700	0.179900	0.127600	0.169500	0.165900	0.139000	0.157900	0.141400	0.128800	0.137800	0.157400	0.165300	0.160600	0.166000	0.145600	0.147500	0.159800	0.158600	0.182400	0.164600	0.141400	0.105100
580061.6	0.143600	0.179800	0.125200	0.167300	0.163900	0.138800	0.156800	0.141200	0.129300	0.136100	0.161000	0.166400	0.161100	0.167100	0.145800	0.144100	0.161400	0.159800	0.183700	0.164400	0.135200	0.103700
585019.4	0.143900	0.180200	0.124500	0.167300	0.165500	0.138500	0.157400	0.141700	0.130000	0.137200	0.161800	0.166700	0.161700	0.168100	0.145900	0.144500	0.162900	0.159700	0.184200	0.165400	0.133400	0.103100
589977.2	0.145300	0.180400	0.125800	0.168200	0.164900	0.140300	0.157500	0.143000	0.129600	0.139000	0.160600	0.167300	0.160300	0.168700	0.146700	0.143900	0.165800	0.159100	0.182800	0.165000	0.134000	0.103700
594935.0	0.143500	0.183000	0.126600	0.170400	0.163500	0.140100	0.158100	0.147600	0.130300	0.139900	0.161100	0.174100	0.164600	0.174200	0.151000	0.145100	0.169800	0.162600	0.186800	0.165600	0.135500	0.102500
599892.8	0.144100	0.180700	0.125400	0.170900	0.163900	0.138600	0.157300	0.149700	0.130400	0.140100	0.158700	0.172500	0.162300	0.175300	0.150700	0.144100	0.167400	0.161400	0.185400	0.165100	0.135700	0.103600
604850.6	0.143600	0.179800	0.125800	0.169700	0.164500	0.139400	0.156800	0.148000	0.129200	0.138900	0.158100	0.175300	0.164400	0.175500	0.148300	0.143600	0.168600	0.160900	0.184300	0.163400	0.139400	0.105500
609808.4	0.146100	0.178100	0.130000	0.168900	0.164500	0.139400	0.158200	0.155400	0.130200	0.141000	0.157500	0.172000	0.164100	0.172400	0.152900	0.146200	0.169300	0.159600	0.177500	0.164300	0.155700	0.109200
614766.2	0.144800	0.178700	0.126300	0.170300	0.164600	0.139500	0.156800	0.157500	0.129900	0.142400	0.155500	0.174600	0.171900	0.176400	0.153300	0.148800	0.173000	0.160900	0.180200	0.164700	0.160300	0.109400
619724.0	0.145800	0.179800	0.125500	0.170400	0.165300	0.139300	0.157700	0.164400	0.130600	0.147900	0.157600	0.178000	0.191000	0.178900	0.155600	0.152300	0.173100	0.161500	0.182100	0.164000	0.154500	0.108600
624681.7	0.147800	0.181100	0.124500	0.171200	0.164800	0.140200	0.158000	0.166400	0.131200	0.151400	0.156700	0.182300	0.218000	0.185400	0.154400	0.153800	0.174400	0.164000	0.188500	0.163700	0.153800	0.109400
629639.5	0.148800	0.180600	0.122500	0.172900	0.166300	0.142000	0.159500	0.163300	0.131700	0.165900	0.158200	0.180000	0.201300	0.188200	0.155600	0.154000	0.171600	0.164500	0.191400	0.164300	0.148400	0.109200
634597.3	0.147800	0.182400	0.122700	0.174700	0.167000	0.141700	0.160100	0.161400	0.133600	0.190400	0.157000	0.179300	0.186700	0.199300	0.153200	0.154300	0.169600	0.164700	0.193700	0.164300	0.147700	0.109200
639555.1	0.151000	0.180800	0.125700	0.172800	0.165900	0.139800	0.160300	0.161200	0.134500	0.207000	0.158200	0.175000	0.173200	0.204600	0.155700	0.158900	0.168700	0.163000	0.188200	0.164200	0.150300	0.112300
644512.9	0.150600	0.177700	0.128800	0.170800	0.165700	0.140300	0.160100	0.163200	0.133500	0.203100	0.158900	0.171500	0.163500	0.211600	0.155300	0.165200	0.168800	0.161400	0.181000	0.164800	0.157000	0.115100
649470.7	0.149700	0.182000	0.126200	0.173900	0.167500	0.141000	0.161200	0.156300	0.133700	0.188200	0.164100	0.174100	0.166700	0.223800	0.162200	0.165000	0.173200	0.166200	0.190800	0.164900	0.163000	0.113000
654428.5	0.151500	0.180200	0.126200	0.170800	0.166500	0.141400	0.160400	0.155900	0.132700	0.176700	0.164000	0.173000	0.164700	0.218800	0.162900	0.166500	0.178300	0.164800	0.186800	0.163900	0.160100	0.116800
659386.3	0.150400	0.181000	0.127700	0.171600	0.166800	0.141100	0.160800	0.162100	0.132600	0.172100	0.164800	0.175300	0.168700	0.216900	0.180900	0.166700	0.200300	0.168900	0.188100	0.166400	0.160600	0.117000
664344.1	0.153500	0.186000	0.125800	0.176100	0.168700	0.143300	0.162500	0.193700	0.132900	0.167100	0.168500	0.180300	0.176100	0.221900	0.194500	0.166200	0.202400	0.174500	0.196600	0.168600	0.162500	0.114900
669301.9	0.151300	0.183600	0.125700	0.171400	0.165100	0.140700	0.159600	0.215300	0.131500	0.164100	0.165600	0.179200	0.175600	0.213400	0.182000	0.164100	0.192200	0.170000	0.190800	0.169000	0.166600	0.118700
674259.7	0.154100	0.185100	0.126300	0.173400	0.166700	0.142200	0.162300	0.190900	0.132500	0.165200	0.168100	0.181600	0.174500	0.211100	0.171900	0.162700	0.196700	0.171300	0.191800	0.167300	0.164800	0.118500
679217.4	0.156700	0.186100	0.129500	0.170000	0.164700	0.140100	0.160900	0.178600	0.132400	0.166700	0.166700	0.177400	0.168300	0.206200	0.165900	0.164200	0.199100	0.168900	0.183800	0.166200	0.160900	0.122100
684175.2	0.161000	0.186100	0.128200	0.172900	0.167000	0.141900	0.162500	0.168100	0.133600	0.174000	0.170200	0.179700	0.171300	0.206700	0.161200	0.159500	0.197600	0.172900	0.192300	0.166100	0.161900	0.121900
689133.0	0.162600	0.185000	0.128200	0.171600	0.166600	0.140900	0.161000	0.160600	0.134200	0.182900	0.170000	0.177800	0.169400	0.197200	0.156600	0.164400	0.200600	0.171200	0.186700	0.164500	0.162700	0.123900
694090.8	0.164300	0.188400	0.125700	0.171600	0.165700	0.140800	0.160900	0.150400	0.134600	0.181800	0.172100	0.178400	0.169600	0.194500	0.154100	0.161500	0.199400	0.174800	0.192600	0.165500	0.162300	0.124400
699048.6	0.163200	0.191500	0.124100	0.173900	0.167400	0.141700	0.160600	0.148300	0.136000	0.180500	0.172400	0.180200	0.177300	0.192500	0.150600	0.159000	0.191400	0.172600	0.194200	0.164100	0.163400	0.126000
704006.4	0.162300	0.195900	0.126300	0.173500	0.166700	0.141900	0.161500	0.148700	0.139300	0.178700	0.172500	0.179800	0.179100	0.186100	0.147600	0.162000	0.191300	0.171500	0.191700	0.162900	0.161600	0.130000
708964.2	0.165800	0.198900	0.124900	0.173500	0.168800	0.142900	0.163500	0.145400	0.151400	0.182300	0.173700	0.178800	0.177000	0.188200	0.146500	0.164500	0.198400	0.173600	0.193300	0.162400	0.163500	0.129500
713922.0	0.165300	0.198900	0.125700	0.174200	0.168000	0.143200	0.164800	0.147100	0.178200	0.185100	0.173700	0.180700	0.172500	0.182400	0.146700	0.166600	0.197500	0.172000	0.190600	0.164500	0.165400	0.127800
718879.8	0.169600	0.203600	0.126100	0.177400	0.171000	0.145400	0.169600	0.146000	0.159100	0.185200	0.172400	0.185400	0.178900	0.183400	0.150600	0.168600	0.201100	0.173300	0.193500	0.165100	0.166600	0.128200
723837.6	0.173600	0.208400	0.126300	0.175800	0.170700	0.144700	0.173200	0.147000	0.146500	0.185200	0.172300	0.186300	0.183700	0.181000	0.153600	0.169900	0.213800	0.175200	0.192700	0.166100	0.168100	0.128900
728795.3	0.176000	0.216200	0.126100	0.177700	0.171500	0.144200	0.174200	0.146900	0.139100	0.190300	0.171800	0.187900	0.185900	0.180500	0.154600	0.169100	0.204800	0.174100	0.195300	0.168300	0.167900	0.127600
733753.1	0.182100	0.218700	0.128800	0.178600	0.173100	0.145900	0.176300	0.150600	0.136200	0.191000	0.172600	0.186600	0.188900	0.178700	0.154000	0.171700	0.198200	0.172300	0.191500	0.168300	0.165400	0.130200
738710.9	0.179400	0.222400	0.127900	0.177000	0.170700	0.143500	0.172000	0.153700	0.133900	0.189700	0.172300	0.187700	0.187900	0.176600	0.155400	0.171700	0.191700	0.169500	0.189900	0.167800	0.166800	0.133000
743668.7	0.179100	0.223900	0.126700	0.179900	0.171100	0.146200	0.172500	0.152000	0.134500	0.198100	0.176000	0.186700	0.185700	0.183100	0.154000	0.168900	0.196000	0.173200	0.197000	0.166800	0.169700	0.129100
748626.5	0.176600	0.221800	0.127000	0.178300	0.170000	0.143700	0.170100	0.146300	0.134800	0.201900	0.175600	0.184100	0.183200	0.181200	0.156400	0.165600	0.199600	0.173500	0.194900	0.164900	0.166800	0.129600
753584.3	0.175700	0.221600	0.129400	0.177600	0.169600	0.143500	0.167900	0.146700	0.133500	0.199800	0.174700	0.181800	0.181400	0.178800	0.153700	0.162500	0.199500	0.171700	0.192600	0.165500	0.165000	0.128700
758542.1	0.178600	0.227000	0.128700	0.179800	0.170500	0.144000	0.167400	0.145800	0.134900	0.199600	0.176900	0.181400	0.182500	0.179600	0.154400	0.161200	0.196100	0.171600	0.194600	0.165100	0.166100	0.129100
763499.9	0.176200	0.233600	0.129200	0.179700	0.171600	0.144300	0.168800	0.145000	0.135600	0.195200	0.179200	0.183200	0.180500	0.183300	0.155300	0.161100	0.198200	0.173800	0.198600	0.165200	0.167400	0.127200
768457.7	0.177300	0.232400	0.132300	0.178800	0.171500	0.144300	0.168500	0.147400	0.134700	0.189400	0.177400	0.181700	0.179100	0.178600	0.152700	0.160200	0.203100	0.174800	0.196900	0.164500	0.166400	0.126900
773415.5	0.176500	0.235500	0.130500	0.180000	0.171200	0.143800	0.167500	0.146400	0.135800	0.188000	0.179500	0.185100	0.180400	0.180300	0.156200	0.165000	0.205600	0.178000	0.202600	0.164400	0.169200	0.126000
778373.3	0.176900	0.233700	0.128600	0.183200	0.173000	0.146100	0.170800	0.144000	0.135800	0.187700	0.182400	0.189000	0.184800	0.187700	0.159100	0.170100	0.203900	0.179200	0.209200	0.164600	0.170200	0.125600
783331.0	0.175200	0.232800	0.130800	0.181100	0.172700	0.144800	0.169600	0.146000	0.137300	0.189400	0.182800	0.188500	0.182800	0.182200	0.160300	0.176500	0.204900	0.176200	0.202700	0.164700	0.171100	0.129100
788288.8	0.174200	0.234000	0.127700	0.182500	0.173200	0.145600	0.168700	0.141100	0.136400	0.182500	0.183300	0.187800	0.183600	0.189100	0.162200	0.174600	0.205500	0.178300	0.209100	0.163700	0.167100	0.126200
793246.6	0.173100	0.227800	0.131600	0.179800	0.170900	0.143900	0.166900	0.146000	0.136100	0.183400	0.182900	0.182900	0.176100	0.179400	0.163500	0.175200	0.201700	0.173800	0.197200	0.163900	0.167900	0.130700
798204.4	0.172700	0.228800	0.130800	0.179100	0.171100	0.143300	0.168300	0.146000	0.135500	0.188500	0.183800	0.185300	0.176900	0.179900	0.166500	0.174700	0.205900	0.174000	0.196600	0.163400	0.169000	0.129200
803162.2	0.173400	0.228200	0.128800	0.181700	0.174100	0.145700	0.175000	0.146600	0.137800	0.201700	0.183800	0.188300	0.182000	0.181900	0.163400	0.174300	0.225300	0.177500	0.201600	0.163400	0.168900	0.130600
808120.0	0.172400	0.226000	0.126800	0.184000	0.174800	0.145500	0.175300	0.146800	0.137700	0.210400	0.183200	0.192800	0.189000	0.187100	0.161200	0.172200	0.214400	0.179900	0.207100	0.165400	0.169000	0.132100
813077.8	0.171500	0.225000	0.130800	0.182600	0.173600	0.145200	0.175200	0.154200	0.138200	0.201300	0.181300	0.190700	0.192100	0.181100	0.155400	0.173500	0.203900	0.174200	0.198700	0.164200	0.168100	0.132900
818035.6	0.172900	0.224300	0.128600	0.183200	0.174900	0.145100	0.175200	0.166200	0.137400	0.196700	0.180300	0.191500	0.194100	0.183200	0.161000	0.173000	0.200300	0.176100	0.203500	0.164000	0.168100	0.132000
822993.4	0.170700	0.224800	0.130900	0.185900	0.173500	0.144900	0.172800	0.207000	0.136300	0.206100	0.181600	0.190300	0.188100	0.182700	0.162000	0.173000	0.203600	0.175200	0.201800	0.165000	0.172000	0.128500
827951.2	0.171300	0.223200	0.130100	0.182700	0.172700	0.144600	0.170200	0.208000	0.137200	0.203600	0.180400	0.188500	0.186700	0.181800	0.159800	0.171500	0.210900	0.176600	0.202200	0.164900	0.169400	0.128100
832908.9	0.169700	0.222400	0.130800	0.183800	0.172800	0.143500	0.168700	0.193100	0.136100	0.202800	0.177000	0.186300	0.181000	0.176800	0.160100	0.170100	0.213700	0.176400	0.198900	0.164600	0.170500	0.127500
837866.7	0.167000	0.219600	0.130500	0.182500	0.171600	0.141700	0.166100	0.177300	0.137000	0.197100	0.176500	0.186200	0.180600	0.177000	0.160300	0.170100	0.220700	0.177100	0.199900	0.164400	0.173700	0.129700
842824.5	0.168400	0.222200	0.127800	0.185100	0.172600	0.143200	0.166400	0.161000	0.136500	0.202600	0.180000	0.187900	0.192200	0.181000	0.160300	0.165500	0.221800	0.181200	0.208200	0.163500	0.173000	0.124400
847782.3	0.167800	0.221100	0.128500	0.183600	0.172900	0.143600	0.166300	0.154800	0.135900	0.206000	0.180300	0.184100	0.190800	0.178100	0.158800	0.164500	0.217400	0.179100	0.202900	0.163300	0.167400	0.128300
852740.1	0.165600	0.222400	0.129200	0.180700	0.170400	0.142200	0.162500	0.153800	0.134800	0.196000	0.178700	0.182300	0.182500	0.172900	0.158000	0.165500	0.214700	0.175000	0.197000	0.163000	0.164700	0.132900
857697.9	0.165400	0.223700	0.130800	0.179400	0.168900	0.140800	0.159900	0.153900	0.134000	0.189500	0.179100	0.179400	0.175300	0.169200	0.156500	0.168900	0.222000	0.172700	0.193000	0.163200	0.166400	0.136000
862655.7	0.170000	0.226100	0.130600	0.186700	0.171400	0.141800	0.161200	0.152500	0.134900	0.190100	0.181200	0.182000	0.178000	0.170300	0.158100	0.170500	0.221300	0.175900	0.195400	0.164200	0.172200	0.134700
867613.5	0.168100	0.225700	0.129100	0.182600	0.168900	0.142100	0.160100	0.154300	0.134700	0.190500	0.179300	0.182700	0.177900	0.170700	0.157400	0.169900	0.228400	0.175600	0.197000	0.164600	0.171900	0.131100
872571.3	0.167900	0.225400	0.128100	0.186700	0.170900	0.142500	0.160800	0.154900	0.135400	0.188200	0.179800	0.187500	0.185500	0.174700	0.158400	0.167800	0.235600	0.179100	0.200900	0.164200	0.165600	0.129300
877529.1	0.167800	0.219800	0.129500	0.186400	0.169300	0.141500	0.159600	0.154800	0.134800	0.185200	0.177500	0.187000	0.191000	0.168700	0.163200	0.167800	0.223400	0.174300	0.193000	0.164300	0.164600	0.129700
882486.8	0.166200	0.221100	0.128100	0.189700	0.170500	0.142600	0.159800	0.155500	0.135100	0.188400	0.179500	0.189400	0.200200	0.171200	0.167200	0.166400	0.223800	0.176100	0.197500	0.163800	0.168000	0.128600
887444.6	0.168900	0.218700	0.127500	0.190900	0.170500	0.142900	0.160500	0.154300	0.134600	0.187500	0.180400	0.189000	0.205700	0.172600	0.169700	0.164700	0.220300	0.175200	0.198800	0.164400	0.170400	0.128600
892402.4	0.170300	0.216400	0.128600	0.188900	0.168700	0.142400	0.159800	0.154900	0.134800	0.181300	0.179200	0.187000	0.200900	0.169400	0.171900	0.168300	0.216600	0.173100	0.193200	0.164000	0.169500	0.131900
897360.2	0.170800	0.228100	0.126700	0.195000	0.172300	0.144200	0.162400	0.156600	0.135500	0.177900	0.180500	0.195400	0.203300	0.176000	0.171800	0.171600	0.216100	0.177500	0.203200	0.165000	0.174000	0.128700
902318.0	0.170900	0.224700	0.128900	0.193400	0.171200	0.141900	0.160900	0.168800	0.135800	0.177500	0.178900	0.192600	0.189200	0.168800	0.163500	0.172100	0.214900	0.173200	0.192600	0.164700	0.170500	0.131900
907275.8	0.170800	0.225000	0.127400	0.196900	0.170200	0.142200	0.160900	0.179400	0.135700	0.185300	0.179000	0.192200	0.183500	0.169900	0.161300	0.171200	0.217700	0.174600	0.195400	0.165200	0.171000	0.130000
912233.6	0.171800	0.219900	0.128900	0.194800	0.170700	0.141300	0.160300	0.199000	0.137900	0.192300	0.177700	0.187900	0.182200	0.167900	0.167600	0.171100	0.222400	0.173700	0.192500	0.166300	0.168800	0.130300
917191.4	0.171000	0.218300	0.129400	0.194000	0.171600	0.142800	0.161700	0.204900	0.137200	0.184900	0.179300	0.188000	0.187500	0.170600	0.173800	0.168100	0.230900	0.177400	0.196600	0.165200	0.168100	0.129500
922149.2	0.168700	0.216000	0.126100	0.195900	0.173000	0.144100	0.163100	0.184200	0.137900	0.193200	0.179700	0.187200	0.184800	0.176600	0.177400	0.166200	0.236600	0.178200	0.203300	0.165100	0.167700	0.125000
927107.0	0.166800	0.210800	0.130200	0.191800	0.171600	0.141500	0.162000	0.175300	0.137100	0.189900	0.178300	0.184800	0.176200	0.169600	0.185600	0.166900	0.230800	0.176000	0.192300	0.163900	0.167300	0.131400
932064.8	0.165200	0.210100	0.130000	0.190400	0.171100	0.142300	0.160100	0.165200	0.138800	0.186100	0.181500	0.183600	0.177000	0.174100	0.182300	0.169800	0.223700	0.176000	0.196500	0.163800	0.171600	0.134200
937022.5	0.163700	0.207300	0.130200	0.185200	0.170400	0.140800	0.158900	0.161600	0.139800	0.184100	0.180200	0.180500	0.174300	0.175100	0.177500	0.170900	0.214500	0.171500	0.190700	0.162900	0.170100	0.137800
941980.3	0.163200	0.204100	0.127200	0.186500	0.170800	0.141500	0.160000	0.156600	0.142400	0.189800	0.180200	0.183900	0.181000	0.192300	0.166900	0.171600	0.225800	0.175600	0.197400	0.163000	0.172500	0.134900
946938.1	0.162600	0.202400	0.125200	0.185600	0.171500	0.144900	0.160300	0.154800	0.147800	0.195400	0.180900	0.183800	0.188400	0.222000	0.169100	0.170600	0.223900	0.177900	0.200800	0.164300	0.170800	0.132300
951895.9	0.163000	0.197600	0.129400	0.182500	0.169700	0.143300	0.159200	0.154700	0.163300	0.193600	0.179000	0.185300	0.202800	0.232300	0.171500	0.172300	0.231700	0.175300	0.188800	0.165200	0.171700	0.133300
956853.7	0.162200	0.200100	0.126600	0.185500	0.169900	0.144100	0.159800	0.152400	0.162600	0.194300	0.179900	0.186500	0.198900	0.239700	0.178200	0.172100	0.231600	0.179400	0.198100	0.164400	0.174100	0.128300
961811.5	0.161400	0.193400	0.129900	0.181700	0.170500	0.141600	0.160400	0.154700	0.151100	0.196000	0.175000	0.182400	0.184500	0.226500	0.177300	0.170700	0.221000	0.173100	0.189300	0.164200	0.169000	0.136700
