VERSION	1200
Time[MSec.]	Ratio	Ratio	Ratio	Ratio	Ratio	Ratio	Ratio	Ratio	Ratio	Ratio	Ratio	Ratio	Ratio	Ratio	Ratio	Ratio	Ratio	Ratio	Ratio
%.1f	%.4f	%.4f	%.4f	%.4f	%.4f	%.4f	%.4f	%.4f	%.4f	%.4f	%.4f	%.4f	%.4f	%.4f	%.4f	%.4f	%.4f	%.4f	%.4f
Time	ROI(1-1)	ROI(1-2)	ROI(1-3)	ROI(1-4)	ROI(1-5)	ROI(1-6)	ROI(1-7)	ROI(1-8)	ROI(1-9)	ROI(1-10)	ROI(1-11)	ROI(1-12)	ROI(1-13)	ROI(1-14)	ROI(1-15)	ROI(1-16)	ROI(1-17)	ROI(1-18)	ROI(1-19)
GraphNo	1	2	3	4	5	6	7	8	9	10	11	12	13	14	15	16	17	18	19
0.0	0.170700	0.172100	0.166700	0.188100	0.178200	0.168000	0.155700	0.173300	0.132500	0.153400	0.164100	0.160100	0.156300	0.070700	0.164400	0.175500	0.146000	0.143900	0.109700
5164.4	0.173800	0.175000	0.168200	0.190800	0.180100	0.170300	0.155600	0.172700	0.131800	0.153100	0.164200	0.160700	0.157000	0.069900	0.167300	0.178300	0.145800	0.144700	0.109100
10328.7	0.171000	0.175400	0.167300	0.191200	0.180200	0.170900	0.156500	0.173700	0.132900	0.155300	0.165200	0.161800	0.158500	0.070900	0.166100	0.176300	0.147000	0.144300	0.109300
15493.1	0.170100	0.175300	0.167900	0.191400	0.180800	0.171500	0.156400	0.174200	0.134300	0.155800	0.166000	0.161700	0.157600	0.072800	0.167000	0.176700	0.147300	0.144600	0.110700
20657.5	0.175300	0.179100	0.172000	0.201100	0.190000	0.175600	0.157600	0.174900	0.132800	0.158800	0.168400	0.161900	0.158100	0.067300	0.169700	0.178600	0.144600	0.145100	0.109000
25821.8	0.173400	0.176800	0.169700	0.200100	0.186500	0.175400	0.157700	0.174600	0.133600	0.159000	0.168600	0.162200	0.158500	0.071600	0.167500	0.177200	0.146300	0.145100	0.108900
30986.2	0.174900	0.180000	0.171700	0.201600	0.188700	0.177900	0.158700	0.175600	0.133800	0.159500	0.169500	0.162700	0.158900	0.069700	0.167900	0.176100	0.145900	0.144800	0.109600
36150.6	0.173600	0.180200	0.171600	0.201000	0.187400	0.177100	0.158400	0.174900	0.135400	0.159400	0.168600	0.162200	0.158400	0.069600	0.167500	0.176300	0.147000	0.144800	0.108200
41314.9	0.177000	0.184200	0.172400	0.201900	0.188900	0.179100	0.158000	0.173900	0.134000	0.157000	0.167200	0.161700	0.158200	0.067000	0.171000	0.178100	0.144900	0.144900	0.107300
46479.3	0.172800	0.181300	0.170400	0.199300	0.186700	0.176500	0.158500	0.175500	0.137900	0.158900	0.167700	0.161900	0.158300	0.071700	0.169700	0.176500	0.148100	0.146200	0.110000
51643.7	0.172800	0.180700	0.169900	0.200700	0.185900	0.176400	0.158700	0.174300	0.135900	0.157700	0.166600	0.161300	0.158700	0.071100	0.170200	0.176900	0.148500	0.147500	0.109100
56808.0	0.174800	0.182700	0.171500	0.201400	0.187800	0.178100	0.158700	0.174500	0.135200	0.155900	0.165400	0.161000	0.158500	0.072600	0.168700	0.178400	0.147400	0.147000	0.109000
61972.4	0.175900	0.185100	0.174000	0.203000	0.190600	0.179900	0.160400	0.177200	0.136500	0.159600	0.168700	0.163800	0.159600	0.068700	0.170000	0.179300	0.146800	0.147200	0.108600
67136.8	0.172400	0.182000	0.170600	0.199600	0.184500	0.177300	0.158300	0.176000	0.137000	0.162000	0.169900	0.161800	0.158400	0.072200	0.166600	0.176700	0.147700	0.145100	0.109900
72301.1	0.174100	0.184400	0.171800	0.200500	0.186500	0.178800	0.159700	0.177400	0.137100	0.167300	0.175100	0.164200	0.159700	0.069700	0.167900	0.177000	0.148700	0.146500	0.108600
77465.5	0.176200	0.187000	0.172600	0.203100	0.188400	0.180200	0.160800	0.177500	0.136400	0.166000	0.175100	0.164200	0.159600	0.069500	0.169600	0.178200	0.147000	0.146200	0.109600
82629.9	0.173300	0.182600	0.170800	0.199400	0.186000	0.178100	0.160400	0.177700	0.137600	0.167000	0.175700	0.165100	0.160600	0.070600	0.167700	0.177200	0.149300	0.146400	0.109700
87794.2	0.172700	0.182900	0.170300	0.199300	0.186000	0.177000	0.161100	0.178600	0.138600	0.166900	0.175100	0.164800	0.160500	0.073600	0.167600	0.176500	0.150600	0.147200	0.111200
92958.6	0.174500	0.186000	0.172800	0.201600	0.188600	0.178600	0.160800	0.177800	0.137000	0.167000	0.174600	0.164700	0.160800	0.070300	0.168600	0.178700	0.148900	0.146000	0.109100
98123.0	0.173600	0.183100	0.171000	0.199800	0.187300	0.177400	0.161200	0.179000	0.137700	0.167100	0.174900	0.164600	0.159900	0.070300	0.167000	0.176200	0.148700	0.146300	0.109800
103287.3	0.175300	0.185000	0.172400	0.201200	0.188000	0.179100	0.160400	0.177800	0.137100	0.166200	0.174900	0.163800	0.160200	0.069500	0.168500	0.178400	0.147700	0.146200	0.109000
108451.7	0.171200	0.181800	0.169400	0.200200	0.186700	0.177200	0.159400	0.178000	0.138600	0.167300	0.174800	0.163800	0.158400	0.075000	0.166000	0.175000	0.147900	0.144800	0.110100
113616.0	0.175200	0.186700	0.172700	0.203700	0.189500	0.178800	0.161500	0.179300	0.138000	0.168800	0.176700	0.165400	0.160500	0.068100	0.168800	0.177100	0.147000	0.146200	0.108300
118780.4	0.174600	0.185600	0.170700	0.202300	0.187600	0.178100	0.161200	0.178900	0.138100	0.168700	0.176500	0.164800	0.160500	0.069800	0.168500	0.178000	0.148400	0.146200	0.108500
123944.8	0.174300	0.187500	0.172200	0.203100	0.189100	0.178400	0.160000	0.177900	0.136800	0.167500	0.175300	0.164200	0.160600	0.069500	0.169700	0.178900	0.147400	0.145200	0.107400
129109.1	0.173000	0.188100	0.172100	0.200900	0.188700	0.176700	0.159300	0.177200	0.136900	0.167200	0.175400	0.163300	0.158600	0.069600	0.167600	0.176800	0.145200	0.143200	0.106400
134273.5	0.171200	0.188700	0.170300	0.200500	0.188200	0.176200	0.159400	0.178200	0.139700	0.170000	0.177400	0.164500	0.160400	0.072900	0.167300	0.174200	0.147700	0.145000	0.109100
139437.9	0.172600	0.190700	0.172600	0.202600	0.188400	0.176900	0.160300	0.178800	0.139300	0.171900	0.178900	0.165900	0.160100	0.068800	0.167600	0.176000	0.147000	0.144200	0.107400
144602.2	0.172200	0.190400	0.171200	0.200100	0.186900	0.177200	0.159700	0.179800	0.139400	0.169600	0.177800	0.164700	0.159400	0.071100	0.167900	0.176900	0.147000	0.144800	0.109100
149766.6	0.174600	0.194300	0.173800	0.202600	0.188700	0.178400	0.160800	0.179600	0.137800	0.169200	0.177200	0.164500	0.161000	0.067600	0.168300	0.178900	0.146200	0.145300	0.107100
154931.0	0.176200	0.197900	0.176000	0.202600	0.190500	0.181200	0.168100	0.182500	0.146300	0.175500	0.182900	0.171200	0.162700	0.069100	0.168800	0.178400	0.146800	0.145500	0.106800
160095.3	0.182500	0.249600	0.241000	0.223600	0.206400	0.214300	0.389700	0.212700	0.379700	0.371700	0.333000	0.216800	0.182500	0.186600	0.174800	0.188000	0.215000	0.166000	0.126000
165259.7	0.192200	0.424400	0.266900	0.238400	0.223500	0.407500	0.369400	0.431400	0.355200	0.392800	0.345900	0.216100	0.190100	0.202000	0.180800	0.197600	0.401500	0.218100	0.138600
170424.1	0.195900	0.398900	0.289800	0.304700	0.284800	0.390000	0.354100	0.314100	0.343600	0.356400	0.321700	0.211500	0.188000	0.190900	0.183700	0.214000	0.387400	0.218000	0.146600
175588.4	0.252600	0.396700	0.326600	0.487300	0.383500	0.375100	0.366300	0.275200	0.332100	0.343600	0.312600	0.210600	0.187900	0.171300	0.189600	0.249800	0.391200	0.222000	0.198000
180752.8	0.431000	0.391000	0.309100	0.434800	0.348200	0.364900	0.364600	0.265500	0.317100	0.328900	0.302300	0.207900	0.185900	0.153700	0.191300	0.269200	0.390500	0.248800	0.185100
185917.2	0.422000	0.397300	0.305000	0.402100	0.333900	0.359700	0.355100	0.283500	0.301500	0.314900	0.292500	0.206900	0.186800	0.125900	0.190200	0.258100	0.387700	0.237000	0.180000
191081.5	0.393400	0.386700	0.295700	0.378600	0.314300	0.340700	0.343600	0.331100	0.295100	0.296800	0.276900	0.204200	0.184700	0.127400	0.187800	0.250400	0.387700	0.238800	0.175100
196245.9	0.385500	0.377100	0.290500	0.366300	0.313200	0.331100	0.340000	0.330500	0.286600	0.283500	0.264600	0.199800	0.184100	0.129800	0.186400	0.256100	0.378300	0.235700	0.171700
201410.3	0.382100	0.376300	0.287200	0.358400	0.304200	0.305300	0.334400	0.300800	0.279700	0.261400	0.248100	0.197100	0.182800	0.146600	0.185000	0.250300	0.374400	0.233600	0.168500
206574.6	0.368300	0.372400	0.283100	0.347300	0.298400	0.301700	0.323200	0.259500	0.265600	0.233700	0.224400	0.189300	0.178600	0.147600	0.186300	0.258300	0.364800	0.228200	0.161300
211739.0	0.345800	0.375100	0.288400	0.339300	0.294500	0.285900	0.311500	0.233800	0.251800	0.217400	0.211600	0.184900	0.177300	0.132300	0.185700	0.252700	0.363200	0.228500	0.155000
216903.4	0.337200	0.368000	0.282400	0.325500	0.283500	0.274200	0.306600	0.217500	0.246200	0.206900	0.202800	0.182100	0.175900	0.131500	0.184400	0.231500	0.363700	0.223500	0.152200
222067.7	0.340000	0.359900	0.271300	0.305400	0.270000	0.262600	0.304000	0.203500	0.236800	0.196000	0.193300	0.178700	0.172700	0.123500	0.181100	0.222400	0.349200	0.218800	0.148600
227232.1	0.325600	0.342300	0.260200	0.289200	0.256800	0.247700	0.296200	0.198600	0.236900	0.194200	0.191200	0.176900	0.172500	0.125600	0.178800	0.230000	0.350500	0.218700	0.150400
232396.4	0.305400	0.341500	0.259400	0.279800	0.249700	0.240300	0.282400	0.192200	0.228700	0.188600	0.187400	0.176900	0.172400	0.103800	0.179900	0.237500	0.341400	0.218900	0.141600
237560.8	0.296000	0.337000	0.254700	0.268900	0.243700	0.232500	0.269900	0.186700	0.223000	0.184600	0.183400	0.173400	0.171100	0.097300	0.178400	0.234400	0.339300	0.212000	0.136800
242725.2	0.282500	0.329600	0.250800	0.257100	0.236200	0.225400	0.262900	0.183900	0.212900	0.179700	0.180800	0.173200	0.171500	0.089300	0.178200	0.229100	0.321800	0.205600	0.135100
247889.5	0.278700	0.330200	0.250100	0.251500	0.231100	0.220600	0.263900	0.180700	0.203200	0.178000	0.180600	0.173000	0.170100	0.085600	0.177500	0.235600	0.316000	0.201300	0.132600
253053.9	0.280000	0.327600	0.241500	0.241600	0.224300	0.216100	0.267300	0.178900	0.195700	0.176100	0.179100	0.172400	0.169100	0.080800	0.177600	0.229600	0.312600	0.199300	0.129700
258218.3	0.281900	0.313500	0.233900	0.234200	0.220000	0.210900	0.263100	0.178100	0.187600	0.173000	0.178200	0.172200	0.168100	0.080100	0.177400	0.222800	0.297600	0.193800	0.128900
263382.6	0.285200	0.299100	0.224800	0.227000	0.214000	0.206500	0.263800	0.176200	0.179600	0.169100	0.175300	0.169600	0.166600	0.078600	0.176100	0.215700	0.285000	0.190800	0.127800
268547.0	0.286600	0.292100	0.216000	0.221800	0.209000	0.202400	0.261800	0.175500	0.171500	0.168900	0.175500	0.170500	0.166700	0.073200	0.174700	0.201600	0.281000	0.188400	0.124000
273711.4	0.290400	0.271000	0.202900	0.212300	0.201700	0.195500	0.258600	0.174300	0.168000	0.167200	0.174800	0.169200	0.165700	0.081800	0.171200	0.187600	0.271300	0.186600	0.124800
278875.7	0.282900	0.260600	0.199700	0.209800	0.200700	0.194200	0.250100	0.174400	0.158000	0.166400	0.174400	0.169600	0.165700	0.073600	0.171700	0.185800	0.258800	0.182900	0.120000
284040.1	0.287400	0.258800	0.198800	0.207800	0.198000	0.191100	0.240700	0.173800	0.153400	0.165400	0.174600	0.169400	0.165700	0.076100	0.170400	0.181900	0.243400	0.178600	0.119600
289204.5	0.293300	0.256600	0.198200	0.206100	0.196400	0.190000	0.226600	0.172900	0.145800	0.164000	0.173700	0.167500	0.165600	0.068400	0.171700	0.182700	0.225200	0.176100	0.113100
294368.8	0.295600	0.250600	0.195700	0.204300	0.195600	0.186900	0.211300	0.172300	0.142000	0.161000	0.171900	0.166800	0.164400	0.068500	0.170100	0.182100	0.211900	0.171100	0.112800
299533.2	0.280800	0.236600	0.189200	0.199800	0.190400	0.181800	0.198500	0.173300	0.143900	0.162200	0.172200	0.166000	0.164800	0.076600	0.168200	0.177000	0.208800	0.170700	0.115900
304697.5	0.272900	0.235000	0.189200	0.199000	0.190500	0.182700	0.189600	0.170800	0.139200	0.159200	0.168900	0.163600	0.162700	0.072200	0.170500	0.179400	0.196700	0.166000	0.112100
309861.9	0.265000	0.228500	0.186400	0.197400	0.188600	0.181100	0.182800	0.171700	0.138700	0.158200	0.169400	0.164300	0.163400	0.069200	0.169500	0.177900	0.185900	0.162700	0.109200
315026.3	0.264200	0.229100	0.188600	0.196300	0.188800	0.180700	0.178400	0.172000	0.136300	0.157900	0.169000	0.164100	0.163400	0.067600	0.170900	0.179900	0.179100	0.161500	0.107900
320190.6	0.245100	0.222600	0.184800	0.195100	0.187600	0.179300	0.174200	0.171400	0.136500	0.157200	0.168400	0.163700	0.162400	0.070400	0.171100	0.179300	0.174200	0.157200	0.109300
325355.0	0.227200	0.220800	0.184600	0.194500	0.186900	0.178300	0.172400	0.172500	0.135500	0.157600	0.169300	0.165400	0.162700	0.068300	0.169300	0.177000	0.168700	0.154300	0.107000
330519.4	0.202900	0.208200	0.177000	0.187800	0.180800	0.174300	0.171000	0.170900	0.136000	0.156600	0.168300	0.161600	0.159900	0.073700	0.166700	0.171400	0.164400	0.151600	0.108300
335683.7	0.192000	0.206000	0.178300	0.189100	0.182300	0.175300	0.170800	0.171400	0.135600	0.158400	0.169600	0.163900	0.160000	0.070300	0.167600	0.173800	0.161400	0.150900	0.107700
340848.1	0.181800	0.198200	0.173900	0.186600	0.180000	0.172100	0.171200	0.172300	0.137600	0.158400	0.170000	0.164600	0.160000	0.073700	0.165900	0.171300	0.161000	0.149100	0.108500
346012.5	0.177500	0.196600	0.174800	0.186300	0.180700	0.172600	0.171100	0.172400	0.137300	0.158000	0.168500	0.163900	0.159900	0.071900	0.166200	0.172200	0.157000	0.146300	0.107100
351176.8	0.174300	0.193400	0.172900	0.184400	0.178300	0.171200	0.170900	0.172700	0.139900	0.158600	0.169100	0.163500	0.159400	0.076000	0.166100	0.171600	0.156100	0.145800	0.108400
356341.2	0.173500	0.192900	0.174300	0.186500	0.180600	0.172900	0.170800	0.172500	0.138800	0.157900	0.168900	0.164100	0.160000	0.073000	0.167400	0.172400	0.153300	0.145600	0.106300
361505.6	0.174200	0.193200	0.174700	0.186900	0.180700	0.173000	0.170900	0.172800	0.138000	0.157400	0.168400	0.163700	0.160600	0.071800	0.168800	0.174700	0.152300	0.146100	0.106100
366669.9	0.173000	0.192300	0.173500	0.185700	0.179200	0.171900	0.170100	0.173100	0.138700	0.158600	0.169200	0.164100	0.161300	0.073800	0.168100	0.173700	0.152600	0.146000	0.106800
371834.3	0.171700	0.190300	0.173200	0.184700	0.178000	0.172600	0.168700	0.172300	0.136800	0.158300	0.169700	0.163900	0.162100	0.072400	0.168500	0.174600	0.150200	0.144700	0.105200
376998.6	0.169200	0.186800	0.170800	0.183700	0.176800	0.171100	0.168400	0.174000	0.141200	0.160200	0.170900	0.164700	0.161400	0.078200	0.167900	0.171700	0.152000	0.145500	0.107700
382163.0	0.168700	0.185500	0.169400	0.181300	0.175900	0.170100	0.167900	0.173400	0.142100	0.160400	0.171000	0.164500	0.161000	0.081400	0.167200	0.171500	0.151600	0.144900	0.108100
387327.4	0.168900	0.183800	0.169000	0.181600	0.175600	0.170200	0.168200	0.173900	0.141300	0.158800	0.169800	0.164100	0.161100	0.087200	0.167600	0.172100	0.151300	0.144300	0.107300
392491.7	0.169800	0.183000	0.169100	0.181500	0.175300	0.171000	0.166700	0.173800	0.140600	0.158000	0.168600	0.163000	0.161300	0.098500	0.168000	0.172600	0.150900	0.145100	0.108500
397656.1	0.168400	0.181400	0.169400	0.180900	0.177000	0.171400	0.168900	0.173400	0.139200	0.157700	0.168800	0.163900	0.161700	0.108200	0.167400	0.171300	0.151400	0.144900	0.108000
402820.5	0.169000	0.181800	0.169700	0.182600	0.176500	0.171600	0.169900	0.174600	0.137800	0.156400	0.168100	0.164900	0.161900	0.115000	0.167800	0.171000	0.149700	0.144100	0.109300
407984.8	0.170000	0.183500	0.171600	0.184000	0.177900	0.172400	0.171100	0.174600	0.137800	0.156400	0.168400	0.164600	0.162200	0.108300	0.169100	0.173700	0.150000	0.145400	0.108900
413149.2	0.170700	0.182100	0.171800	0.183300	0.179000	0.173400	0.171400	0.174700	0.139000	0.156700	0.168600	0.165000	0.162800	0.102100	0.168200	0.172900	0.150000	0.145300	0.107500
418313.6	0.170300	0.178300	0.169100	0.181700	0.177900	0.171700	0.171200	0.175700	0.138900	0.157400	0.168800	0.164600	0.163500	0.091700	0.168300	0.173000	0.150800	0.145300	0.106400
423477.9	0.173000	0.180700	0.171200	0.183000	0.178300	0.174800	0.170900	0.175000	0.137300	0.156400	0.168100	0.165000	0.162000	0.077800	0.169300	0.175300	0.149500	0.144800	0.105900
428642.3	0.166600	0.172900	0.164900	0.177700	0.173200	0.169900	0.168200	0.175200	0.141300	0.157100	0.167600	0.163900	0.160900	0.080700	0.165600	0.171500	0.151500	0.144100	0.109100
433806.6	0.168300	0.174700	0.167100	0.179600	0.174400	0.170600	0.166100	0.174100	0.139500	0.155900	0.166800	0.163200	0.161600	0.073400	0.166100	0.172400	0.149600	0.143800	0.106600
438971.0	0.169200	0.174700	0.168000	0.180200	0.175900	0.170600	0.164300	0.175800	0.141900	0.156600	0.167300	0.163900	0.162400	0.071900	0.167400	0.173200	0.150300	0.146200	0.108000
444135.4	0.169200	0.176200	0.169100	0.181700	0.176300	0.171500	0.163500	0.176000	0.140800	0.155800	0.167000	0.164000	0.162900	0.067900	0.167800	0.173200	0.148900	0.145200	0.107300
449299.7	0.168800	0.175700	0.167900	0.179700	0.174100	0.170900	0.161300	0.176600	0.140000	0.156000	0.167200	0.164000	0.162800	0.064600	0.165900	0.173300	0.150800	0.145500	0.108300
454464.1	0.167400	0.174400	0.166800	0.178200	0.174500	0.170800	0.160300	0.177200	0.141100	0.156500	0.167200	0.163400	0.162400	0.067600	0.166500	0.172700	0.149900	0.144900	0.108900
459628.5	0.168900	0.175700	0.168300	0.179600	0.174100	0.172000	0.160100	0.175800	0.137900	0.157500	0.169000	0.163700	0.163400	0.065000	0.167100	0.172500	0.149700	0.145000	0.106700
464792.8	0.167200	0.174200	0.166600	0.178600	0.174600	0.170900	0.158300	0.176700	0.138500	0.157800	0.169000	0.163800	0.163700	0.065300	0.168400	0.174300	0.149500	0.145200	0.110400
469957.2	0.167600	0.174600	0.167800	0.179400	0.173700	0.170900	0.158500	0.177100	0.139400	0.158700	0.170200	0.164800	0.164200	0.068200	0.168100	0.174400	0.151800	0.145200	0.109400
475121.6	0.168200	0.175000	0.167600	0.178600	0.173900	0.170900	0.157500	0.176300	0.137100	0.157500	0.168500	0.164000	0.163700	0.065200	0.167600	0.174300	0.149900	0.145600	0.108900
480285.9	0.167400	0.175200	0.166400	0.178400	0.172400	0.171600	0.157100	0.176600	0.136700	0.157900	0.169200	0.164100	0.164100	0.066500	0.166400	0.173600	0.149700	0.144400	0.110100
485450.3	0.169000	0.177500	0.170200	0.181000	0.175800	0.173100	0.158000	0.176600	0.136100	0.157900	0.169300	0.166200	0.165200	0.064600	0.168500	0.175000	0.148600	0.144800	0.110700
490614.6	0.169600	0.177100	0.168900	0.181100	0.175500	0.172300	0.156500	0.176400	0.135600	0.156400	0.168300	0.164700	0.165100	0.064300	0.169000	0.176200	0.148600	0.144800	0.109600
495779.0	0.167400	0.174400	0.169400	0.180500	0.176900	0.171600	0.155500	0.175000	0.135800	0.157400	0.168800	0.164700	0.163200	0.066500	0.167300	0.174100	0.148800	0.144500	0.109200
500943.4	0.171700	0.179500	0.171800	0.182700	0.177500	0.175700	0.156800	0.175700	0.134500	0.157200	0.169800	0.165500	0.165100	0.065300	0.170300	0.178600	0.147800	0.145100	0.107200
506107.7	0.167800	0.175200	0.167100	0.178800	0.173500	0.171600	0.155100	0.175200	0.135300	0.157000	0.168400	0.164400	0.163700	0.067600	0.167500	0.174300	0.148400	0.145500	0.107600
511272.1	0.169500	0.176000	0.168000	0.179500	0.174400	0.172400	0.154900	0.174600	0.134000	0.156400	0.168500	0.165100	0.164500	0.065500	0.166900	0.175000	0.148500	0.144800	0.107300
516436.5	0.166300	0.175700	0.169200	0.180100	0.176100	0.171100	0.155800	0.176100	0.136500	0.157800	0.169400	0.166100	0.165400	0.066900	0.166400	0.174200	0.151900	0.145700	0.110600
521600.8	0.169300	0.175800	0.169100	0.180000	0.176100	0.173300	0.155600	0.175200	0.134900	0.155600	0.168100	0.164500	0.164400	0.064200	0.167600	0.175900	0.151800	0.145300	0.109100
526765.2	0.166800	0.175200	0.168700	0.180400	0.174900	0.172100	0.154600	0.175300	0.134400	0.156100	0.168800	0.164600	0.163700	0.068900	0.165800	0.173400	0.152600	0.144700	0.108700
531929.5	0.168000	0.175500	0.168700	0.179200	0.174700	0.171800	0.154200	0.175400	0.133400	0.155400	0.167600	0.164200	0.163900	0.066400	0.165400	0.174500	0.153500	0.144800	0.106500
537093.9	0.167000	0.173800	0.167700	0.178900	0.173900	0.171800	0.154300	0.174900	0.134200	0.155800	0.167200	0.163200	0.162600	0.068100	0.164900	0.173500	0.153800	0.144900	0.108600
542258.3	0.166700	0.175300	0.167700	0.179100	0.173400	0.171500	0.155100	0.175700	0.133700	0.156100	0.168500	0.166300	0.164700	0.067000	0.165900	0.173500	0.154500	0.145000	0.108500
547422.6	0.164200	0.172100	0.166500	0.178400	0.173700	0.170100	0.154600	0.176500	0.135200	0.155500	0.167500	0.164700	0.164300	0.068300	0.163800	0.170800	0.154200	0.143700	0.112000
552587.0	0.167200	0.173700	0.167000	0.180400	0.175200	0.170900	0.155300	0.176400	0.135500	0.154800	0.166600	0.165000	0.165200	0.066000	0.166100	0.173700	0.154900	0.145400	0.109800
557751.4	0.166300	0.173000	0.165600	0.178700	0.174400	0.169800	0.155000	0.176500	0.133700	0.153000	0.166100	0.165200	0.165600	0.069200	0.166100	0.171800	0.153300	0.145000	0.108300
562915.7	0.165700	0.169900	0.164300	0.177400	0.173500	0.167900	0.154400	0.175900	0.133800	0.151200	0.163200	0.162900	0.164000	0.068000	0.166500	0.172300	0.153800	0.145300	0.109900
568080.1	0.165500	0.171400	0.164900	0.178100	0.173800	0.168400	0.154500	0.177100	0.134600	0.152200	0.164500	0.165400	0.165600	0.068300	0.165700	0.172100	0.154000	0.144500	0.108800
573244.5	0.165500	0.171000	0.165200	0.177000	0.172300	0.168500	0.155500	0.175400	0.133200	0.151400	0.163800	0.164500	0.164400	0.068500	0.165500	0.172500	0.152800	0.144400	0.107700
578408.8	0.166700	0.172200	0.165100	0.176800	0.172700	0.168700	0.154800	0.176000	0.134200	0.151700	0.163600	0.164000	0.164000	0.070000	0.166400	0.173400	0.152400	0.144700	0.108400
583573.2	0.167600	0.175000	0.165800	0.178400	0.173300	0.168100	0.155000	0.176600	0.133000	0.152100	0.164200	0.163800	0.164500	0.064600	0.166700	0.173400	0.152300	0.145100	0.107700
588737.5	0.166800	0.177600	0.167300	0.177900	0.174600	0.168000	0.155000	0.177800	0.133600	0.152400	0.164400	0.164700	0.163800	0.067400	0.165700	0.172300	0.150400	0.143900	0.106900
593901.9	0.168200	0.175900	0.166800	0.177300	0.174400	0.167400	0.154400	0.177700	0.133100	0.152900	0.164400	0.164500	0.164100	0.067200	0.166500	0.174100	0.152500	0.144500	0.106900
599066.3	0.168000	0.176800	0.166900	0.178100	0.172500	0.167900	0.154600	0.178000	0.131300	0.152900	0.164600	0.165200	0.163800	0.067000	0.166800	0.174500	0.152100	0.144700	0.106500
604230.6	0.166800	0.173700	0.164700	0.176300	0.172200	0.167300	0.155700	0.179800	0.133300	0.154300	0.165800	0.165500	0.165200	0.069300	0.167500	0.173900	0.153900	0.145300	0.107900
609395.0	0.169200	0.174200	0.166000	0.176400	0.172600	0.168600	0.154200	0.177400	0.130000	0.151000	0.163900	0.164300	0.163500	0.065200	0.166800	0.174500	0.149200	0.143900	0.106100
614559.4	0.167200	0.173100	0.164000	0.173700	0.170100	0.166600	0.153900	0.178700	0.131700	0.152100	0.163800	0.163700	0.162400	0.068800	0.166400	0.173600	0.149500	0.143900	0.106900
619723.7	0.164300	0.169900	0.161200	0.172700	0.169200	0.164300	0.154000	0.181100	0.133900	0.153800	0.165700	0.164400	0.164200	0.066800	0.165100	0.170300	0.152100	0.144000	0.108300
624888.1	0.166700	0.170900	0.163000	0.172600	0.169100	0.165000	0.154300	0.179700	0.131500	0.152500	0.165200	0.164100	0.163700	0.071600	0.166600	0.173500	0.149600	0.144200	0.107100
630052.4	0.165700	0.171800	0.162900	0.172500	0.169100	0.165900	0.154800	0.179300	0.132100	0.153400	0.165500	0.164800	0.163900	0.067300	0.165000	0.173000	0.149500	0.144600	0.106100
635216.8	0.165500	0.172400	0.162400	0.172500	0.169000	0.165800	0.155200	0.179800	0.132900	0.154300	0.165700	0.164800	0.164500	0.068600	0.165600	0.172700	0.150300	0.143600	0.107500
640381.2	0.165400	0.173900	0.162300	0.171100	0.168900	0.165700	0.154600	0.179600	0.132300	0.152800	0.164500	0.163400	0.162900	0.070600	0.165500	0.172100	0.150400	0.143600	0.107500
645545.5	0.163600	0.172900	0.162300	0.170800	0.167900	0.164800	0.154100	0.179000	0.133800	0.152500	0.164200	0.164200	0.163300	0.072200	0.163900	0.172200	0.150700	0.143300	0.108300
650709.9	0.166700	0.174300	0.162700	0.172300	0.168500	0.165500	0.153500	0.177400	0.131100	0.151200	0.163400	0.162800	0.162300	0.068300	0.166100	0.173900	0.149600	0.143500	0.105500
655874.3	0.166700	0.173400	0.162300	0.172700	0.169000	0.165400	0.153000	0.178400	0.131300	0.151100	0.163000	0.163900	0.162900	0.068900	0.166100	0.174200	0.150400	0.143700	0.106900
661038.6	0.166000	0.174800	0.163000	0.173100	0.170500	0.166500	0.153200	0.179000	0.132000	0.150300	0.162700	0.163800	0.163100	0.066800	0.165700	0.173900	0.150200	0.143400	0.107500
666203.0	0.165000	0.174200	0.161800	0.171500	0.168600	0.166300	0.153200	0.178400	0.131400	0.150600	0.162900	0.163500	0.163300	0.067500	0.165500	0.174300	0.150100	0.143000	0.106500
671367.4	0.169100	0.179100	0.166000	0.174400	0.171900	0.168100	0.153200	0.177600	0.129500	0.148500	0.161600	0.164300	0.163500	0.067400	0.168000	0.174500	0.148500	0.143300	0.107200
676531.7	0.164600	0.176500	0.162200	0.172600	0.169600	0.165900	0.153300	0.178200	0.133000	0.151200	0.162700	0.164200	0.164100	0.071100	0.166200	0.172900	0.152600	0.144000	0.109500
681696.1	0.168000	0.180200	0.164500	0.172800	0.169500	0.166900	0.152700	0.177200	0.129900	0.149300	0.162300	0.164300	0.164600	0.064700	0.167600	0.175300	0.150500	0.144900	0.107900
686860.4	0.169600	0.183100	0.166100	0.176200	0.172200	0.168700	0.152800	0.177400	0.130500	0.149700	0.162000	0.164500	0.164400	0.069100	0.169000	0.176200	0.149500	0.143700	0.107700
692024.8	0.168600	0.180900	0.164300	0.174200	0.170100	0.167200	0.152000	0.176700	0.131000	0.149300	0.160800	0.164000	0.164500	0.066300	0.168000	0.175100	0.149500	0.143900	0.107500
697189.2	0.168000	0.180500	0.164100	0.173300	0.170000	0.166500	0.152400	0.177600	0.131200	0.149100	0.161600	0.164100	0.164600	0.068800	0.167300	0.175400	0.151400	0.144400	0.109200
702353.5	0.164800	0.178500	0.161700	0.172200	0.167400	0.164700	0.152200	0.177900	0.133000	0.151200	0.162200	0.163400	0.164500	0.068400	0.166200	0.172900	0.152600	0.144500	0.109200
707517.9	0.168800	0.182900	0.165100	0.175900	0.171200	0.168100	0.152700	0.178100	0.130600	0.148800	0.160900	0.163700	0.165700	0.066600	0.169000	0.177500	0.150900	0.143700	0.108200
712682.3	0.168800	0.181200	0.164100	0.175500	0.171100	0.167700	0.152500	0.178600	0.131900	0.149800	0.161600	0.163600	0.165100	0.070100	0.168200	0.174100	0.149700	0.143800	0.109400
717846.6	0.168200	0.180300	0.163000	0.174300	0.170500	0.166300	0.152600	0.179300	0.132300	0.150400	0.161700	0.164500	0.164400	0.071900	0.166700	0.173400	0.150500	0.143400	0.109900
723011.0	0.168800	0.180400	0.164200	0.174100	0.170700	0.167100	0.151300	0.178500	0.130600	0.147900	0.160200	0.163200	0.162700	0.072500	0.167000	0.174300	0.151300	0.143600	0.110200
728175.3	0.167600	0.179300	0.162600	0.174400	0.170800	0.166100	0.151300	0.177600	0.129800	0.146900	0.158900	0.161800	0.161900	0.067500	0.165600	0.172500	0.148400	0.141900	0.112100
733339.7	0.167800	0.180300	0.164200	0.176900	0.171100	0.166700	0.152700	0.180900	0.135100	0.151600	0.162900	0.164700	0.165600	0.069700	0.167200	0.173200	0.152800	0.144300	0.113500
738504.1	0.166700	0.178000	0.162500	0.174700	0.171100	0.165800	0.151500	0.179200	0.132100	0.150800	0.162000	0.163200	0.163800	0.074600	0.167200	0.174700	0.150600	0.143700	0.111600
743668.4	0.170400	0.182400	0.166100	0.178100	0.175600	0.169100	0.152300	0.179400	0.131500	0.150300	0.161900	0.163800	0.163400	0.070300	0.168200	0.175600	0.149000	0.142800	0.110000
748832.8	0.168500	0.179800	0.164400	0.176300	0.172100	0.168200	0.151400	0.178800	0.131700	0.149800	0.161300	0.163400	0.163800	0.071400	0.167200	0.174900	0.150500	0.143100	0.110900
753997.2	0.170300	0.180900	0.164700	0.177400	0.172500	0.169100	0.151900	0.178200	0.130600	0.149200	0.161200	0.163900	0.163300	0.065600	0.167100	0.175300	0.150100	0.142700	0.109400
759161.5	0.171400	0.182400	0.165300	0.178600	0.174600	0.170200	0.152200	0.176800	0.131300	0.149900	0.161700	0.165000	0.164900	0.063600	0.168500	0.176500	0.150200	0.143100	0.109200
764325.9	0.168900	0.181700	0.165400	0.177800	0.174000	0.169500	0.152700	0.177100	0.133200	0.150600	0.162200	0.165300	0.165400	0.071000	0.167000	0.174600	0.152000	0.143600	0.112300
769490.3	0.171500	0.183700	0.168000	0.181600	0.177800	0.170500	0.152600	0.176500	0.131500	0.149500	0.161900	0.164600	0.164200	0.073300	0.168200	0.177000	0.150600	0.143800	0.111700
774654.6	0.169400	0.181800	0.167400	0.184700	0.180700	0.168900	0.152400	0.176500	0.131600	0.149800	0.162000	0.163600	0.163100	0.069300	0.166800	0.175300	0.150200	0.142700	0.115100
779819.0	0.170600	0.186200	0.171200	0.191200	0.184700	0.169500	0.152700	0.177900	0.132900	0.152900	0.164400	0.165800	0.165800	0.072700	0.168300	0.176200	0.151200	0.144900	0.111800
784983.3	0.169000	0.186600	0.170800	0.190300	0.185700	0.169500	0.153300	0.178600	0.131700	0.152300	0.164100	0.166300	0.165400	0.077800	0.168800	0.175900	0.150900	0.144500	0.113600
790147.7	0.169800	0.188500	0.170700	0.188400	0.182600	0.169700	0.152400	0.178100	0.131100	0.150700	0.163100	0.164700	0.163500	0.072600	0.168100	0.177300	0.149800	0.143400	0.112800
795312.1	0.169200	0.190900	0.171500	0.188400	0.184700	0.170100	0.154000	0.181300	0.132600	0.152900	0.164600	0.165800	0.165900	0.071800	0.169500	0.176400	0.150500	0.144200	0.115100
800476.4	0.170400	0.189000	0.169700	0.185800	0.180600	0.168700	0.152800	0.180000	0.131400	0.151100	0.163100	0.164800	0.163900	0.067700	0.168900	0.175500	0.150000	0.144100	0.113000
805640.8	0.168800	0.188800	0.168800	0.184100	0.178900	0.169000	0.152800	0.179800	0.130500	0.150500	0.163200	0.164300	0.163700	0.070900	0.167700	0.175400	0.149600	0.143600	0.112500
810805.2	0.171400	0.192200	0.170900	0.184800	0.181100	0.170600	0.153500	0.180200	0.130600	0.151900	0.163500	0.165600	0.164300	0.070700	0.169200	0.176600	0.149600	0.145200	0.114000
815969.5	0.169100	0.189500	0.169000	0.182300	0.178100	0.168600	0.153200	0.180900	0.131200	0.151300	0.163500	0.165100	0.164000	0.073500	0.167900	0.174800	0.150600	0.145400	0.112700
821133.9	0.172200	0.192800	0.170600	0.182600	0.179000	0.170800	0.153500	0.181000	0.129600	0.150300	0.162500	0.164600	0.164000	0.068400	0.169600	0.178100	0.149200	0.145100	0.113100
826298.3	0.169700	0.190500	0.168500	0.181700	0.177200	0.169000	0.153500	0.182100	0.130600	0.151800	0.163500	0.165900	0.165100	0.068800	0.168700	0.176400	0.150700	0.144800	0.112700
831462.6	0.167900	0.190700	0.168300	0.180800	0.175700	0.169200	0.152500	0.182400	0.131200	0.151300	0.163000	0.164900	0.164800	0.072700	0.167600	0.175200	0.150300	0.143600	0.113200
836627.0	0.171500	0.191300	0.169600	0.182800	0.178300	0.171300	0.153400	0.182400	0.129600	0.151100	0.163000	0.165100	0.165100	0.070500	0.169600	0.177500	0.148500	0.144000	0.111900
841791.3	0.169800	0.190300	0.169800	0.181800	0.177700	0.171400	0.153200	0.182900	0.131900	0.152700	0.164600	0.165900	0.165400	0.065500	0.167700	0.176500	0.149900	0.144100	0.111300
846955.7	0.169900	0.188800	0.170100	0.182600	0.178500	0.172400	0.153800	0.183200	0.131300	0.152800	0.164700	0.165600	0.165800	0.068200	0.167800	0.178000	0.149400	0.143200	0.111600
852120.1	0.170000	0.185200	0.167700	0.179900	0.176100	0.171100	0.153200	0.181600	0.130800	0.151700	0.163400	0.164700	0.163500	0.071500	0.166800	0.178000	0.149400	0.143200	0.111700
857284.4	0.172600	0.189300	0.170100	0.181400	0.178600	0.174000	0.153800	0.181300	0.128500	0.151700	0.164000	0.165200	0.165100	0.075400	0.168600	0.179400	0.147500	0.143500	0.109200
862448.8	0.170000	0.187200	0.167500	0.180000	0.176500	0.171000	0.153400	0.182700	0.131800	0.153200	0.164900	0.165200	0.166100	0.071200	0.167500	0.177300	0.151200	0.144200	0.111000
867613.2	0.169700	0.186500	0.167400	0.178700	0.175700	0.171800	0.153200	0.182400	0.131500	0.152200	0.164500	0.165300	0.165100	0.070300	0.167700	0.177200	0.150600	0.143200	0.112100
872777.5	0.170500	0.189300	0.168900	0.180300	0.176400	0.172400	0.154600	0.183600	0.132600	0.153300	0.165500	0.165900	0.166200	0.068800	0.169600	0.177700	0.151200	0.144700	0.112400
877941.9	0.169200	0.186700	0.167600	0.179500	0.175300	0.172100	0.154100	0.183600	0.131600	0.152900	0.164900	0.165200	0.165800	0.070200	0.168400	0.176700	0.152200	0.144500	0.112200
883106.2	0.173100	0.189800	0.170000	0.180300	0.177000	0.173300	0.154200	0.183000	0.132000	0.153200	0.164900	0.164800	0.165700	0.071700	0.169300	0.179300	0.152500	0.145500	0.112400
888270.6	0.171000	0.191200	0.169100	0.179200	0.176500	0.173900	0.154500	0.183400	0.130900	0.153000	0.165000	0.164600	0.164900	0.066400	0.168200	0.177500	0.151700	0.145600	0.111800
893435.0	0.172700	0.192700	0.170500	0.178800	0.177000	0.174800	0.154100	0.182700	0.129200	0.151900	0.163700	0.163700	0.164500	0.069700	0.168200	0.178300	0.150600	0.144000	0.109900
898599.3	0.170900	0.192900	0.170600	0.179700	0.176900	0.173000	0.154400	0.183000	0.130400	0.153100	0.165400	0.165800	0.164800	0.075000	0.167800	0.178400	0.152600	0.144800	0.110800
