VERSION	1200
Time[MSec.]	Ratio	Ratio	Ratio	Ratio	Ratio	Ratio	Ratio	Ratio	Ratio	Ratio	Ratio	Ratio	Ratio	Ratio	Ratio
%.1f	%.4f	%.4f	%.4f	%.4f	%.4f	%.4f	%.4f	%.4f	%.4f	%.4f	%.4f	%.4f	%.4f	%.4f	%.4f
Time	ROI(1-1)	ROI(1-2)	ROI(1-3)	ROI(1-4)	ROI(1-5)	ROI(1-6)	ROI(1-7)	ROI(1-8)	ROI(1-9)	ROI(1-10)	ROI(1-11)	ROI(1-12)	ROI(1-13)	ROI(1-14)	ROI(1-15)
GraphNo	1	2	3	4	5	6	7	8	9	10	11	12	13	14	15
0.0	0.199800	0.174000	0.177200	0.177100	0.165600	0.133900	0.191200	0.159900	0.195500	0.187800	0.079900	0.110800	0.206600	0.163800	0.182800
5095.4	0.202900	0.175300	0.178000	0.178300	0.167500	0.136600	0.194200	0.160900	0.195200	0.186700	0.085100	0.116100	0.195300	0.163700	0.182200
10190.9	0.201300	0.173900	0.176700	0.177200	0.167500	0.136400	0.192700	0.160300	0.193700	0.187400	0.084100	0.114300	0.205600	0.162900	0.181600
15286.4	0.202200	0.174400	0.177800	0.177400	0.167200	0.135500	0.193000	0.160500	0.194600	0.187400	0.082300	0.113500	0.207100	0.163300	0.181900
20381.9	0.197000	0.173600	0.176200	0.177200	0.169200	0.138800	0.194900	0.162900	0.187100	0.175600	0.084700	0.117500	0.211300	0.165000	0.181000
25477.4	0.199100	0.174900	0.178400	0.177700	0.167200	0.136200	0.192700	0.160400	0.195900	0.188700	0.084000	0.114900	0.209100	0.165000	0.182500
30572.9	0.200900	0.175500	0.177800	0.179000	0.167000	0.133500	0.192100	0.160400	0.195900	0.188900	0.079600	0.111000	0.205400	0.162200	0.182600
35668.5	0.203100	0.178500	0.183100	0.181700	0.167800	0.134900	0.191900	0.160500	0.202500	0.196100	0.079900	0.112000	0.206700	0.162000	0.185300
40764.0	0.196000	0.176000	0.179300	0.178300	0.163800	0.134100	0.190700	0.159200	0.197800	0.191300	0.079700	0.111800	0.205400	0.163200	0.182600
45859.5	0.205300	0.175600	0.182200	0.178500	0.169300	0.134700	0.191500	0.160700	0.203000	0.197500	0.079600	0.111400	0.204300	0.162300	0.184600
50955.0	0.207400	0.176400	0.183600	0.180800	0.168500	0.134100	0.191200	0.161800	0.195100	0.196500	0.079000	0.111900	0.203400	0.163800	0.183400
56050.5	0.203400	0.175700	0.179700	0.180200	0.170000	0.138300	0.192700	0.163000	0.184300	0.178100	0.086200	0.118200	0.207400	0.168400	0.182600
61146.0	0.208300	0.180100	0.185700	0.182800	0.169400	0.134400	0.188600	0.163700	0.196100	0.194700	0.079400	0.113100	0.202800	0.164400	0.185400
66241.5	0.212900	0.181900	0.187100	0.184200	0.171300	0.136100	0.190200	0.165800	0.200500	0.199000	0.080600	0.114600	0.204500	0.166800	0.188300
71337.0	0.211200	0.179200	0.184800	0.182600	0.171800	0.137400	0.191500	0.166700	0.191100	0.188400	0.083300	0.117400	0.209100	0.168700	0.185600
76432.5	0.213800	0.181700	0.187300	0.183300	0.169500	0.135600	0.189200	0.165400	0.199700	0.198900	0.080700	0.113300	0.202600	0.166800	0.187900
81528.0	0.215600	0.181500	0.186800	0.183100	0.174500	0.137800	0.190600	0.166200	0.196700	0.198800	0.082000	0.118400	0.199600	0.168200	0.188500
86623.5	0.214700	0.181100	0.187100	0.184300	0.172600	0.138600	0.192300	0.166900	0.193300	0.188100	0.082100	0.118800	0.199500	0.168100	0.187200
91719.0	0.216800	0.181800	0.187800	0.185900	0.171900	0.137300	0.190800	0.166400	0.199100	0.194600	0.082300	0.118100	0.194800	0.167400	0.189100
96814.5	0.212200	0.178700	0.182700	0.182200	0.173700	0.146900	0.194800	0.168300	0.182000	0.171700	0.092800	0.130100	0.198400	0.169300	0.184300
101910.0	0.217900	0.179700	0.186600	0.182200	0.169000	0.137500	0.188700	0.163800	0.197100	0.193700	0.082200	0.118200	0.189400	0.163200	0.187300
107005.6	0.214100	0.179200	0.185300	0.180700	0.171400	0.140700	0.190200	0.166000	0.190300	0.182800	0.086300	0.122400	0.191300	0.162500	0.186900
112101.1	0.215400	0.179200	0.185600	0.181100	0.170600	0.138200	0.189400	0.166000	0.191000	0.185000	0.080900	0.117100	0.190900	0.161400	0.187000
117196.6	0.214400	0.178200	0.184000	0.181000	0.169700	0.137600	0.188800	0.165100	0.191300	0.183600	0.082400	0.117200	0.188300	0.159000	0.186600
122292.1	0.214100	0.179800	0.185200	0.181200	0.169300	0.137900	0.188000	0.164600	0.192000	0.186100	0.081600	0.116800	0.187400	0.157500	0.186600
127387.6	0.212000	0.178200	0.182700	0.179000	0.171400	0.141700	0.190400	0.165000	0.183900	0.174300	0.086900	0.122600	0.188600	0.161100	0.185700
132483.1	0.213600	0.177900	0.183600	0.179800	0.169100	0.139400	0.188700	0.163400	0.189400	0.181600	0.083400	0.118700	0.183700	0.157000	0.186500
137578.6	0.213900	0.181200	0.185000	0.180700	0.169400	0.138100	0.188300	0.163300	0.192500	0.186100	0.082400	0.116100	0.182500	0.155700	0.187800
142674.1	0.216100	0.182000	0.187200	0.182900	0.171600	0.140600	0.188900	0.163800	0.193100	0.185600	0.084500	0.117500	0.182600	0.156700	0.189500
147769.6	0.215800	0.185200	0.191200	0.184700	0.173500	0.139900	0.189200	0.166400	0.195800	0.189200	0.084600	0.117800	0.181500	0.160900	0.193400
152865.1	0.219600	0.190800	0.198200	0.189300	0.177400	0.144100	0.191500	0.169700	0.201300	0.194200	0.086300	0.118700	0.184300	0.165900	0.200700
157960.6	0.222200	0.195600	0.203000	0.192300	0.183200	0.151700	0.196200	0.176800	0.199400	0.192000	0.093900	0.125500	0.191100	0.178600	0.209400
163056.1	0.230000	0.207200	0.216400	0.199800	0.190300	0.155400	0.199800	0.182800	0.209900	0.204700	0.094900	0.125900	0.194400	0.184200	0.224200
168151.6	0.231700	0.211000	0.223000	0.202300	0.194100	0.160800	0.202400	0.186100	0.212400	0.205300	0.100800	0.129900	0.196600	0.195100	0.235100
173247.1	0.233700	0.219600	0.232100	0.207300	0.201000	0.167800	0.207300	0.194400	0.213100	0.203400	0.107900	0.136100	0.204800	0.206000	0.250300
178342.6	0.245800	0.231800	0.249300	0.214400	0.202700	0.162000	0.205800	0.197700	0.234600	0.236500	0.100600	0.127700	0.200300	0.206200	0.270900
183438.1	0.245300	0.234200	0.253300	0.217000	0.209700	0.172500	0.212500	0.206300	0.227000	0.220500	0.109100	0.135400	0.209800	0.218300	0.278700
188533.7	0.250100	0.240500	0.258900	0.219500	0.214200	0.178800	0.216900	0.212300	0.229200	0.223400	0.118400	0.143600	0.216400	0.228500	0.282200
193629.2	0.256000	0.247800	0.266700	0.225700	0.217000	0.177500	0.216600	0.215100	0.241300	0.237700	0.113100	0.138900	0.215000	0.227000	0.288400
198724.7	0.259600	0.251200	0.271800	0.226900	0.219700	0.180400	0.218000	0.218900	0.243600	0.240400	0.118200	0.142500	0.219000	0.236300	0.288600
203820.2	0.261500	0.255900	0.275300	0.229200	0.223300	0.184000	0.221600	0.224600	0.243900	0.241500	0.118500	0.143500	0.221600	0.242100	0.287500
208915.7	0.263800	0.255900	0.276700	0.229500	0.227200	0.193700	0.225400	0.229100	0.239300	0.235000	0.128200	0.153800	0.227600	0.256500	0.284900
214011.2	0.273300	0.264200	0.285600	0.235700	0.227600	0.185600	0.223700	0.229200	0.262000	0.264700	0.117200	0.143900	0.224200	0.252000	0.288900
219106.7	0.275000	0.265100	0.285600	0.235900	0.231400	0.192400	0.227700	0.234100	0.256100	0.256400	0.122100	0.150500	0.230100	0.256300	0.288200
224202.2	0.276800	0.267400	0.286700	0.235900	0.233100	0.191500	0.227100	0.236100	0.258900	0.258200	0.118600	0.147200	0.230300	0.260800	0.286100
229297.7	0.280300	0.269400	0.289000	0.238200	0.233600	0.194100	0.228800	0.237900	0.263900	0.263800	0.123100	0.152200	0.232800	0.265300	0.284500
234393.2	0.280900	0.268600	0.288100	0.236900	0.236800	0.198300	0.231200	0.241800	0.257500	0.257100	0.126200	0.157000	0.239000	0.274700	0.282100
239488.7	0.287500	0.272200	0.291700	0.240800	0.238800	0.198800	0.232700	0.242700	0.266100	0.267400	0.123400	0.156000	0.239000	0.273100	0.283200
244584.2	0.288900	0.270800	0.291000	0.239500	0.238800	0.197100	0.230700	0.243900	0.266600	0.267000	0.120600	0.154000	0.239600	0.277100	0.280500
249679.7	0.288500	0.269800	0.288300	0.239300	0.242000	0.200400	0.234200	0.247500	0.260300	0.258700	0.123600	0.160200	0.244200	0.282200	0.276200
254775.2	0.290100	0.269700	0.287900	0.238600	0.241300	0.203100	0.235500	0.246100	0.261100	0.263400	0.129100	0.164600	0.244400	0.284600	0.274000
259870.7	0.287100	0.268600	0.287100	0.240100	0.245700	0.201100	0.237500	0.250800	0.257400	0.251400	0.123200	0.161500	0.247200	0.279600	0.272600
264966.2	0.295500	0.270900	0.290600	0.240200	0.240100	0.194400	0.232600	0.247700	0.275700	0.278900	0.120800	0.157400	0.242000	0.278900	0.271200
270061.7	0.296100	0.271100	0.287700	0.240500	0.244000	0.201500	0.236900	0.251200	0.267800	0.265900	0.126900	0.165200	0.245800	0.281800	0.269300
275157.2	0.295700	0.271500	0.285400	0.238900	0.242000	0.197700	0.235900	0.248900	0.267700	0.265600	0.121900	0.160400	0.243700	0.282500	0.266300
280252.8	0.298900	0.270600	0.285500	0.239800	0.239200	0.195500	0.233700	0.247600	0.273800	0.276100	0.121200	0.159600	0.243000	0.276900	0.265000
285348.3	0.298900	0.267200	0.280800	0.238600	0.239300	0.194800	0.234100	0.247400	0.267000	0.266200	0.117100	0.157800	0.244300	0.279800	0.261600
290443.8	0.296600	0.265700	0.277700	0.235400	0.237700	0.201100	0.235100	0.248500	0.265200	0.263800	0.128000	0.168000	0.245600	0.281600	0.257900
295539.3	0.299100	0.266200	0.278400	0.237400	0.237500	0.195400	0.234000	0.246900	0.270700	0.270500	0.118700	0.160100	0.241900	0.276800	0.257100
300634.8	0.293900	0.261100	0.272100	0.234600	0.237900	0.198100	0.236000	0.248300	0.257600	0.254100	0.122800	0.165200	0.245600	0.279900	0.252000
305730.3	0.297100	0.261700	0.274100	0.235500	0.235100	0.194100	0.233200	0.246600	0.268100	0.268200	0.122400	0.162700	0.243600	0.273200	0.252400
310825.8	0.297000	0.259500	0.271300	0.234600	0.236100	0.198600	0.235500	0.248100	0.260200	0.257000	0.125800	0.167100	0.246800	0.278200	0.249600
315921.3	0.297500	0.256800	0.267700	0.232800	0.233100	0.193800	0.232800	0.243300	0.260500	0.257200	0.119000	0.159800	0.246600	0.273000	0.247700
321016.8	0.302200	0.256100	0.268800	0.233500	0.230000	0.187500	0.229100	0.241200	0.268000	0.270700	0.115100	0.154500	0.243200	0.266200	0.247100
326112.3	0.299500	0.257400	0.267200	0.234500	0.233300	0.191600	0.232200	0.244100	0.264200	0.264500	0.117800	0.160200	0.244800	0.265400	0.246500
331207.8	0.301300	0.255300	0.266800	0.234400	0.229500	0.185100	0.228600	0.242100	0.268700	0.272500	0.112800	0.152900	0.243600	0.262000	0.245000
336303.3	0.299100	0.253400	0.262100	0.231600	0.231500	0.192000	0.230800	0.242200	0.262900	0.261200	0.122300	0.161500	0.244800	0.266400	0.241200
341398.8	0.296900	0.251200	0.260100	0.229600	0.228900	0.188600	0.230100	0.241700	0.257900	0.255700	0.120100	0.159900	0.245700	0.265700	0.238800
346494.3	0.296300	0.249400	0.261400	0.230500	0.226300	0.181700	0.226000	0.237300	0.267000	0.270600	0.111000	0.151000	0.237000	0.251800	0.239800
351589.8	0.292100	0.245900	0.255500	0.226700	0.225300	0.183500	0.225800	0.237400	0.255500	0.254500	0.114500	0.154800	0.240600	0.255600	0.234400
356685.3	0.291400	0.242700	0.251800	0.225100	0.226300	0.188800	0.228500	0.238100	0.247200	0.245600	0.121900	0.162100	0.243100	0.258700	0.230500
361780.8	0.296200	0.248900	0.259200	0.230400	0.223500	0.176000	0.223800	0.237000	0.266100	0.273400	0.105100	0.146100	0.236200	0.246800	0.237200
366876.3	0.295600	0.248300	0.256400	0.228900	0.225000	0.181400	0.225100	0.237900	0.261100	0.263000	0.110100	0.151300	0.237700	0.249300	0.233700
371971.8	0.294900	0.245300	0.255300	0.229500	0.227300	0.187200	0.228700	0.240200	0.256100	0.253300	0.119500	0.160400	0.242200	0.254600	0.232400
377067.3	0.289500	0.242100	0.250300	0.226800	0.225100	0.187200	0.228300	0.239200	0.248200	0.244700	0.118300	0.160100	0.243900	0.259100	0.229200
382162.9	0.294900	0.243400	0.253200	0.228000	0.224200	0.180800	0.224900	0.237900	0.259500	0.259800	0.110200	0.152000	0.240100	0.250800	0.231000
387258.4	0.297600	0.245100	0.255400	0.231100	0.225700	0.180900	0.226400	0.239000	0.265200	0.266900	0.110800	0.151600	0.239900	0.247100	0.232800
392353.9	0.296500	0.242400	0.251300	0.228000	0.223000	0.181700	0.225600	0.237100	0.258100	0.259800	0.113600	0.153600	0.242200	0.251200	0.228700
397449.4	0.299300	0.245800	0.254400	0.230900	0.223300	0.177400	0.224600	0.238000	0.269500	0.274800	0.106500	0.148300	0.237800	0.246800	0.231800
402544.9	0.293500	0.243300	0.249800	0.227700	0.224300	0.183100	0.226000	0.238900	0.255900	0.255700	0.115300	0.155300	0.243800	0.250300	0.226300
407640.4	0.290200	0.239000	0.247700	0.225700	0.224300	0.184300	0.227600	0.239100	0.248800	0.247100	0.116900	0.156800	0.244900	0.251900	0.224000
412735.9	0.293100	0.241000	0.247800	0.227000	0.222900	0.182100	0.225900	0.238400	0.254000	0.253900	0.114500	0.155400	0.242200	0.248700	0.224200
417831.4	0.293300	0.239300	0.247500	0.225800	0.222000	0.183700	0.225900	0.237600	0.254600	0.254100	0.114600	0.155700	0.241800	0.248800	0.223000
422926.9	0.290300	0.238800	0.246100	0.226000	0.223100	0.182800	0.226500	0.239100	0.248600	0.246000	0.116200	0.156800	0.244000	0.247200	0.222400
428022.4	0.294400	0.238800	0.246000	0.226100	0.221000	0.181900	0.224700	0.236800	0.255400	0.254800	0.113500	0.153700	0.241400	0.247700	0.222600
433117.9	0.294000	0.241000	0.247400	0.228300	0.221800	0.178500	0.224300	0.237400	0.257500	0.257600	0.110800	0.151400	0.240300	0.241800	0.224100
438213.4	0.291000	0.237300	0.244400	0.226300	0.219700	0.177600	0.223400	0.237600	0.249600	0.247000	0.110100	0.149500	0.242000	0.239500	0.220900
443308.9	0.292000	0.237800	0.244400	0.225300	0.218800	0.176100	0.222200	0.236400	0.252200	0.252800	0.109500	0.148100	0.240000	0.237800	0.220800
448404.4	0.297000	0.242400	0.250300	0.228900	0.219500	0.172400	0.221600	0.235900	0.267400	0.271800	0.102800	0.143400	0.235800	0.234600	0.224600
453499.9	0.293400	0.238700	0.244100	0.225000	0.216600	0.174400	0.221200	0.234500	0.258400	0.261200	0.106300	0.145500	0.238100	0.237100	0.220800
458595.4	0.294900	0.239000	0.246900	0.226500	0.214800	0.169700	0.219300	0.232800	0.265500	0.271700	0.102900	0.142400	0.234600	0.231800	0.222700
463690.9	0.285600	0.234300	0.239000	0.223000	0.219000	0.178100	0.223900	0.237100	0.243900	0.239600	0.112300	0.151000	0.241400	0.237900	0.217000
468786.4	0.286300	0.234700	0.239900	0.222700	0.218100	0.176900	0.222600	0.235300	0.245800	0.243200	0.111300	0.150100	0.237500	0.233200	0.215900
473881.9	0.289800	0.236000	0.243800	0.225300	0.216000	0.173300	0.221000	0.233300	0.255100	0.254400	0.109000	0.146100	0.235900	0.232200	0.219300
478977.4	0.286300	0.234100	0.239800	0.221300	0.217100	0.178900	0.222300	0.236300	0.242300	0.239100	0.113500	0.152900	0.239900	0.235500	0.215800
484072.9	0.283400	0.229700	0.236500	0.220300	0.216500	0.179800	0.223800	0.236300	0.241000	0.233400	0.116400	0.155000	0.241100	0.237200	0.213400
489168.5	0.288200	0.235000	0.240500	0.223400	0.214300	0.173500	0.220000	0.233800	0.254200	0.253900	0.107800	0.145700	0.234600	0.228000	0.217600
494264.0	0.282300	0.233100	0.238400	0.222700	0.216800	0.175000	0.222900	0.237200	0.242800	0.236400	0.106900	0.146400	0.236900	0.227300	0.214400
499359.5	0.282800	0.230600	0.237600	0.221400	0.213700	0.174000	0.220400	0.232900	0.245800	0.242900	0.110700	0.148700	0.235200	0.227800	0.213100
504455.0	0.284700	0.232600	0.239300	0.222700	0.214100	0.173800	0.221200	0.234000	0.247200	0.244000	0.108300	0.147900	0.236500	0.228600	0.214600
509550.5	0.283400	0.229700	0.235800	0.219600	0.211300	0.170800	0.218700	0.232100	0.248900	0.246100	0.106300	0.143800	0.234400	0.229400	0.212300
514646.0	0.283000	0.232300	0.239000	0.221700	0.210100	0.166300	0.216600	0.229700	0.255000	0.258400	0.099800	0.137100	0.230300	0.218600	0.214400
519741.5	0.281100	0.229500	0.235500	0.219400	0.209800	0.168800	0.217500	0.230900	0.245700	0.244600	0.105700	0.141000	0.232100	0.225200	0.211800
524837.0	0.279700	0.229800	0.234900	0.220400	0.209900	0.165900	0.215900	0.229500	0.248200	0.246300	0.101400	0.137700	0.231000	0.218100	0.211700
529932.5	0.276600	0.226000	0.232000	0.218200	0.211300	0.171000	0.218500	0.231000	0.239100	0.233500	0.107100	0.143400	0.233700	0.224100	0.210100
535028.0	0.283700	0.231700	0.237000	0.219000	0.207800	0.164800	0.214700	0.229500	0.253500	0.256100	0.100500	0.136800	0.227100	0.216800	0.212800
540123.5	0.283100	0.231700	0.237800	0.220900	0.207700	0.163100	0.214200	0.228300	0.257100	0.260300	0.099300	0.135600	0.226800	0.212000	0.213700
545219.0	0.281900	0.228300	0.233600	0.217500	0.206900	0.165000	0.215000	0.228600	0.248700	0.246700	0.103500	0.138500	0.228400	0.217700	0.210300
550314.5	0.275600	0.223000	0.229300	0.214300	0.207900	0.170500	0.217300	0.229900	0.236400	0.229900	0.110200	0.145600	0.232300	0.223400	0.205900
555410.0	0.275500	0.226300	0.230500	0.215600	0.206300	0.165000	0.214900	0.228700	0.239600	0.235000	0.101600	0.136400	0.229200	0.218400	0.207300
560505.5	0.278500	0.226600	0.231600	0.216400	0.204100	0.161100	0.212100	0.225700	0.247400	0.246500	0.097000	0.131000	0.225600	0.210300	0.208100
565601.0	0.277800	0.224700	0.231200	0.215400	0.205500	0.165700	0.213800	0.226600	0.246700	0.244000	0.102900	0.137200	0.225500	0.215300	0.207900
570696.5	0.271100	0.223200	0.228500	0.214200	0.205300	0.166100	0.214000	0.227500	0.235800	0.230300	0.103100	0.138300	0.227000	0.214300	0.205000
575792.0	0.271500	0.222300	0.226600	0.212800	0.203800	0.165700	0.213500	0.225500	0.236700	0.233200	0.101800	0.136300	0.225900	0.214200	0.203800
580887.5	0.272600	0.224200	0.229000	0.213400	0.202900	0.159700	0.211000	0.224700	0.242000	0.239700	0.097600	0.130100	0.223600	0.207200	0.206300
585983.0	0.269000	0.221000	0.226200	0.212900	0.202300	0.161300	0.211800	0.224100	0.238000	0.232500	0.098900	0.132100	0.224000	0.208200	0.202700
591078.5	0.267300	0.219600	0.225800	0.211100	0.201600	0.162500	0.211600	0.224500	0.234300	0.228800	0.099700	0.133300	0.224700	0.207400	0.203100
596174.0	0.269500	0.221400	0.227100	0.210800	0.200700	0.163100	0.211500	0.223500	0.236100	0.232900	0.101900	0.134600	0.222500	0.209000	0.203500
601269.5	0.270800	0.221100	0.227700	0.211300	0.200400	0.161900	0.211400	0.222600	0.241700	0.241400	0.100200	0.134000	0.221400	0.207200	0.204700
606365.0	0.269100	0.220400	0.226700	0.210100	0.198500	0.160000	0.209500	0.220100	0.240500	0.238800	0.100300	0.132200	0.219400	0.206100	0.203500
611460.6	0.269500	0.220600	0.225700	0.210500	0.200600	0.161900	0.211200	0.223700	0.238600	0.235900	0.101900	0.135700	0.220500	0.206900	0.202800
616556.1	0.268500	0.220600	0.225300	0.210200	0.198200	0.159400	0.209100	0.220500	0.240400	0.238600	0.099200	0.131300	0.218600	0.202200	0.203100
621651.6	0.261600	0.215500	0.221000	0.207100	0.200500	0.164300	0.212500	0.223300	0.223500	0.216000	0.104500	0.137800	0.223200	0.206900	0.198900
626747.1	0.265700	0.218500	0.223300	0.208500	0.198600	0.163000	0.210300	0.221100	0.235000	0.231500	0.103100	0.135600	0.220300	0.204600	0.201800
631842.6	0.266500	0.218200	0.223600	0.207700	0.194900	0.156900	0.206800	0.218500	0.243300	0.244000	0.096900	0.128200	0.216300	0.199200	0.201200
636938.1	0.265300	0.219200	0.224600	0.209300	0.196200	0.156400	0.207500	0.218900	0.242300	0.241000	0.094300	0.127000	0.214100	0.196800	0.202800
642033.6	0.262700	0.216700	0.222100	0.206700	0.195200	0.156100	0.207200	0.218800	0.236600	0.233100	0.095700	0.127400	0.218100	0.199800	0.200100
647129.1	0.262200	0.215600	0.219400	0.203600	0.196200	0.162000	0.209200	0.219100	0.229500	0.225100	0.104400	0.135500	0.219800	0.204700	0.197100
652224.6	0.262900	0.216100	0.221400	0.205400	0.194400	0.157000	0.207000	0.217500	0.236300	0.235700	0.097200	0.128900	0.214200	0.198500	0.198800
657320.1	0.263100	0.217900	0.222300	0.205700	0.194000	0.153600	0.205300	0.216700	0.240300	0.239400	0.094300	0.125000	0.214600	0.194100	0.200100
662415.6	0.257200	0.213600	0.217500	0.203600	0.193400	0.155700	0.205500	0.217000	0.229100	0.224300	0.096300	0.126700	0.215000	0.196500	0.196400
667511.1	0.255700	0.212500	0.216900	0.201600	0.195000	0.160900	0.208500	0.219400	0.222800	0.215900	0.104200	0.135300	0.217300	0.199100	0.195900
672606.6	0.257900	0.214600	0.219700	0.203600	0.193000	0.155400	0.204800	0.216100	0.235000	0.231400	0.096500	0.127000	0.212400	0.195700	0.197100
677702.1	0.257000	0.212100	0.215400	0.201400	0.191900	0.158300	0.206000	0.216300	0.225700	0.220800	0.102100	0.132300	0.215000	0.201200	0.194900
682797.6	0.257900	0.214000	0.218100	0.202500	0.191100	0.154000	0.205300	0.215100	0.232800	0.228900	0.094800	0.126500	0.210700	0.193300	0.197300
687893.1	0.256400	0.214100	0.218800	0.203200	0.192900	0.154000	0.205600	0.215800	0.230900	0.226400	0.093700	0.124400	0.211500	0.189400	0.196300
692988.6	0.256300	0.212500	0.215800	0.201400	0.188700	0.151300	0.203200	0.213100	0.233100	0.230900	0.091500	0.121800	0.209800	0.190700	0.194800
698084.1	0.256600	0.213100	0.218600	0.202000	0.189100	0.150300	0.203700	0.212700	0.238100	0.236500	0.091600	0.122300	0.207200	0.188300	0.196300
703179.6	0.256200	0.212300	0.216900	0.201400	0.188100	0.148700	0.202100	0.211200	0.236000	0.236200	0.089800	0.119200	0.206800	0.189100	0.195600
708275.1	0.251900	0.207300	0.211700	0.197500	0.187800	0.157400	0.205000	0.213400	0.222100	0.216200	0.101400	0.129700	0.211100	0.193100	0.191100
713370.6	0.255200	0.212100	0.216000	0.200600	0.187200	0.149300	0.202100	0.210500	0.236300	0.236100	0.089800	0.120700	0.206000	0.184500	0.195000
718466.1	0.251900	0.210300	0.213900	0.198800	0.187500	0.150100	0.203100	0.210800	0.226500	0.222400	0.091900	0.122000	0.207300	0.187900	0.193000
723561.6	0.252800	0.211000	0.214900	0.199500	0.188200	0.153000	0.204600	0.211800	0.229400	0.225300	0.095900	0.125600	0.208100	0.185200	0.195400
728657.2	0.252900	0.209200	0.213800	0.197700	0.185300	0.149900	0.200700	0.208600	0.232000	0.229400	0.093800	0.122000	0.206600	0.186700	0.193600
733752.7	0.248700	0.206100	0.210600	0.196200	0.186100	0.153700	0.203200	0.210800	0.221700	0.215000	0.097300	0.125600	0.209100	0.187100	0.190000
738848.2	0.247700	0.206100	0.210000	0.195700	0.185800	0.152100	0.203300	0.209700	0.221800	0.216500	0.095000	0.123900	0.205600	0.186200	0.190600
743943.7	0.249000	0.206800	0.210700	0.195200	0.185000	0.151600	0.202500	0.209200	0.221000	0.214800	0.095600	0.124700	0.206000	0.186500	0.191000
749039.2	0.250500	0.208400	0.212500	0.196500	0.184400	0.149700	0.200900	0.208800	0.226600	0.224200	0.092100	0.119800	0.202900	0.183000	0.192300
754134.7	0.245800	0.207100	0.210200	0.195800	0.185100	0.149700	0.201100	0.208300	0.221700	0.215900	0.091400	0.119800	0.204500	0.182100	0.191400
759230.2	0.247700	0.206500	0.211500	0.193600	0.182900	0.149200	0.200400	0.207300	0.221700	0.218600	0.092800	0.122100	0.202300	0.184200	0.191400
764325.7	0.247300	0.206000	0.210100	0.194500	0.181800	0.146500	0.199300	0.205700	0.224800	0.220700	0.089500	0.117700	0.201400	0.182100	0.190800
769421.2	0.245100	0.204200	0.207900	0.192200	0.181200	0.149600	0.199500	0.204900	0.219400	0.214200	0.096400	0.123700	0.201000	0.183100	0.189000
774516.7	0.247900	0.206400	0.209600	0.194400	0.182200	0.146400	0.199600	0.205900	0.225400	0.221500	0.089600	0.117600	0.200900	0.179700	0.191500
779612.2	0.243500	0.203200	0.208000	0.191900	0.181000	0.148400	0.199300	0.204600	0.219100	0.214300	0.092800	0.121100	0.201300	0.182600	0.189400
784707.7	0.241700	0.202600	0.206400	0.191200	0.181000	0.146800	0.199000	0.204100	0.217900	0.212100	0.092300	0.119800	0.200600	0.179300	0.188700
789803.2	0.242000	0.202400	0.207100	0.191400	0.180900	0.148600	0.199500	0.204100	0.218600	0.213100	0.095700	0.122700	0.201000	0.182000	0.189300
794898.7	0.240200	0.202500	0.205000	0.190000	0.181100	0.149400	0.199600	0.204400	0.213500	0.205500	0.095200	0.123000	0.203100	0.181400	0.186500
799994.2	0.241300	0.201900	0.205600	0.190300	0.179700	0.147900	0.198400	0.203300	0.217700	0.212800	0.095200	0.122100	0.201100	0.181500	0.187700
805089.7	0.242600	0.203500	0.207200	0.191900	0.178900	0.146300	0.197700	0.203200	0.221500	0.217100	0.091400	0.118600	0.198700	0.176900	0.189200
810185.2	0.241300	0.201700	0.204700	0.190600	0.178000	0.145700	0.196200	0.200400	0.219500	0.216200	0.090700	0.117800	0.197700	0.176100	0.186600
815280.7	0.240300	0.202200	0.205700	0.190400	0.178900	0.146200	0.197300	0.201700	0.217800	0.210700	0.092000	0.119800	0.199300	0.177500	0.187400
820376.2	0.237400	0.199200	0.203400	0.188100	0.177400	0.144400	0.196200	0.200500	0.213000	0.208400	0.090100	0.116900	0.197800	0.176300	0.186300
825471.7	0.240600	0.201600	0.205600	0.190400	0.177500	0.142000	0.195900	0.199500	0.221700	0.219400	0.089700	0.115300	0.194400	0.173300	0.188100
830567.2	0.238100	0.198900	0.203700	0.187300	0.175100	0.143200	0.194200	0.197500	0.219700	0.215400	0.091400	0.116800	0.195400	0.173100	0.186700
835662.7	0.238000	0.200000	0.204600	0.187800	0.177000	0.143900	0.196300	0.199800	0.214400	0.208400	0.092000	0.118400	0.196800	0.174500	0.187100
840758.2	0.235500	0.198000	0.201300	0.185900	0.177100	0.145200	0.196100	0.198400	0.212200	0.205800	0.094300	0.120400	0.197300	0.177400	0.186300
845853.7	0.237700	0.199000	0.202900	0.187500	0.176100	0.141500	0.195500	0.198500	0.215000	0.208600	0.087100	0.114400	0.196800	0.175400	0.186700
850949.3	0.236200	0.197900	0.202600	0.186100	0.176700	0.146300	0.196300	0.196700	0.213100	0.207200	0.095500	0.120800	0.195700	0.176900	0.186300
856044.8	0.236400	0.197200	0.199800	0.184900	0.176100	0.147100	0.196900	0.197300	0.209600	0.202500	0.096400	0.121600	0.197000	0.177500	0.184200
861140.3	0.235600	0.196900	0.201100	0.185300	0.175300	0.141800	0.195000	0.195700	0.212100	0.206500	0.089100	0.115500	0.194400	0.173800	0.185200
866235.8	0.233800	0.197200	0.200400	0.184900	0.175000	0.141300	0.193900	0.195400	0.210900	0.204400	0.089300	0.114800	0.194500	0.173200	0.184700
871331.3	0.233400	0.195400	0.201100	0.185200	0.174900	0.143100	0.194800	0.195700	0.210600	0.203100	0.091600	0.116600	0.192800	0.170900	0.185500
876426.8	0.231900	0.195600	0.200000	0.185400	0.175300	0.144300	0.195400	0.195800	0.206800	0.199100	0.092500	0.117900	0.192900	0.171200	0.184600
881522.3	0.232600	0.196000	0.199800	0.184600	0.174400	0.142600	0.195000	0.194600	0.209900	0.202300	0.091100	0.115500	0.192900	0.171000	0.184700
886617.8	0.235400	0.196100	0.200800	0.185700	0.173600	0.140400	0.193500	0.193100	0.214500	0.210800	0.088900	0.114500	0.191200	0.169900	0.185800
891713.3	0.234700	0.196000	0.200700	0.185200	0.172700	0.138400	0.192800	0.191700	0.216700	0.213300	0.086200	0.110900	0.189500	0.170000	0.186000
896808.8	0.231700	0.194200	0.199200	0.183800	0.173400	0.142200	0.194500	0.192600	0.210200	0.204200	0.091500	0.115500	0.191000	0.168600	0.184800
901904.3	0.230700	0.194700	0.198600	0.183600	0.172300	0.140900	0.192700	0.191400	0.210600	0.204100	0.091000	0.114700	0.189400	0.169500	0.185100
906999.8	0.232100	0.194800	0.199100	0.183000	0.172300	0.139100	0.192900	0.192500	0.209600	0.203300	0.087600	0.111600	0.189800	0.168300	0.184700
912095.3	0.230800	0.193000	0.197900	0.182100	0.171700	0.140900	0.192900	0.191000	0.208900	0.203500	0.091600	0.115700	0.188600	0.170000	0.183200
917190.8	0.228700	0.192700	0.198100	0.183400	0.171800	0.138900	0.192400	0.190800	0.208200	0.200200	0.088700	0.112700	0.186300	0.165300	0.184900
922286.3	0.227900	0.192500	0.197100	0.181500	0.171100	0.138800	0.192700	0.191100	0.206300	0.199900	0.086500	0.111300	0.187500	0.166200	0.183500
927381.8	0.227500	0.191300	0.196600	0.181600	0.171900	0.142200	0.194000	0.190800	0.204600	0.197200	0.092500	0.116400	0.189500	0.169400	0.183600
932477.3	0.228000	0.192300	0.197300	0.181500	0.170200	0.138600	0.191900	0.188900	0.207800	0.202700	0.088800	0.112100	0.186100	0.166000	0.183100
937572.8	0.226800	0.190700	0.195100	0.180900	0.171100	0.139800	0.192900	0.189700	0.204100	0.196800	0.088300	0.113800	0.188100	0.167000	0.182300
942668.3	0.227900	0.190000	0.193900	0.179500	0.170800	0.143500	0.194200	0.189400	0.200600	0.195100	0.096400	0.118900	0.189600	0.171300	0.181500
947763.8	0.230100	0.193800	0.198700	0.183200	0.168900	0.135600	0.190500	0.187100	0.215400	0.213400	0.085400	0.109200	0.183300	0.162500	0.186000
952859.3	0.226800	0.191300	0.196900	0.183100	0.171800	0.138600	0.192500	0.189200	0.209500	0.203900	0.087800	0.112400	0.185300	0.163800	0.184000
957954.8	0.228900	0.194700	0.198600	0.182000	0.168900	0.134600	0.189600	0.185500	0.214900	0.213400	0.084400	0.108500	0.181800	0.159300	0.185200
963050.3	0.224800	0.189600	0.194900	0.180300	0.168300	0.136000	0.190300	0.185600	0.205800	0.199900	0.086000	0.108600	0.184000	0.163200	0.182800
968145.8	0.229300	0.192700	0.197100	0.182000	0.168600	0.135200	0.190800	0.185700	0.212700	0.208200	0.084400	0.107100	0.181200	0.161500	0.184100
973241.3	0.227600	0.190100	0.195200	0.180900	0.168700	0.137300	0.191900	0.186500	0.207000	0.201300	0.087800	0.111400	0.184800	0.161600	0.182500
978336.9	0.222400	0.187300	0.191000	0.178900	0.169200	0.141400	0.192800	0.186700	0.196200	0.186900	0.094700	0.117100	0.188100	0.165400	0.180300
983432.4	0.222900	0.190100	0.193900	0.179400	0.167800	0.136700	0.190900	0.185000	0.202900	0.196900	0.088100	0.111100	0.183200	0.162200	0.182800
988527.9	0.220800	0.187000	0.190700	0.177600	0.168500	0.139600	0.192000	0.185700	0.197500	0.191100	0.092300	0.114600	0.184500	0.163700	0.180300
993623.4	0.223000	0.190500	0.195400	0.180800	0.167100	0.133600	0.189300	0.182900	0.209000	0.204900	0.084100	0.106900	0.179900	0.157900	0.183700
998718.9	0.221200	0.186800	0.191200	0.177700	0.168400	0.140100	0.192100	0.184000	0.197300	0.189900	0.092000	0.113800	0.184000	0.163300	0.179300
1003814.4	0.223600	0.188000	0.193200	0.178800	0.166900	0.133000	0.189300	0.183000	0.204300	0.199800	0.082200	0.105600	0.182200	0.160700	0.181900
1008909.9	0.223400	0.187800	0.193200	0.179100	0.167200	0.135100	0.190000	0.182900	0.205000	0.199400	0.083000	0.105800	0.180200	0.158900	0.182100
1014005.4	0.220400	0.187000	0.190600	0.177400	0.166600	0.136100	0.190600	0.183300	0.199600	0.191700	0.086700	0.108500	0.181900	0.160600	0.180200
1019100.9	0.221200	0.187400	0.191900	0.178200	0.166200	0.135600	0.190000	0.181900	0.201200	0.194700	0.088200	0.109500	0.181200	0.162100	0.180900
1024196.4	0.218500	0.186100	0.190400	0.177000	0.167100	0.136900	0.191100	0.182500	0.198900	0.193100	0.087500	0.109500	0.181400	0.157300	0.179400
1029291.9	0.219600	0.186100	0.191000	0.177100	0.166800	0.136500	0.190300	0.182100	0.200700	0.193100	0.088600	0.110600	0.180200	0.159900	0.180700
1034387.4	0.223600	0.187700	0.191300	0.178100	0.164700	0.133500	0.189100	0.180600	0.204500	0.199300	0.084800	0.106800	0.179800	0.158500	0.180800
1039482.9	0.218000	0.185400	0.189400	0.176400	0.165600	0.134200	0.189900	0.181300	0.197000	0.188700	0.085800	0.107900	0.179900	0.159400	0.178900
1044578.4	0.218000	0.184600	0.188700	0.175700	0.165800	0.135700	0.190500	0.180800	0.195700	0.187700	0.087500	0.109600	0.180500	0.158300	0.179100
1049673.9	0.221300	0.188100	0.193200	0.177900	0.164600	0.131900	0.188300	0.179100	0.207800	0.203200	0.082700	0.104600	0.176500	0.153900	0.182100
1054769.4	0.217000	0.183900	0.188500	0.175000	0.165300	0.136100	0.190000	0.179500	0.195000	0.187900	0.090400	0.112000	0.180400	0.159600	0.178900
1059864.9	0.219000	0.185500	0.189900	0.175900	0.164000	0.132900	0.189300	0.178400	0.201400	0.195400	0.086300	0.107300	0.178500	0.158500	0.180400
1064960.4	0.218200	0.185300	0.190100	0.175300	0.162700	0.130000	0.187700	0.176900	0.202700	0.198200	0.081500	0.102000	0.176600	0.154600	0.181000
1070055.9	0.217800	0.184300	0.189000	0.175300	0.164100	0.134300	0.189200	0.178500	0.197900	0.191200	0.088800	0.109100	0.178100	0.158500	0.178500
1075151.4	0.215500	0.184900	0.188600	0.175300	0.164400	0.134400	0.190300	0.179500	0.198000	0.190800	0.086800	0.108400	0.176900	0.156900	0.179200
1080246.9	0.217000	0.183300	0.189300	0.174800	0.163800	0.133100	0.188300	0.176400	0.200200	0.195600	0.084300	0.106300	0.176500	0.154500	0.179400
1085342.4	0.218600	0.185300	0.191400	0.176300	0.163100	0.129900	0.187200	0.175600	0.205200	0.202100	0.082500	0.102700	0.173600	0.152600	0.181000
1090437.9	0.214900	0.184000	0.188900	0.175700	0.163000	0.131600	0.188900	0.177100	0.198700	0.191000	0.084400	0.105200	0.175500	0.153200	0.179700
1095533.4	0.215600	0.182900	0.187800	0.174200	0.162300	0.132900	0.188400	0.175500	0.198700	0.192700	0.085000	0.106200	0.175300	0.156700	0.178500
1100628.9	0.214100	0.182200	0.187400	0.174600	0.163700	0.134800	0.189100	0.176500	0.193600	0.187100	0.088000	0.109000	0.176600	0.156100	0.178000
1105724.4	0.213600	0.182200	0.186700	0.174300	0.162600	0.131900	0.188500	0.176200	0.195500	0.187800	0.082400	0.104800	0.176100	0.154100	0.177400
1110820.0	0.212900	0.180700	0.186500	0.173500	0.162600	0.133700	0.189500	0.174500	0.195600	0.188600	0.086700	0.107100	0.176300	0.156200	0.178000
1115915.5	0.211200	0.180900	0.186600	0.173300	0.163100	0.134500	0.189600	0.175100	0.193100	0.185600	0.087500	0.108600	0.174500	0.154300	0.177300
1121011.0	0.214300	0.181900	0.186500	0.171600	0.161000	0.134100	0.188700	0.173800	0.197200	0.192000	0.088600	0.108800	0.173500	0.157000	0.177000
1126106.5	0.211300	0.181600	0.186100	0.173300	0.162600	0.131000	0.188800	0.174700	0.194900	0.188000	0.083100	0.103300	0.173800	0.153800	0.177900
1131202.0	0.211400	0.182200	0.186600	0.173800	0.161700	0.132000	0.188300	0.174100	0.195500	0.188600	0.084600	0.105100	0.173700	0.152900	0.178100
1136297.5	0.212400	0.181800	0.187100	0.173800	0.162300	0.132700	0.189000	0.174000	0.194100	0.188700	0.087100	0.108000	0.173800	0.154500	0.178100
1141393.0	0.211400	0.182100	0.188000	0.174900	0.162200	0.130000	0.188500	0.174200	0.198400	0.192700	0.081700	0.103100	0.172200	0.148300	0.179400
1146488.5	0.211900	0.182400	0.186800	0.173300	0.160900	0.130300	0.187300	0.172300	0.198700	0.194300	0.083600	0.104800	0.171700	0.151400	0.178900
1151584.0	0.212400	0.180900	0.186300	0.172100	0.160200	0.128600	0.186500	0.172000	0.198600	0.192000	0.080900	0.101200	0.171500	0.149300	0.178400
1156679.5	0.211300	0.180000	0.185900	0.172300	0.160200	0.130100	0.187500	0.172200	0.196200	0.191500	0.082700	0.103000	0.171500	0.152000	0.178100
1161775.0	0.210700	0.178900	0.184600	0.171500	0.161000	0.131700	0.189900	0.173400	0.191500	0.184700	0.083300	0.103500	0.172700	0.153200	0.176600
1166870.5	0.220900	0.189200	0.193200	0.178900	0.166500	0.136600	0.190500	0.177400	0.209200	0.201800	0.085800	0.107100	0.178100	0.158500	0.181600
1171966.0	0.222700	0.193800	0.196900	0.181800	0.166300	0.135800	0.187900	0.180600	0.211600	0.205100	0.086900	0.108100	0.179100	0.160600	0.184000
1177061.5	0.222700	0.191400	0.195200	0.181000	0.167100	0.137900	0.188800	0.181500	0.206600	0.199000	0.086300	0.108600	0.180600	0.160200	0.182000
1182157.0	0.217700	0.189600	0.192200	0.179800	0.168200	0.143800	0.190300	0.182600	0.196700	0.184600	0.095900	0.117600	0.184200	0.164500	0.179800
1187252.5	0.222700	0.194400	0.196900	0.181900	0.167000	0.136000	0.188100	0.182200	0.212400	0.206200	0.085300	0.107200	0.180600	0.160100	0.183600
1192348.0	0.224300	0.196200	0.199400	0.183400	0.165400	0.135200	0.187200	0.180200	0.217600	0.215500	0.083600	0.106100	0.177000	0.158100	0.185800
1197443.5	0.218400	0.190400	0.195200	0.180700	0.166500	0.137700	0.188400	0.181500	0.204200	0.193700	0.088200	0.110400	0.180700	0.161700	0.182300
1202539.0	0.218800	0.189800	0.192800	0.177400	0.163500	0.138000	0.187000	0.176200	0.204800	0.199200	0.089900	0.109700	0.177700	0.158900	0.179800
1207634.5	0.219800	0.190900	0.194400	0.179400	0.164000	0.135800	0.185300	0.175800	0.210700	0.204800	0.086800	0.106800	0.178600	0.159500	0.182000
1212730.0	0.218500	0.189500	0.192700	0.177900	0.164600	0.138300	0.187200	0.176500	0.203000	0.195500	0.090200	0.109900	0.180400	0.157800	0.180500
1217825.5	0.216600	0.188700	0.192500	0.177400	0.164800	0.138400	0.186900	0.176500	0.203100	0.193700	0.090600	0.110400	0.181200	0.160200	0.180700
1222921.0	0.222000	0.198800	0.231300	0.185200	0.171100	0.144500	0.192200	0.180600	0.208900	0.198100	0.131500	0.116600	0.201400	0.183700	0.295000
1228016.5	0.230800	0.211300	0.261700	0.199300	0.181700	0.152700	0.200500	0.185200	0.226100	0.216200	0.163500	0.119800	0.225000	0.220300	0.391100
1233112.0	0.246500	0.222400	0.283700	0.216300	0.195100	0.163700	0.212200	0.194300	0.248800	0.243500	0.175300	0.124200	0.248900	0.264300	0.440900
1238207.5	0.255900	0.231200	0.298900	0.228200	0.205000	0.175800	0.224200	0.203900	0.262600	0.256000	0.184800	0.128300	0.272600	0.312600	0.479500
1243303.1	0.270500	0.244000	0.318000	0.241400	0.214000	0.183200	0.234300	0.213900	0.289700	0.287600	0.190400	0.132600	0.294600	0.362400	0.511600
1248398.6	0.272900	0.243900	0.317100	0.245900	0.224500	0.205700	0.249600	0.229200	0.279500	0.269500	0.216200	0.155000	0.313400	0.410500	0.508700
1253494.1	0.282400	0.253700	0.332000	0.256400	0.231700	0.207600	0.255700	0.238500	0.308600	0.306200	0.206300	0.152100	0.316300	0.428100	0.534100
1258589.6	0.295700	0.262800	0.345900	0.266300	0.239400	0.210400	0.263000	0.247000	0.335100	0.336200	0.195000	0.149500	0.315600	0.441800	0.557800
1263685.1	0.307400	0.270600	0.356400	0.276500	0.252400	0.225100	0.274700	0.255800	0.347200	0.351000	0.209300	0.165600	0.327600	0.462900	0.573700
1268780.6	0.316900	0.279800	0.370000	0.287400	0.259000	0.235800	0.283600	0.263100	0.366700	0.375800	0.209500	0.171300	0.330800	0.469800	0.594600
1273876.1	0.323600	0.277800	0.368500	0.286800	0.260500	0.250400	0.288200	0.267300	0.366800	0.374300	0.212800	0.176100	0.336000	0.476400	0.597000
1278971.6	0.332100	0.282400	0.373100	0.286900	0.261400	0.267000	0.295100	0.269700	0.375900	0.386400	0.218600	0.186600	0.342300	0.477900	0.611500
1284067.1	0.341600	0.283900	0.381700	0.286600	0.259500	0.273600	0.297400	0.268600	0.387200	0.403600	0.217500	0.190000	0.347200	0.479700	0.618800
1289162.6	0.353200	0.289200	0.386900	0.291500	0.262900	0.279300	0.304700	0.274100	0.396600	0.415800	0.219600	0.197000	0.349800	0.476100	0.633100
1294258.1	0.362400	0.296500	0.396400	0.297300	0.266400	0.277600	0.308400	0.277400	0.410400	0.430700	0.224900	0.204500	0.351900	0.470700	0.645100
1299353.6	0.372400	0.300000	0.401700	0.299400	0.267800	0.269600	0.309800	0.278300	0.426500	0.451900	0.215900	0.201400	0.350700	0.464600	0.649200
1304449.1	0.376700	0.300800	0.402700	0.298200	0.269000	0.286400	0.315700	0.279800	0.424800	0.447800	0.229000	0.215200	0.353500	0.474800	0.645600
1309544.6	0.379200	0.303100	0.403500	0.300900	0.269400	0.285100	0.319600	0.284700	0.421600	0.443000	0.221600	0.211600	0.355700	0.465700	0.649300
1314640.1	0.382000	0.300300	0.400800	0.299400	0.267800	0.287300	0.319400	0.284400	0.419700	0.439300	0.224800	0.217100	0.353600	0.461300	0.646200
1319735.6	0.385300	0.299900	0.396300	0.297700	0.270300	0.296900	0.322600	0.288100	0.409500	0.424000	0.229500	0.223400	0.356700	0.464000	0.639500
1324831.1	0.398400	0.305500	0.402200	0.303400	0.271000	0.291100	0.322400	0.289100	0.431700	0.454500	0.227000	0.221500	0.350200	0.451300	0.646300
1329926.6	0.403800	0.302000	0.400300	0.301700	0.274100	0.290100	0.323600	0.291400	0.429600	0.450100	0.236600	0.230100	0.354600	0.458700	0.639300
1335022.1	0.404100	0.302700	0.397900	0.305400	0.276800	0.282400	0.325300	0.294700	0.426700	0.447300	0.234800	0.228900	0.350100	0.450900	0.639100
1340117.6	0.409500	0.303700	0.400000	0.308400	0.280300	0.276200	0.325200	0.300500	0.436700	0.459600	0.231300	0.227000	0.348100	0.447200	0.639600
1345213.1	0.406700	0.302000	0.394900	0.305000	0.278800	0.276000	0.324700	0.302100	0.426900	0.445600	0.242400	0.231900	0.347400	0.448700	0.633500
1350308.6	0.419200	0.306900	0.401900	0.312500	0.280600	0.265700	0.323700	0.303700	0.448900	0.478000	0.221100	0.218100	0.337700	0.438600	0.642900
1355404.1	0.411200	0.300900	0.393300	0.308400	0.279200	0.262800	0.322200	0.300000	0.436700	0.466700	0.228700	0.220100	0.335400	0.435800	0.635000
1360499.6	0.415800	0.303200	0.398300	0.312000	0.281400	0.259000	0.322200	0.299900	0.444000	0.473600	0.225700	0.217300	0.330800	0.429700	0.641500
1365595.1	0.417200	0.300600	0.392400	0.312500	0.279900	0.257000	0.321500	0.298600	0.448800	0.480400	0.228600	0.219300	0.330000	0.430700	0.632600
1370690.6	0.418400	0.300600	0.392000	0.313000	0.280500	0.253500	0.321800	0.300100	0.449500	0.479500	0.224100	0.213400	0.328700	0.420600	0.634700
1375786.2	0.416100	0.298900	0.392500	0.313200	0.277900	0.251800	0.320900	0.298300	0.450200	0.480000	0.230100	0.218600	0.325900	0.421300	0.630000
1380881.7	0.417800	0.299400	0.393100	0.316500	0.279100	0.249600	0.320900	0.301200	0.451600	0.481700	0.229700	0.217800	0.325500	0.423300	0.635400
1385977.2	0.422700	0.304600	0.398600	0.320300	0.279900	0.248900	0.318900	0.304100	0.461100	0.491900	0.230500	0.218700	0.325800	0.426800	0.638800
1391072.7	0.423900	0.309400	0.401700	0.320500	0.277900	0.244100	0.315700	0.303600	0.470400	0.506600	0.229200	0.214800	0.319800	0.415900	0.643600
1396168.2	0.420800	0.304600	0.394400	0.319800	0.277900	0.243500	0.314600	0.302200	0.458000	0.492000	0.227700	0.212800	0.316900	0.414300	0.632600
1401263.7	0.421900	0.301900	0.393000	0.317700	0.274200	0.238200	0.311100	0.298900	0.457300	0.491500	0.225800	0.208400	0.312800	0.408800	0.630100
1406359.2	0.412300	0.293700	0.382400	0.307700	0.265600	0.231500	0.303000	0.291200	0.435700	0.459900	0.227400	0.206700	0.303500	0.376600	0.604000
1411454.7	0.392200	0.281500	0.358400	0.287600	0.250900	0.215500	0.286500	0.277800	0.394600	0.411900	0.216700	0.195300	0.290100	0.328100	0.555800
1416550.2	0.378500	0.275700	0.348400	0.276400	0.241200	0.202000	0.274200	0.267000	0.380000	0.394800	0.199200	0.181100	0.271200	0.283900	0.521400
1421645.7	0.359400	0.263800	0.329500	0.263100	0.231500	0.197100	0.264000	0.258900	0.345300	0.349500	0.206500	0.183100	0.261700	0.262700	0.484200
1426741.2	0.350000	0.261800	0.323700	0.257300	0.222900	0.181800	0.252900	0.248000	0.349200	0.358700	0.183500	0.162700	0.245900	0.232500	0.463500
1431836.7	0.337900	0.256700	0.311600	0.250300	0.218800	0.181400	0.248500	0.244300	0.326700	0.328600	0.186500	0.163900	0.238400	0.218800	0.436500
1436932.2	0.329100	0.248300	0.300400	0.241200	0.212100	0.174300	0.240200	0.237600	0.315200	0.316900	0.177600	0.157000	0.232000	0.212100	0.408700
1442027.7	0.322600	0.246200	0.293300	0.237600	0.206700	0.168500	0.235000	0.232000	0.310800	0.312100	0.169300	0.150300	0.224000	0.198300	0.389800
1447123.2	0.323000	0.244400	0.291000	0.234600	0.201900	0.165300	0.229500	0.226600	0.313100	0.317900	0.166100	0.148100	0.218200	0.192700	0.377000
1452218.7	0.306500	0.237300	0.276600	0.227900	0.199600	0.162400	0.226800	0.225600	0.287000	0.283400	0.161600	0.144500	0.216400	0.189300	0.351800
1457314.2	0.298400	0.236000	0.273600	0.224800	0.196700	0.161600	0.223100	0.220800	0.282500	0.279800	0.161100	0.143800	0.209600	0.182800	0.334100
1462409.7	0.296600	0.233900	0.268300	0.222800	0.194800	0.157300	0.219900	0.218700	0.283900	0.282900	0.150600	0.136500	0.205000	0.175800	0.319700
1467505.2	0.290400	0.230600	0.261800	0.219000	0.191100	0.155700	0.216700	0.212800	0.278100	0.274900	0.149500	0.136200	0.200900	0.175100	0.303900
1472600.7	0.280300	0.224600	0.253900	0.214500	0.187500	0.154500	0.213500	0.209700	0.267600	0.261000	0.150500	0.136600	0.198600	0.174400	0.289700
1477696.2	0.270900	0.220600	0.247900	0.211300	0.185600	0.150700	0.210500	0.205500	0.260800	0.254300	0.139500	0.130500	0.194000	0.167000	0.278300
1482791.7	0.266500	0.216000	0.241400	0.206900	0.183700	0.152700	0.209000	0.202900	0.248000	0.237000	0.142600	0.132900	0.192500	0.168300	0.268300
1487887.2	0.261400	0.213300	0.237500	0.205200	0.181200	0.151300	0.206900	0.198800	0.245100	0.235400	0.140500	0.133100	0.191100	0.168600	0.260900
1492982.7	0.257600	0.209500	0.232200	0.201100	0.178000	0.147100	0.202600	0.193200	0.245100	0.236900	0.129200	0.125300	0.183300	0.164100	0.253200
1498078.2	0.254300	0.205500	0.227300	0.195800	0.170900	0.141900	0.196500	0.185300	0.244300	0.239700	0.125000	0.121200	0.179200	0.161000	0.248400
1503173.7	0.245900	0.200000	0.220200	0.192200	0.169900	0.141200	0.194800	0.180900	0.233600	0.226000	0.122200	0.121900	0.176500	0.160000	0.239100
1508269.3	0.240600	0.193600	0.212900	0.187100	0.166600	0.141800	0.192800	0.175400	0.225300	0.217200	0.124000	0.123500	0.172800	0.156200	0.231400
1513364.8	0.233800	0.190700	0.209400	0.185300	0.163800	0.136500	0.189200	0.169600	0.224900	0.216000	0.113800	0.116900	0.168000	0.150800	0.228500
1518460.3	0.228900	0.185400	0.204100	0.182000	0.160400	0.134400	0.185100	0.164700	0.220800	0.213000	0.107700	0.113300	0.163000	0.147600	0.222800
1523555.8	0.220700	0.179900	0.196600	0.176800	0.159600	0.136000	0.184800	0.162500	0.203800	0.191300	0.113200	0.118200	0.162500	0.151000	0.214500
1528651.3	0.216300	0.176700	0.193600	0.174900	0.157100	0.134100	0.182700	0.158700	0.202500	0.191300	0.108500	0.114100	0.159900	0.148500	0.211800
1533746.8	0.214100	0.175100	0.192100	0.174400	0.156000	0.129000	0.179400	0.155400	0.203600	0.194000	0.098500	0.107000	0.155800	0.143800	0.210800
1538842.3	0.209000	0.173900	0.190400	0.173600	0.153900	0.128500	0.178100	0.153500	0.202300	0.191600	0.097200	0.106500	0.152700	0.140700	0.208100
1543937.8	0.207300	0.171800	0.185500	0.170900	0.154200	0.131600	0.179100	0.151700	0.193600	0.182000	0.104100	0.110800	0.153900	0.144000	0.204400
1549033.3	0.203300	0.168900	0.183600	0.170200	0.153700	0.130600	0.177900	0.151100	0.191100	0.177600	0.100900	0.109200	0.152100	0.142100	0.202400
1554128.8	0.199300	0.168800	0.182400	0.168500	0.153300	0.130800	0.177400	0.149500	0.186600	0.174000	0.100100	0.109000	0.151000	0.142200	0.200600
1559224.3	0.199900	0.167400	0.180600	0.167600	0.151300	0.127000	0.175400	0.147700	0.188100	0.178200	0.094600	0.104000	0.148900	0.140700	0.199000
1564319.8	0.196700	0.165100	0.178900	0.166400	0.152700	0.131800	0.176800	0.147600	0.182400	0.169000	0.101700	0.110200	0.150800	0.141900	0.196100
1569415.3	0.194500	0.165400	0.178600	0.167200	0.151800	0.126900	0.174600	0.146700	0.184300	0.170400	0.093200	0.103100	0.147500	0.140100	0.196400
1574510.8	0.196900	0.167000	0.179400	0.167600	0.152000	0.128100	0.174400	0.146000	0.186400	0.175400	0.095000	0.104500	0.146200	0.139100	0.196400
1579606.3	0.194900	0.165100	0.179800	0.166400	0.150500	0.125200	0.173000	0.145300	0.187000	0.176500	0.090400	0.101200	0.145400	0.135500	0.196000
1584701.8	0.193200	0.164400	0.176700	0.164500	0.147100	0.124200	0.171100	0.143100	0.185600	0.175000	0.089900	0.100200	0.143900	0.136200	0.193200
1589797.3	0.191300	0.163100	0.175300	0.164200	0.149600	0.127000	0.173100	0.144100	0.180400	0.169900	0.093700	0.103000	0.144900	0.138200	0.191200
1594892.8	0.190800	0.163900	0.175700	0.164200	0.147300	0.121700	0.170500	0.142400	0.182800	0.173000	0.085700	0.097300	0.143400	0.134100	0.192800
1599988.3	0.190200	0.161600	0.174200	0.162900	0.148600	0.128000	0.172300	0.142500	0.177200	0.164300	0.095500	0.105200	0.145900	0.140300	0.189200
1605083.8	0.188000	0.161200	0.173000	0.162300	0.148400	0.129100	0.172100	0.142600	0.174900	0.163200	0.094800	0.104800	0.145600	0.140900	0.188500
1610179.3	0.191800	0.165400	0.177500	0.166200	0.147300	0.120500	0.168200	0.140900	0.189700	0.182200	0.084000	0.095200	0.140600	0.131800	0.192600
1615274.8	0.187900	0.160700	0.172800	0.162900	0.148500	0.127900	0.170900	0.141100	0.178600	0.165500	0.092800	0.102400	0.143700	0.139900	0.187800
1620370.3	0.188400	0.161400	0.175300	0.164600	0.148200	0.126200	0.169600	0.141700	0.181600	0.169800	0.090100	0.101000	0.143200	0.134600	0.189900
