VERSION	1200
Time[MSec.]	Ratio	Ratio	Ratio	Ratio	Ratio	Ratio	Ratio	Ratio	Ratio	Ratio	Ratio	Ratio	Ratio	Ratio	Ratio	Ratio	Ratio	Ratio	Ratio	Ratio
%.1f	%.4f	%.4f	%.4f	%.4f	%.4f	%.4f	%.4f	%.4f	%.4f	%.4f	%.4f	%.4f	%.4f	%.4f	%.4f	%.4f	%.4f	%.4f	%.4f	%.4f
Time	ROI(1-1)	ROI(1-2)	ROI(1-3)	ROI(1-4)	ROI(1-5)	ROI(1-6)	ROI(1-7)	ROI(1-8)	ROI(1-9)	ROI(1-10)	ROI(1-11)	ROI(1-12)	ROI(1-13)	ROI(1-14)	ROI(1-15)	ROI(1-16)	ROI(1-17)	ROI(1-18)	ROI(1-19)	ROI(1-20)
GraphNo	1	2	3	4	5	6	7	8	9	10	11	12	13	14	15	16	17	18	19	20
0.0	0.187000	0.168600	0.146600	0.115000	0.125500	0.084900	0.191600	0.191900	0.180300	0.194100	0.207700	0.205900	0.175800	0.179700	0.196500	0.171300	0.174100	0.178200	0.164200	0.202700
4957.8	0.187900	0.169100	0.146300	0.115100	0.125500	0.083500	0.193500	0.193700	0.182300	0.196000	0.207900	0.205700	0.180600	0.181000	0.196900	0.171500	0.175100	0.179100	0.165000	0.205200
9915.6	0.185900	0.166800	0.145900	0.115800	0.127100	0.085000	0.192500	0.191400	0.181000	0.195800	0.207300	0.203100	0.179300	0.179500	0.195400	0.170700	0.173900	0.177200	0.163700	0.201800
14873.4	0.186300	0.165700	0.142200	0.108900	0.117900	0.077500	0.193000	0.193700	0.183300	0.198100	0.207300	0.200500	0.183500	0.180900	0.196200	0.172200	0.175300	0.178700	0.164300	0.204300
19831.2	0.186200	0.167300	0.146400	0.117000	0.127200	0.085500	0.192200	0.191800	0.182200	0.195100	0.206900	0.199500	0.177900	0.179400	0.196300	0.171900	0.173300	0.178000	0.163900	0.201800
24788.9	0.186200	0.166000	0.144300	0.113200	0.123600	0.081300	0.193900	0.193400	0.184800	0.197300	0.208500	0.198500	0.182600	0.180900	0.196400	0.172500	0.175200	0.179900	0.164200	0.203700
29746.7	0.185800	0.166200	0.145000	0.113200	0.123200	0.081000	0.192600	0.193700	0.184600	0.197900	0.209000	0.197300	0.182500	0.180700	0.195600	0.172400	0.175000	0.179300	0.163700	0.203600
34704.5	0.186800	0.167300	0.145900	0.114600	0.125200	0.082700	0.192500	0.192200	0.184400	0.196100	0.207300	0.194900	0.180000	0.179700	0.194900	0.171200	0.173600	0.177500	0.163200	0.202500
39662.3	0.186200	0.167200	0.146900	0.115300	0.126100	0.085100	0.191800	0.192300	0.183800	0.197200	0.208400	0.193900	0.178900	0.179200	0.194900	0.171800	0.173800	0.177400	0.162900	0.202500
44620.1	0.186400	0.166800	0.146100	0.114500	0.125000	0.084200	0.191800	0.192600	0.182700	0.198100	0.208500	0.193400	0.179800	0.179400	0.194800	0.171800	0.174000	0.176000	0.163100	0.202800
49577.9	0.187900	0.167500	0.147200	0.115600	0.126900	0.084600	0.192900	0.194000	0.184700	0.198800	0.208200	0.192100	0.181500	0.179900	0.194900	0.172200	0.174700	0.176600	0.163000	0.204100
54535.7	0.186700	0.166200	0.144800	0.111000	0.121000	0.080200	0.193600	0.196100	0.183900	0.200400	0.208400	0.191600	0.184700	0.181300	0.195000	0.172500	0.174900	0.177300	0.163500	0.204300
59493.5	0.187200	0.168200	0.147400	0.113200	0.123900	0.082800	0.191500	0.193400	0.182100	0.196200	0.208300	0.190200	0.175900	0.178900	0.195600	0.171700	0.173300	0.175400	0.162900	0.200800
64451.3	0.186600	0.167100	0.144800	0.110100	0.120000	0.079000	0.193300	0.195100	0.184700	0.199400	0.211100	0.190200	0.184400	0.180200	0.194500	0.171900	0.174100	0.176300	0.163100	0.204300
69409.1	0.186400	0.167200	0.144900	0.110200	0.119900	0.078400	0.193200	0.195600	0.183600	0.199600	0.210700	0.189800	0.185000	0.181000	0.194300	0.171700	0.174300	0.175800	0.162100	0.205100
74366.8	0.187700	0.169400	0.145400	0.112000	0.122900	0.081800	0.192800	0.198200	0.186200	0.200400	0.210100	0.190500	0.183800	0.181500	0.194200	0.172900	0.175800	0.177100	0.162900	0.205500
79324.6	0.215400	0.385200	0.158200	0.134700	0.135200	0.083500	0.202400	0.208000	0.197500	0.204500	0.216700	0.200000	0.188600	0.204400	0.439300	0.323500	0.227000	0.193400	0.215100	0.210000
84282.4	0.245800	0.381200	0.180000	0.209000	0.145900	0.082800	0.488200	0.584700	0.601100	0.326200	0.249100	0.335300	0.367700	0.255100	0.354900	0.321600	0.372300	0.392400	0.263800	0.289800
89240.2	0.436000	0.452100	0.186300	0.264900	0.173400	0.170300	0.407800	0.350100	0.352600	0.421500	0.359300	0.315600	0.336900	0.410400	0.365400	0.331000	0.317600	0.345700	0.251400	0.429700
94198.0	0.459100	0.427700	0.198600	0.217000	0.180700	0.196700	0.369100	0.314300	0.289700	0.317400	0.350500	0.301700	0.332200	0.313200	0.375000	0.329100	0.323500	0.337000	0.251500	0.310700
99155.8	0.326600	0.375700	0.186100	0.226600	0.155800	0.128100	0.433300	0.616500	0.286300	0.309500	0.355500	0.315800	0.369300	0.333700	0.375100	0.342200	0.364500	0.361600	0.254600	0.293700
104113.6	0.285700	0.424800	0.186800	0.198900	0.159000	0.120900	0.331200	0.332800	0.301600	0.338700	0.365800	0.326100	0.363000	0.355600	0.355300	0.325300	0.323800	0.346600	0.252400	0.263400
109071.4	0.265300	0.367900	0.184400	0.217400	0.158900	0.112300	0.357100	0.280700	0.537900	0.374000	0.382900	0.335800	0.385400	0.339800	0.352300	0.316100	0.327400	0.365200	0.254100	0.257100
114029.2	0.256700	0.399500	0.182700	0.201600	0.152300	0.106300	0.375800	0.268200	0.325500	0.376400	0.391500	0.340700	0.384300	0.319800	0.361700	0.317700	0.322300	0.373600	0.258100	0.243500
118986.9	0.247100	0.375000	0.178000	0.198800	0.145900	0.098000	0.333800	0.267500	0.264500	0.348100	0.405400	0.345500	0.399800	0.321000	0.349900	0.308900	0.333200	0.363300	0.256600	0.239500
123944.7	0.245100	0.388400	0.179500	0.198800	0.148300	0.097600	0.356400	0.271500	0.245300	0.317500	0.418800	0.349400	0.387700	0.322200	0.342100	0.306500	0.322600	0.369000	0.255600	0.235000
128902.5	0.243000	0.387200	0.182300	0.199300	0.153300	0.100700	0.360800	0.268100	0.235400	0.293400	0.426000	0.354000	0.378200	0.312300	0.342100	0.300600	0.319700	0.373300	0.256100	0.231100
133860.3	0.239800	0.377400	0.177800	0.195100	0.146000	0.094000	0.362200	0.270300	0.232000	0.284000	0.434700	0.358700	0.382700	0.305200	0.329900	0.293600	0.321000	0.375500	0.254600	0.231500
138818.1	0.238900	0.379000	0.177300	0.187300	0.143700	0.091800	0.352500	0.270600	0.231600	0.277900	0.443800	0.362000	0.397100	0.293700	0.321400	0.286400	0.321400	0.372700	0.253100	0.231600
143775.9	0.235800	0.368500	0.178200	0.190000	0.143400	0.091300	0.353600	0.268100	0.229000	0.267400	0.448500	0.358600	0.402100	0.282300	0.315200	0.279500	0.319800	0.373400	0.251600	0.228100
148733.7	0.235700	0.369100	0.174300	0.182400	0.139800	0.088000	0.349700	0.273500	0.230800	0.270800	0.461400	0.358800	0.432200	0.283600	0.312100	0.278000	0.327200	0.375300	0.252900	0.233000
153691.5	0.234900	0.369000	0.177400	0.184700	0.142800	0.090600	0.348800	0.268100	0.229400	0.261700	0.467800	0.352900	0.429400	0.274400	0.304600	0.271400	0.327100	0.370100	0.249900	0.228400
158649.3	0.232900	0.367300	0.179300	0.188400	0.144200	0.090200	0.335900	0.261900	0.227000	0.255100	0.473700	0.349200	0.440800	0.263000	0.299800	0.267300	0.330200	0.361100	0.249900	0.225800
163607.0	0.230200	0.360800	0.178900	0.187800	0.141700	0.089900	0.324000	0.256500	0.224000	0.252300	0.479100	0.346400	0.458600	0.256200	0.293300	0.262800	0.334400	0.350500	0.247800	0.222400
168564.8	0.229400	0.357000	0.177300	0.180700	0.139200	0.088900	0.320000	0.256900	0.225000	0.252800	0.491400	0.343700	0.487000	0.253600	0.288800	0.260400	0.338500	0.349100	0.248200	0.225400
173522.6	0.229100	0.352800	0.176500	0.176100	0.134700	0.084600	0.313300	0.256100	0.227800	0.257700	0.498100	0.338500	0.522100	0.254000	0.286600	0.260100	0.348900	0.347900	0.248400	0.227800
178480.4	0.228800	0.345600	0.179600	0.175800	0.137000	0.086400	0.306500	0.250900	0.224900	0.252400	0.499900	0.331500	0.534000	0.252000	0.285100	0.258600	0.353000	0.341000	0.248100	0.223400
183438.2	0.228000	0.349600	0.178700	0.185200	0.135700	0.085400	0.307400	0.249700	0.225300	0.254000	0.510500	0.323900	0.566500	0.253400	0.288300	0.260200	0.356100	0.343200	0.249800	0.225400
188396.0	0.225800	0.329700	0.179100	0.172600	0.134800	0.085200	0.294900	0.247500	0.223300	0.249500	0.513600	0.313000	0.568700	0.249600	0.274200	0.254300	0.354000	0.330900	0.246500	0.223400
193353.8	0.224800	0.342100	0.182100	0.179700	0.140800	0.089700	0.285300	0.243100	0.223000	0.245600	0.516700	0.299400	0.578500	0.249700	0.277500	0.255000	0.352500	0.322200	0.248800	0.220200
198311.6	0.223800	0.329900	0.183000	0.177400	0.139400	0.088600	0.275800	0.239700	0.219300	0.241800	0.516300	0.286100	0.569500	0.247200	0.279400	0.255500	0.353100	0.313200	0.250100	0.217200
203269.4	0.222900	0.332000	0.184700	0.181500	0.144500	0.092900	0.265200	0.237500	0.217900	0.237100	0.517100	0.276200	0.567900	0.245200	0.277400	0.254400	0.350500	0.303800	0.248700	0.214200
208227.1	0.219000	0.310500	0.177900	0.168100	0.135200	0.085000	0.258300	0.239200	0.218500	0.245400	0.522000	0.266400	0.600400	0.249100	0.272000	0.252700	0.349700	0.293300	0.250000	0.218100
213184.9	0.214600	0.291500	0.179400	0.166600	0.136900	0.085700	0.246400	0.234600	0.217100	0.239000	0.516700	0.251800	0.578000	0.244000	0.261300	0.245300	0.338000	0.277700	0.244800	0.213400
218142.7	0.210200	0.268300	0.179200	0.166500	0.141600	0.092200	0.238600	0.228600	0.214700	0.232900	0.498000	0.234400	0.565200	0.237100	0.243000	0.232300	0.317900	0.263900	0.233800	0.211700
223100.5	0.208300	0.255800	0.172700	0.146100	0.128300	0.081900	0.231300	0.226700	0.213300	0.234100	0.486000	0.223900	0.566700	0.235100	0.228700	0.223900	0.305400	0.252800	0.223700	0.214600
228058.3	0.209900	0.271400	0.171500	0.140100	0.125300	0.079500	0.225000	0.222700	0.211000	0.230800	0.473100	0.217700	0.553900	0.233000	0.224900	0.219900	0.292000	0.245200	0.220900	0.212200
233016.1	0.207000	0.261600	0.169900	0.135900	0.123200	0.079500	0.219300	0.218700	0.207500	0.226000	0.455300	0.212000	0.532100	0.228900	0.221000	0.216500	0.276900	0.236700	0.216800	0.208400
237973.9	0.205000	0.246400	0.169100	0.135200	0.124900	0.080100	0.217000	0.216100	0.208000	0.223200	0.440000	0.209600	0.514100	0.224400	0.218300	0.212900	0.264500	0.231200	0.213700	0.207800
242931.7	0.203300	0.233000	0.169300	0.140900	0.132300	0.087300	0.215600	0.214600	0.208900	0.221200	0.425700	0.207100	0.505600	0.220800	0.216000	0.211000	0.254000	0.225800	0.211000	0.209500
247889.5	0.200300	0.219700	0.165900	0.136400	0.127900	0.084100	0.215200	0.214300	0.206200	0.221800	0.414300	0.205800	0.497400	0.218800	0.214200	0.209300	0.247600	0.222500	0.207600	0.208700
252847.2	0.197700	0.211800	0.163800	0.132600	0.124000	0.081100	0.212600	0.209900	0.203400	0.217300	0.401500	0.203500	0.470100	0.213300	0.212400	0.205200	0.238900	0.217500	0.202900	0.206900
257805.0	0.196600	0.207600	0.162600	0.132000	0.125100	0.080900	0.207600	0.207100	0.201900	0.213800	0.390700	0.202600	0.447600	0.210100	0.211200	0.202900	0.231500	0.212400	0.200600	0.204300
262762.8	0.194700	0.202000	0.160000	0.130500	0.123900	0.081400	0.208200	0.208100	0.201000	0.214900	0.385700	0.201600	0.441500	0.209300	0.209900	0.201800	0.229400	0.211600	0.198000	0.203700
267720.6	0.195500	0.201700	0.161600	0.132100	0.126500	0.082500	0.207300	0.206900	0.200800	0.213600	0.377700	0.202400	0.429300	0.207800	0.210400	0.202000	0.227500	0.210700	0.196000	0.204700
272678.4	0.196600	0.201400	0.160800	0.129600	0.124800	0.080800	0.208800	0.208700	0.202500	0.214000	0.373300	0.202800	0.422700	0.207600	0.212500	0.202400	0.227000	0.211700	0.195700	0.205000
277636.2	0.196500	0.199500	0.158300	0.125500	0.121100	0.077600	0.211700	0.211300	0.204900	0.217200	0.366400	0.203900	0.426400	0.209000	0.212000	0.203000	0.226800	0.213600	0.194900	0.208100
282594.0	0.196500	0.197800	0.158500	0.126800	0.122900	0.079800	0.210600	0.210300	0.204100	0.216600	0.355700	0.204400	0.413600	0.208100	0.211100	0.201300	0.222900	0.212600	0.191700	0.207600
287551.8	0.196200	0.197300	0.159500	0.130500	0.127900	0.083900	0.209600	0.207900	0.202200	0.212400	0.344300	0.202900	0.393000	0.205600	0.210400	0.199100	0.219400	0.211900	0.189700	0.204500
292509.6	0.195300	0.192800	0.155600	0.123500	0.121300	0.078700	0.209200	0.207500	0.201700	0.214100	0.334300	0.201900	0.390900	0.204400	0.208200	0.197000	0.216900	0.211000	0.187100	0.206200
297467.4	0.194500	0.191400	0.153600	0.121200	0.119100	0.077100	0.210700	0.208300	0.204000	0.215300	0.326100	0.201400	0.385700	0.204500	0.207500	0.197000	0.215000	0.211300	0.186300	0.207700
302425.1	0.194700	0.191600	0.159000	0.128900	0.128000	0.083900	0.208100	0.204100	0.198300	0.207900	0.319000	0.201600	0.350500	0.201000	0.207600	0.195300	0.210100	0.208500	0.184500	0.200300
307382.9	0.194100	0.188900	0.155600	0.124400	0.123700	0.081500	0.209400	0.207100	0.202200	0.212300	0.311800	0.201100	0.363100	0.201400	0.206200	0.194500	0.209600	0.208900	0.183600	0.206000
312340.7	0.193900	0.189100	0.156500	0.125700	0.125200	0.082300	0.208600	0.205500	0.202500	0.210600	0.306600	0.201000	0.349800	0.200500	0.205500	0.193300	0.208400	0.208800	0.182700	0.204600
317298.5	0.194000	0.186200	0.152400	0.120900	0.120000	0.078200	0.209200	0.206600	0.202900	0.212800	0.302700	0.202400	0.350700	0.200600	0.204400	0.192700	0.208400	0.208400	0.182000	0.207400
322256.3	0.195500	0.188100	0.155800	0.127100	0.126900	0.083300	0.208800	0.205700	0.199500	0.208900	0.296800	0.202600	0.328000	0.198900	0.203400	0.191100	0.205100	0.207000	0.180900	0.203200
327214.1	0.193400	0.184500	0.153000	0.123200	0.123400	0.080700	0.206600	0.204900	0.199700	0.211100	0.291900	0.201600	0.321200	0.199100	0.201300	0.189600	0.204600	0.205900	0.179200	0.205000
332171.9	0.194400	0.185400	0.154800	0.124800	0.125200	0.082800	0.206100	0.204000	0.199300	0.208800	0.286900	0.201400	0.307200	0.197300	0.201300	0.188700	0.202700	0.204700	0.178800	0.203900
337129.7	0.194700	0.184400	0.154200	0.123500	0.124400	0.083200	0.206800	0.205100	0.200000	0.211400	0.283800	0.201100	0.305100	0.198200	0.200500	0.188100	0.202700	0.205400	0.178000	0.205000
342087.4	0.193500	0.182700	0.152800	0.120900	0.121900	0.080000	0.205900	0.204200	0.200400	0.210400	0.279000	0.198300	0.301200	0.197400	0.198800	0.186800	0.200300	0.203600	0.176800	0.205800
347045.2	0.194700	0.185500	0.156500	0.127400	0.129000	0.086100	0.202200	0.200500	0.198500	0.205300	0.273800	0.197900	0.278100	0.193900	0.198700	0.185500	0.197100	0.200900	0.175900	0.201100
352003.0	0.193700	0.181100	0.150700	0.117600	0.118800	0.077200	0.204500	0.204800	0.199500	0.212100	0.272000	0.197800	0.295400	0.196300	0.197400	0.185400	0.199000	0.202500	0.175500	0.207200
356960.8	0.193300	0.183000	0.155600	0.125800	0.128500	0.085600	0.202000	0.202100	0.198500	0.206800	0.266300	0.196100	0.278100	0.193700	0.196100	0.183400	0.196500	0.200000	0.174000	0.204200
361918.6	0.194000	0.182100	0.153600	0.123200	0.126100	0.083300	0.202900	0.203100	0.198400	0.208200	0.263600	0.195300	0.275500	0.194300	0.195800	0.183700	0.196300	0.200100	0.173300	0.205100
366876.4	0.194600	0.183100	0.155600	0.124600	0.127300	0.084600	0.202300	0.202800	0.197600	0.206200	0.260800	0.195000	0.263700	0.192700	0.196000	0.183300	0.195800	0.199900	0.173300	0.203900
371834.2	0.194400	0.182300	0.154400	0.122900	0.126500	0.082400	0.202700	0.204900	0.199100	0.208100	0.258600	0.193900	0.263900	0.194100	0.196400	0.183600	0.196600	0.199800	0.173200	0.206700
376792.0	0.193000	0.179600	0.150600	0.116300	0.119500	0.076800	0.204300	0.206300	0.199600	0.212600	0.257500	0.193700	0.273300	0.195100	0.195100	0.183500	0.197200	0.200600	0.173400	0.211100
381749.8	0.191600	0.179200	0.150300	0.116200	0.120100	0.077600	0.201100	0.201900	0.198100	0.208000	0.255300	0.193300	0.259000	0.192700	0.194800	0.181900	0.193200	0.197500	0.171900	0.206300
386707.6	0.189900	0.177600	0.150000	0.117500	0.121700	0.078800	0.200600	0.201700	0.197100	0.207500	0.252500	0.191900	0.255800	0.191300	0.192500	0.180300	0.191400	0.197200	0.170600	0.205300
391665.3	0.191000	0.179500	0.151300	0.119800	0.125600	0.082800	0.200600	0.201000	0.196700	0.206300	0.250300	0.192400	0.250800	0.191100	0.192000	0.180000	0.190600	0.197500	0.169700	0.206200
396623.1	0.191200	0.178400	0.149900	0.115300	0.120900	0.077900	0.200700	0.202300	0.196700	0.207900	0.249400	0.191700	0.249500	0.190900	0.192500	0.180200	0.190800	0.196800	0.169800	0.206300
401580.9	0.189500	0.177000	0.149300	0.118400	0.124700	0.081500	0.198600	0.201000	0.196100	0.205500	0.245800	0.189500	0.243800	0.189400	0.191100	0.179000	0.189200	0.194800	0.168200	0.204700
406538.7	0.192500	0.179500	0.151700	0.119900	0.126300	0.082400	0.200100	0.203100	0.198000	0.207100	0.245200	0.190300	0.245800	0.191100	0.191900	0.179600	0.190300	0.195700	0.169000	0.206000
411496.5	0.193700	0.178000	0.149600	0.116800	0.123500	0.080600	0.200200	0.204300	0.197700	0.209000	0.241000	0.192000	0.244900	0.194800	0.190200	0.179500	0.189700	0.195200	0.169200	0.207100
416454.3	0.196600	0.178400	0.150500	0.117500	0.124400	0.079300	0.198600	0.204400	0.197000	0.206900	0.237800	0.192300	0.240400	0.195800	0.188900	0.178900	0.188100	0.193400	0.168900	0.205300
421412.1	0.195100	0.178200	0.148500	0.116400	0.123500	0.080200	0.196900	0.201400	0.195500	0.204900	0.232800	0.188800	0.232300	0.192800	0.185300	0.175700	0.185300	0.192200	0.165900	0.204800
426369.9	0.194800	0.179200	0.151000	0.120500	0.128400	0.084700	0.194600	0.197800	0.192000	0.199000	0.228500	0.185700	0.218300	0.188900	0.183500	0.173000	0.182000	0.189100	0.164700	0.199700
431327.7	0.193300	0.174900	0.145500	0.111700	0.119400	0.077000	0.197000	0.202100	0.193900	0.206000	0.229800	0.185400	0.230100	0.192000	0.182700	0.173900	0.184800	0.189800	0.165200	0.204900
436285.4	0.193400	0.176400	0.147400	0.112700	0.120300	0.078400	0.195800	0.199900	0.192800	0.202000	0.227700	0.184700	0.220000	0.188900	0.182500	0.172800	0.181900	0.189500	0.164500	0.201600
441243.2	0.194900	0.177800	0.147700	0.113200	0.121300	0.079700	0.195900	0.201100	0.194900	0.202300	0.225300	0.182800	0.217800	0.188100	0.181600	0.172300	0.181200	0.189500	0.163600	0.203700
446201.0	0.193200	0.177500	0.146900	0.112900	0.121200	0.079800	0.195300	0.200300	0.193700	0.203300	0.225100	0.181900	0.220700	0.188000	0.180800	0.171900	0.182300	0.188300	0.163400	0.204600
451158.8	0.191700	0.177500	0.149500	0.116200	0.125500	0.083000	0.192100	0.196700	0.190200	0.198100	0.221400	0.180500	0.208200	0.185700	0.179400	0.170200	0.180300	0.186100	0.162000	0.198200
456116.6	0.193300	0.180100	0.150700	0.119100	0.128600	0.086900	0.193100	0.198200	0.191400	0.197700	0.220700	0.180300	0.205200	0.185200	0.179900	0.170600	0.182800	0.186400	0.162300	0.200500
461074.4	0.192700	0.177300	0.146800	0.112100	0.121700	0.079000	0.195200	0.202300	0.193300	0.202100	0.222000	0.180400	0.215600	0.188300	0.179900	0.172100	0.194100	0.187700	0.162800	0.203900
466032.2	0.192700	0.178000	0.149300	0.118500	0.129000	0.086300	0.193100	0.202900	0.192500	0.198400	0.219700	0.179100	0.204600	0.186100	0.179700	0.171300	0.221800	0.189400	0.162400	0.200000
470990.0	0.192400	0.176700	0.146100	0.111100	0.120100	0.077900	0.195100	0.204900	0.193200	0.202200	0.219900	0.178800	0.210700	0.188000	0.180300	0.172100	0.213700	0.190700	0.163000	0.203900
475947.7	0.192500	0.175700	0.144800	0.108900	0.117700	0.076300	0.195900	0.206300	0.193600	0.205900	0.220600	0.178000	0.217600	0.189200	0.180400	0.172900	0.202700	0.189700	0.163300	0.207500
480905.5	0.191900	0.177800	0.148400	0.115100	0.124700	0.083100	0.193600	0.200500	0.190900	0.199200	0.217400	0.176700	0.204700	0.186800	0.179600	0.170600	0.187100	0.185500	0.162300	0.202100
485863.3	0.191800	0.176900	0.147700	0.116700	0.127000	0.084300	0.191700	0.197300	0.190800	0.198800	0.215600	0.175600	0.202300	0.186600	0.179200	0.170100	0.179900	0.183000	0.161800	0.200500
490821.1	0.191200	0.175400	0.147600	0.114300	0.123600	0.081600	0.189500	0.195900	0.186800	0.197700	0.215700	0.176200	0.195900	0.186500	0.179700	0.170100	0.176400	0.181500	0.162500	0.198700
495778.9	0.191400	0.175500	0.145700	0.112900	0.122700	0.080900	0.191100	0.196600	0.191800	0.198900	0.214500	0.173900	0.201000	0.186900	0.179200	0.169800	0.176000	0.182400	0.161700	0.201900
500736.7	0.192200	0.177100	0.149200	0.117500	0.127500	0.085500	0.189200	0.195200	0.190100	0.195700	0.213000	0.173400	0.194900	0.185600	0.178900	0.169000	0.174400	0.180600	0.161500	0.198100
505694.5	0.191100	0.174300	0.145300	0.111700	0.120400	0.079500	0.192200	0.197900	0.192000	0.200400	0.214100	0.173600	0.203100	0.187500	0.178400	0.170100	0.175800	0.182500	0.162000	0.202400
510652.3	0.190700	0.173900	0.144500	0.111500	0.120800	0.080000	0.191500	0.197700	0.191100	0.201400	0.213600	0.173100	0.205900	0.187400	0.178100	0.169400	0.176000	0.181600	0.160700	0.201300
515610.1	0.190600	0.174000	0.143400	0.111100	0.120800	0.079100	0.190900	0.198600	0.190400	0.200600	0.212300	0.172100	0.202900	0.186800	0.177600	0.168800	0.175500	0.182400	0.160700	0.202100
520567.8	0.190000	0.174600	0.144700	0.111900	0.121700	0.080200	0.191100	0.197500	0.189500	0.200100	0.212800	0.172300	0.203200	0.186300	0.177800	0.169100	0.175600	0.182900	0.161300	0.201000
525525.6	0.190900	0.175600	0.144300	0.109400	0.119200	0.077000	0.191200	0.197600	0.190900	0.200800	0.211700	0.171400	0.201700	0.186000	0.178300	0.169100	0.175000	0.182200	0.160900	0.202700
530483.4	0.191000	0.174600	0.142100	0.107400	0.116200	0.075100	0.192200	0.199600	0.192400	0.203500	0.212400	0.170400	0.208600	0.188500	0.178100	0.169700	0.175400	0.182800	0.161200	0.205800
535441.2	0.190200	0.175900	0.145400	0.112600	0.121300	0.079900	0.190200	0.195900	0.189400	0.198500	0.209700	0.170300	0.195700	0.185900	0.177400	0.167900	0.173500	0.181600	0.160000	0.199700
540399.0	0.188500	0.172900	0.141400	0.106700	0.115100	0.073900	0.190100	0.197300	0.189900	0.202100	0.210000	0.170100	0.205900	0.187400	0.177100	0.168300	0.174800	0.182300	0.160100	0.203300
545356.8	0.190400	0.176100	0.144600	0.111900	0.120900	0.079300	0.192200	0.198700	0.191400	0.201600	0.211600	0.171200	0.200900	0.188200	0.177800	0.168900	0.175400	0.184100	0.160700	0.203600
550314.6	0.190900	0.178500	0.148700	0.118300	0.128900	0.085700	0.189200	0.194800	0.189600	0.195100	0.209600	0.171100	0.188200	0.185300	0.177700	0.167900	0.173000	0.182400	0.159700	0.199000
555272.4	0.189100	0.175300	0.145400	0.111500	0.121300	0.079500	0.189700	0.196200	0.189200	0.198700	0.209300	0.170400	0.196100	0.187400	0.176800	0.168700	0.174000	0.182900	0.159500	0.201200
560230.2	0.189400	0.174600	0.143100	0.109400	0.118900	0.077200	0.192400	0.198200	0.192800	0.201900	0.211900	0.170000	0.203700	0.189000	0.178000	0.169600	0.176400	0.185600	0.160000	0.206100
565188.0	0.187700	0.172600	0.141900	0.108500	0.118500	0.076200	0.192500	0.198800	0.191300	0.203400	0.214000	0.170400	0.205900	0.189600	0.179400	0.171000	0.177200	0.185200	0.160400	0.206700
570145.7	0.187100	0.173500	0.141500	0.107500	0.117700	0.075200	0.192400	0.197200	0.191000	0.201400	0.210600	0.170000	0.204300	0.188400	0.179500	0.170600	0.175800	0.186900	0.159700	0.205200
575103.5	0.187600	0.175000	0.144200	0.111900	0.122800	0.078600	0.192000	0.195400	0.190200	0.199200	0.209700	0.171000	0.197600	0.186100	0.180500	0.171000	0.174700	0.189000	0.160100	0.202400
580061.3	0.186600	0.173900	0.143900	0.112100	0.123800	0.079000	0.193800	0.197100	0.191400	0.201100	0.211300	0.171300	0.202100	0.186400	0.181100	0.171400	0.177300	0.189100	0.159900	0.203500
585019.1	0.187600	0.173800	0.143400	0.110200	0.120500	0.075600	0.195500	0.197600	0.191100	0.202100	0.211800	0.172400	0.206300	0.188000	0.183900	0.173600	0.177400	0.190500	0.161200	0.206900
589976.9	0.187800	0.176200	0.147900	0.118100	0.129800	0.083100	0.193900	0.195500	0.189300	0.197800	0.211500	0.172900	0.198000	0.185500	0.185700	0.173400	0.175600	0.186200	0.160400	0.201500
594934.7	0.188600	0.174700	0.144200	0.113200	0.123900	0.077100	0.197000	0.199500	0.192100	0.204100	0.214800	0.174100	0.212200	0.188900	0.187600	0.175500	0.178400	0.187300	0.162000	0.206900
599892.5	0.185100	0.171900	0.142800	0.113100	0.124900	0.078500	0.195400	0.197700	0.189100	0.204400	0.214100	0.174000	0.219300	0.186600	0.186400	0.174600	0.176600	0.185300	0.160500	0.207400
604850.3	0.186500	0.174900	0.146200	0.116800	0.129000	0.081500	0.195100	0.197800	0.190000	0.202200	0.213600	0.175600	0.211900	0.186500	0.187700	0.174600	0.175600	0.184400	0.161200	0.205900
609808.0	0.186200	0.174600	0.146300	0.116300	0.128600	0.080900	0.195100	0.197900	0.189700	0.203000	0.213300	0.176200	0.217300	0.186300	0.186900	0.174900	0.175700	0.183200	0.161000	0.206700
614765.8	0.186000	0.174100	0.146600	0.116400	0.129000	0.081100	0.194200	0.198100	0.189700	0.203100	0.214100	0.176800	0.215000	0.186100	0.187700	0.175000	0.176200	0.183600	0.161200	0.206300
619723.6	0.185900	0.174300	0.147100	0.116200	0.128100	0.080800	0.194000	0.196500	0.190100	0.202500	0.213000	0.176300	0.217000	0.186000	0.187600	0.174200	0.175500	0.181800	0.160800	0.205100
624681.4	0.186500	0.173300	0.145700	0.114500	0.125600	0.079300	0.195400	0.198600	0.191500	0.205700	0.214600	0.176200	0.221900	0.187400	0.188100	0.175400	0.176700	0.183100	0.161300	0.206800
629639.2	0.185800	0.172300	0.146100	0.113100	0.123800	0.078000	0.192600	0.196500	0.189400	0.203000	0.213900	0.176200	0.214600	0.185800	0.188300	0.174800	0.175700	0.181200	0.161300	0.203000
634597.0	0.186400	0.174400	0.146800	0.115900	0.126900	0.080400	0.192700	0.196000	0.190000	0.202300	0.213000	0.174700	0.214300	0.184600	0.187100	0.174200	0.174500	0.180600	0.160200	0.204600
639554.8	0.184400	0.171700	0.146200	0.114800	0.126500	0.080000	0.193300	0.196900	0.190200	0.204600	0.213100	0.173500	0.223600	0.186100	0.186700	0.174500	0.177000	0.181900	0.160400	0.205400
644512.6	0.186500	0.172900	0.146000	0.113300	0.124300	0.078100	0.198900	0.201300	0.194300	0.209200	0.214800	0.174700	0.252600	0.188400	0.187500	0.177500	0.180500	0.194300	0.161700	0.211900
649470.4	0.185400	0.173700	0.154000	0.119400	0.130300	0.082100	0.201200	0.197600	0.192900	0.205800	0.213700	0.175200	0.266700	0.188400	0.186800	0.176600	0.180500	0.203200	0.160600	0.205600
654428.1	0.186300	0.172600	0.151700	0.114300	0.123700	0.076500	0.205000	0.199800	0.194300	0.211500	0.214100	0.176900	0.281900	0.193700	0.187100	0.177000	0.184100	0.206300	0.160900	0.208900
659385.9	0.187800	0.174400	0.152800	0.117300	0.128100	0.081100	0.204700	0.200800	0.194400	0.208100	0.213500	0.178300	0.261800	0.193300	0.186900	0.177200	0.200700	0.207000	0.160600	0.208100
664343.7	0.187400	0.173200	0.151000	0.115200	0.125800	0.078600	0.203400	0.203400	0.194900	0.208700	0.213800	0.179700	0.250400	0.191800	0.187000	0.177200	0.210500	0.204400	0.160700	0.208800
669301.5	0.186700	0.172100	0.149800	0.115100	0.125600	0.079000	0.201300	0.202900	0.194400	0.209600	0.214400	0.181000	0.257000	0.191400	0.186400	0.176900	0.196800	0.197600	0.160200	0.210900
674259.3	0.188400	0.173300	0.150900	0.115200	0.125400	0.078500	0.199200	0.200600	0.193900	0.207600	0.214700	0.182300	0.260000	0.190300	0.187100	0.175800	0.189800	0.194400	0.160800	0.209200
679217.1	0.188800	0.173900	0.150300	0.116800	0.128300	0.080500	0.196100	0.197900	0.193500	0.204900	0.212900	0.182500	0.247600	0.188400	0.186800	0.175100	0.185000	0.189800	0.161100	0.207100
684174.9	0.187700	0.173600	0.149800	0.115800	0.127300	0.079000	0.196900	0.198600	0.193600	0.207300	0.213100	0.182700	0.259900	0.188900	0.187500	0.175300	0.182500	0.186700	0.160900	0.209700
689132.7	0.188100	0.172300	0.148600	0.113700	0.126400	0.077300	0.195500	0.198800	0.195100	0.208900	0.212600	0.182200	0.249800	0.189700	0.187600	0.174600	0.180800	0.184200	0.160800	0.211000
694090.4	0.188600	0.173500	0.148900	0.116000	0.129700	0.080000	0.194700	0.199700	0.194600	0.207300	0.213500	0.182300	0.231600	0.189800	0.187600	0.175100	0.180400	0.182600	0.161000	0.210300
699048.2	0.188900	0.172500	0.148700	0.116300	0.129200	0.079700	0.194000	0.200000	0.196500	0.210100	0.214200	0.183700	0.229100	0.189300	0.188000	0.175500	0.180200	0.181600	0.161800	0.212100
704006.0	0.187800	0.173500	0.149900	0.120100	0.133000	0.083900	0.191600	0.197300	0.192900	0.205900	0.212500	0.183300	0.217000	0.187800	0.187800	0.174600	0.175800	0.178000	0.161000	0.209100
708963.8	0.188000	0.170300	0.144300	0.111000	0.122400	0.075000	0.194000	0.201500	0.195500	0.212100	0.214500	0.183900	0.230500	0.189500	0.187100	0.175000	0.179600	0.179200	0.160800	0.214300
713921.6	0.188100	0.172900	0.149700	0.119200	0.132600	0.083100	0.192300	0.196100	0.193900	0.205200	0.211400	0.182800	0.216200	0.186100	0.187000	0.173400	0.175500	0.177500	0.160000	0.208400
718879.4	0.188900	0.171500	0.148300	0.116700	0.128900	0.081200	0.194900	0.199300	0.195500	0.209100	0.213400	0.183200	0.221500	0.188500	0.186800	0.174500	0.177200	0.179900	0.160500	0.212200
723837.2	0.188500	0.172900	0.151000	0.118300	0.130000	0.081500	0.193700	0.197000	0.194400	0.204200	0.211800	0.182700	0.209200	0.186300	0.187200	0.173600	0.174500	0.179300	0.160100	0.208000
728795.0	0.188600	0.170000	0.147100	0.113400	0.125400	0.077200	0.195100	0.201400	0.195400	0.210000	0.214200	0.183100	0.217500	0.188800	0.187000	0.174600	0.178100	0.180800	0.160300	0.213600
733752.8	0.187700	0.169300	0.145400	0.110400	0.120800	0.074600	0.196000	0.202400	0.195800	0.212700	0.214700	0.183700	0.223600	0.190000	0.186600	0.174700	0.178500	0.179600	0.160700	0.214700
738710.5	0.187000	0.170800	0.147200	0.114200	0.125100	0.078500	0.194500	0.200700	0.195700	0.209300	0.213600	0.184400	0.215600	0.189100	0.186300	0.173800	0.178100	0.178200	0.159900	0.212400
743668.3	0.187200	0.171800	0.151000	0.118400	0.129100	0.081800	0.193800	0.198900	0.195200	0.206200	0.213300	0.186400	0.211200	0.187600	0.186600	0.173800	0.179800	0.178100	0.160700	0.209100
748626.1	0.186600	0.170300	0.148400	0.115300	0.126000	0.079500	0.195400	0.201700	0.195000	0.208900	0.214700	0.189100	0.215600	0.189400	0.187200	0.175700	0.185300	0.180200	0.160900	0.212300
753583.9	0.186600	0.170800	0.149100	0.114700	0.124900	0.077700	0.194000	0.199200	0.194800	0.207000	0.213800	0.189600	0.213600	0.189100	0.187500	0.176900	0.186900	0.179700	0.161700	0.207600
758541.7	0.187200	0.174100	0.152800	0.120700	0.131900	0.083400	0.194800	0.198700	0.194500	0.204400	0.213000	0.190900	0.205500	0.188400	0.187500	0.176100	0.189400	0.182000	0.160700	0.206200
763499.5	0.187700	0.172900	0.152000	0.120700	0.132100	0.084000	0.196400	0.200400	0.197000	0.206400	0.212800	0.190600	0.214800	0.189600	0.187200	0.175500	0.192700	0.181800	0.161100	0.209100
768457.3	0.188000	0.172000	0.151800	0.117400	0.129300	0.080900	0.197300	0.202000	0.196600	0.207700	0.214300	0.191700	0.214100	0.190800	0.187800	0.175500	0.193400	0.181600	0.161200	0.210100
773415.1	0.186700	0.172800	0.154600	0.123900	0.136300	0.087500	0.194700	0.197800	0.196100	0.203900	0.211500	0.187600	0.208200	0.187500	0.186900	0.173000	0.181800	0.178100	0.159400	0.206700
778372.9	0.187200	0.172800	0.152400	0.118100	0.130600	0.081700	0.196900	0.198300	0.196800	0.206100	0.212600	0.184700	0.212500	0.187800	0.186900	0.173500	0.177500	0.178900	0.159700	0.209400
783330.6	0.187400	0.170800	0.149100	0.114200	0.126300	0.077600	0.197900	0.200900	0.197800	0.210700	0.214100	0.183300	0.219800	0.191300	0.187000	0.174700	0.177100	0.180700	0.160000	0.214900
788288.4	0.187600	0.172300	0.151100	0.119500	0.130800	0.081500	0.197300	0.201300	0.198500	0.209900	0.215200	0.183400	0.216200	0.190800	0.187500	0.175200	0.177600	0.179100	0.160800	0.213400
793246.2	0.187500	0.173100	0.150800	0.117600	0.129100	0.079200	0.196800	0.201200	0.198200	0.207500	0.214700	0.182100	0.209500	0.190000	0.188200	0.174600	0.176300	0.179000	0.160200	0.211500
798204.0	0.187900	0.172800	0.149800	0.117200	0.128700	0.079300	0.197300	0.202100	0.199700	0.209100	0.214100	0.181200	0.212200	0.189600	0.187800	0.174800	0.177600	0.178600	0.160000	0.213500
803161.8	0.186700	0.173100	0.151900	0.121000	0.133600	0.082400	0.196800	0.199600	0.197800	0.205600	0.212800	0.181500	0.204700	0.188300	0.188400	0.174400	0.176500	0.178400	0.160000	0.208400
808119.6	0.187000	0.171500	0.149900	0.115800	0.126200	0.076800	0.198200	0.202700	0.198700	0.208800	0.213300	0.182100	0.210600	0.189300	0.188700	0.174700	0.178000	0.178900	0.159900	0.212400
813077.4	0.186300	0.171000	0.149000	0.114800	0.125400	0.075300	0.197600	0.201300	0.199100	0.208200	0.212000	0.181400	0.211800	0.189000	0.188800	0.174300	0.177700	0.177700	0.159900	0.210900
818035.2	0.184200	0.170200	0.148100	0.115900	0.126400	0.077500	0.196200	0.197900	0.196800	0.206000	0.209800	0.179600	0.210000	0.187500	0.186500	0.172600	0.175000	0.175800	0.158500	0.209400
822993.0	0.186400	0.170700	0.149000	0.115100	0.124800	0.076400	0.199700	0.202300	0.199700	0.211700	0.213600	0.183400	0.218100	0.191600	0.189000	0.175800	0.179200	0.179600	0.160800	0.214100
827950.7	0.186400	0.172500	0.151700	0.120200	0.129800	0.080700	0.196800	0.197500	0.198100	0.206700	0.210800	0.183900	0.210200	0.188000	0.188400	0.173300	0.174300	0.177500	0.159600	0.207100
832908.5	0.186700	0.172000	0.150500	0.115600	0.125800	0.076600	0.198400	0.198400	0.199100	0.208400	0.211200	0.185000	0.209500	0.189100	0.188900	0.174500	0.174600	0.178300	0.159800	0.209500
837866.3	0.184800	0.168800	0.148800	0.113000	0.124200	0.074900	0.199700	0.202900	0.198300	0.213300	0.215000	0.186400	0.220600	0.192800	0.188500	0.175600	0.177900	0.180000	0.160600	0.213700
842824.1	0.184400	0.170800	0.149800	0.116700	0.127400	0.078600	0.198000	0.199800	0.199000	0.210700	0.212000	0.184100	0.218000	0.190100	0.187600	0.174300	0.174800	0.178700	0.159300	0.211500
847781.9	0.184500	0.169500	0.148800	0.112300	0.123200	0.073800	0.200800	0.203200	0.200900	0.216000	0.215300	0.185300	0.227700	0.193500	0.188800	0.176300	0.178800	0.181900	0.160800	0.215900
852739.7	0.182900	0.169000	0.150200	0.115000	0.128800	0.076800	0.198300	0.201000	0.197100	0.212400	0.214000	0.184700	0.218900	0.192600	0.187600	0.175200	0.177100	0.179100	0.160100	0.212400
857697.5	0.183800	0.172000	0.154000	0.122300	0.135800	0.085000	0.196200	0.198100	0.197300	0.208700	0.210900	0.183800	0.212100	0.189200	0.187400	0.173700	0.175100	0.177100	0.158800	0.207800
862655.3	0.183800	0.171600	0.152400	0.118200	0.130500	0.079400	0.198000	0.199500	0.199000	0.211000	0.212800	0.185200	0.214300	0.191000	0.188000	0.174900	0.177100	0.178700	0.159800	0.210500
867613.0	0.183900	0.171400	0.153200	0.119400	0.131400	0.081300	0.197800	0.198500	0.197600	0.209900	0.211900	0.185200	0.209000	0.191600	0.187800	0.174200	0.176500	0.178300	0.159300	0.209800
872570.8	0.185500	0.171800	0.152700	0.116600	0.127900	0.079300	0.201800	0.204200	0.200500	0.216700	0.214800	0.186700	0.224700	0.197300	0.189600	0.176800	0.180000	0.182300	0.161600	0.215000
877528.6	0.184300	0.171700	0.151400	0.114200	0.123700	0.075300	0.201600	0.202100	0.200300	0.214600	0.214700	0.186100	0.222700	0.196400	0.189400	0.176000	0.179900	0.182700	0.161100	0.215200
882486.4	0.186400	0.176600	0.158200	0.126500	0.137800	0.088100	0.199000	0.198000	0.199700	0.207600	0.213000	0.185100	0.206700	0.193200	0.189400	0.174200	0.176900	0.180500	0.160600	0.209200
887444.2	0.184300	0.172200	0.152300	0.117700	0.127900	0.079400	0.202400	0.203500	0.203100	0.216200	0.215300	0.185400	0.228800	0.197400	0.188600	0.175600	0.181900	0.183400	0.161600	0.218000
892402.0	0.184100	0.172400	0.151300	0.114700	0.123700	0.076200	0.200500	0.201500	0.201300	0.212700	0.212400	0.182900	0.220700	0.194900	0.188400	0.174600	0.180500	0.181400	0.160800	0.214100
897359.8	0.183100	0.172600	0.152600	0.115400	0.124800	0.077100	0.198000	0.200000	0.199400	0.210400	0.212200	0.182500	0.216800	0.192800	0.188200	0.174100	0.180800	0.181200	0.160000	0.209500
902317.6	0.182300	0.171400	0.150600	0.113200	0.122400	0.075100	0.199200	0.201000	0.200700	0.212300	0.211900	0.181300	0.220200	0.192200	0.187400	0.173300	0.180700	0.181400	0.159700	0.211900
907275.4	0.184400	0.173300	0.153300	0.121700	0.131700	0.082800	0.200300	0.202300	0.201800	0.211400	0.212100	0.182400	0.218200	0.192000	0.189000	0.174000	0.180900	0.183800	0.160200	0.213600
912233.1	0.183900	0.172700	0.153700	0.120400	0.129200	0.080500	0.197800	0.200500	0.201500	0.211200	0.212200	0.183200	0.221000	0.190600	0.189300	0.173400	0.179900	0.181000	0.160500	0.210500
917190.9	0.184700	0.172400	0.152900	0.118100	0.126500	0.079300	0.200300	0.202700	0.202600	0.213800	0.212800	0.183200	0.220600	0.191600	0.190100	0.174400	0.181000	0.181100	0.160800	0.214000
922148.7	0.183600	0.172000	0.151800	0.117200	0.124600	0.077900	0.199300	0.202500	0.201900	0.213500	0.211300	0.182100	0.220100	0.189500	0.189300	0.173500	0.179400	0.180100	0.160500	0.213400
927106.5	0.184200	0.172600	0.153200	0.121600	0.130300	0.082300	0.197500	0.199700	0.202000	0.211900	0.212600	0.181400	0.213500	0.188800	0.190000	0.173300	0.178200	0.179700	0.160700	0.208800
932064.3	0.183800	0.171600	0.152500	0.117300	0.126300	0.078700	0.199100	0.203000	0.202800	0.214900	0.213000	0.182400	0.222200	0.191100	0.190100	0.175200	0.181100	0.181000	0.161500	0.213000
937022.1	0.183500	0.170300	0.149700	0.112400	0.120100	0.074400	0.199200	0.203900	0.203500	0.216300	0.212400	0.182300	0.222800	0.191600	0.190000	0.174100	0.179900	0.180600	0.161500	0.213800
941979.9	0.183900	0.171500	0.150900	0.112500	0.120700	0.074900	0.198500	0.203000	0.204400	0.216500	0.211700	0.181200	0.220500	0.191900	0.190300	0.174300	0.180300	0.179700	0.161600	0.213500
946937.7	0.183900	0.172700	0.152600	0.115600	0.124200	0.077700	0.198000	0.201400	0.201500	0.212300	0.210600	0.181200	0.215300	0.190200	0.190000	0.173500	0.178100	0.178600	0.161200	0.211000
951895.5	0.184800	0.173700	0.154700	0.120600	0.130100	0.082500	0.199100	0.201800	0.203000	0.212300	0.212200	0.182400	0.214600	0.190000	0.191000	0.173800	0.178400	0.179000	0.161700	0.210600
956853.2	0.185300	0.172600	0.153400	0.116200	0.124200	0.078100	0.200100	0.204800	0.202400	0.215100	0.213200	0.181700	0.220900	0.191800	0.191000	0.174900	0.180200	0.180400	0.162000	0.213400
961811.0	0.183800	0.172300	0.152800	0.115300	0.122000	0.076800	0.200500	0.202900	0.203700	0.215000	0.213100	0.180500	0.223800	0.192100	0.191700	0.175500	0.179600	0.180800	0.162400	0.213900
