VERSION	1200
Time[MSec.]	Ratio	Ratio	Ratio	Ratio	Ratio	Ratio	Ratio	Ratio	Ratio	Ratio	Ratio	Ratio	Ratio	Ratio	Ratio	Ratio	Ratio	Ratio	Ratio	Ratio	Ratio	Ratio	Ratio	Ratio	Ratio
%.1f	%.4f	%.4f	%.4f	%.4f	%.4f	%.4f	%.4f	%.4f	%.4f	%.4f	%.4f	%.4f	%.4f	%.4f	%.4f	%.4f	%.4f	%.4f	%.4f	%.4f	%.4f	%.4f	%.4f	%.4f	%.4f
Time	ROI(1-1)	ROI(1-2)	ROI(1-3)	ROI(1-4)	ROI(1-5)	ROI(1-6)	ROI(1-7)	ROI(1-8)	ROI(1-9)	ROI(1-10)	ROI(1-11)	ROI(1-12)	ROI(1-13)	ROI(1-14)	ROI(1-15)	ROI(1-16)	ROI(1-17)	ROI(1-18)	ROI(1-19)	ROI(1-20)	ROI(1-21)	ROI(1-22)	ROI(1-23)	ROI(1-24)	ROI(1-25)
GraphNo	1	2	3	4	5	6	7	8	9	10	11	12	13	14	15	16	17	18	19	20	21	22	23	24	25
0.0	0.194100	0.167700	0.185400	0.190700	0.171600	0.172900	0.190300	0.172700	0.190900	0.180300	0.140700	0.181000	0.186700	0.167400	0.137200	0.139600	0.156200	0.175300	0.140300	0.180700	0.150800	0.168300	0.173900	0.154800	0.186800
5095.5	0.193300	0.167800	0.184900	0.191400	0.171800	0.174800	0.190600	0.173500	0.191600	0.180300	0.140000	0.181300	0.187300	0.171900	0.137300	0.140300	0.157300	0.176100	0.141600	0.181700	0.149900	0.167500	0.174100	0.156300	0.185500
10191.0	0.195100	0.169800	0.185600	0.192700	0.171100	0.175900	0.196700	0.182100	0.195500	0.179000	0.135500	0.181100	0.192100	0.206000	0.141000	0.135800	0.154600	0.177800	0.135600	0.182400	0.148600	0.163500	0.175900	0.148300	0.190900
15286.5	0.194500	0.168400	0.184700	0.192000	0.171800	0.172600	0.193500	0.175200	0.191600	0.180300	0.139900	0.181800	0.189300	0.211000	0.143500	0.139500	0.154800	0.179300	0.138900	0.180900	0.149100	0.165900	0.174100	0.153100	0.189100
20382.0	0.195500	0.171200	0.186900	0.193100	0.172200	0.173000	0.198600	0.182500	0.196200	0.180900	0.136100	0.181700	0.192900	0.184300	0.139700	0.135700	0.155100	0.180300	0.135200	0.183900	0.147600	0.162600	0.176600	0.147000	0.189300
25477.5	0.197500	0.170000	0.184300	0.191400	0.170400	0.169600	0.197600	0.184000	0.195700	0.178000	0.138400	0.180300	0.192800	0.182900	0.138800	0.135800	0.154000	0.179500	0.134600	0.183100	0.150200	0.160900	0.175900	0.148300	0.190800
30573.0	0.195100	0.166100	0.183400	0.189300	0.170300	0.168700	0.189200	0.171400	0.188400	0.180800	0.144000	0.180000	0.184900	0.194100	0.140700	0.140000	0.154700	0.179500	0.143100	0.179400	0.151700	0.167600	0.172200	0.159200	0.186500
35668.5	0.194700	0.169300	0.185700	0.191800	0.171100	0.170800	0.193800	0.177200	0.192600	0.180800	0.139600	0.181200	0.188500	0.199500	0.142200	0.137600	0.154300	0.181600	0.138600	0.182100	0.149300	0.164100	0.174700	0.153700	0.187400
40764.0	0.192800	0.165600	0.183500	0.189800	0.171000	0.169100	0.188100	0.170100	0.189100	0.181800	0.142900	0.181800	0.182700	0.192600	0.143300	0.139300	0.155500	0.180500	0.141100	0.178000	0.150900	0.166100	0.172000	0.156500	0.184600
45859.5	0.195800	0.169000	0.185500	0.192100	0.171600	0.169400	0.194800	0.179400	0.193700	0.182500	0.141300	0.181600	0.189300	0.168400	0.145100	0.136900	0.155000	0.179500	0.139100	0.181600	0.150300	0.164400	0.174800	0.154000	0.189200
50955.0	0.193800	0.164100	0.182800	0.189000	0.170900	0.169900	0.185000	0.166100	0.186000	0.182400	0.149100	0.180400	0.180900	0.165100	0.146200	0.143400	0.156800	0.177800	0.145800	0.177000	0.152400	0.170500	0.170400	0.166200	0.181200
56050.6	0.194200	0.167300	0.184100	0.190900	0.170800	0.174200	0.190500	0.172000	0.190500	0.180700	0.142500	0.180600	0.185600	0.152000	0.143600	0.138400	0.156400	0.175700	0.140300	0.179100	0.149300	0.165600	0.172700	0.158400	0.183700
61146.1	0.194500	0.166900	0.185200	0.191900	0.170200	0.175700	0.193100	0.175900	0.191600	0.180000	0.141100	0.180000	0.187800	0.145900	0.141200	0.137900	0.154700	0.176200	0.139100	0.180700	0.147700	0.163100	0.174000	0.156300	0.185800
66241.6	0.193800	0.168200	0.184700	0.191700	0.169800	0.171800	0.194300	0.178200	0.192000	0.179200	0.140800	0.178400	0.188300	0.143100	0.135700	0.135800	0.153000	0.175100	0.136900	0.182500	0.147800	0.161800	0.173500	0.153300	0.187000
71337.1	0.193800	0.169400	0.184600	0.191700	0.170500	0.172000	0.194500	0.179600	0.192200	0.179200	0.138400	0.177800	0.188300	0.147600	0.136300	0.134200	0.154700	0.176600	0.134100	0.181600	0.146700	0.158900	0.173600	0.148700	0.188400
76432.6	0.193800	0.166900	0.183400	0.191200	0.169900	0.171100	0.191400	0.175900	0.189800	0.179500	0.139900	0.177900	0.185700	0.156800	0.136800	0.136400	0.154000	0.176700	0.137700	0.178900	0.148200	0.161800	0.172100	0.154300	0.185100
81528.1	0.191400	0.165000	0.181700	0.190000	0.170100	0.171700	0.185900	0.168100	0.186000	0.179700	0.145000	0.177800	0.181900	0.175400	0.138400	0.139800	0.154600	0.175900	0.141400	0.177600	0.148100	0.165300	0.170300	0.160700	0.183200
86623.6	0.193200	0.168900	0.184200	0.193700	0.171300	0.175700	0.195100	0.180000	0.192800	0.178800	0.138800	0.178100	0.188900	0.193400	0.134100	0.136000	0.153300	0.177500	0.133900	0.181900	0.147300	0.157800	0.174400	0.149000	0.185500
91719.1	0.192800	0.168900	0.184400	0.193200	0.171800	0.176800	0.193600	0.177500	0.191400	0.179100	0.140200	0.179100	0.188200	0.193700	0.134400	0.137000	0.153700	0.178000	0.136600	0.181500	0.148100	0.160800	0.174100	0.154700	0.186100
96814.6	0.191800	0.167100	0.183400	0.190600	0.169000	0.173500	0.189100	0.172300	0.189100	0.178200	0.140800	0.177900	0.184500	0.177300	0.137700	0.136500	0.152100	0.175400	0.138800	0.179800	0.147300	0.162200	0.171400	0.158600	0.184000
101910.1	0.195700	0.171200	0.186000	0.194200	0.171000	0.177300	0.197900	0.184900	0.194700	0.178100	0.138500	0.179600	0.192200	0.158600	0.132100	0.134200	0.152600	0.175800	0.135200	0.184700	0.147100	0.159700	0.175100	0.152700	0.190500
107005.6	0.195100	0.170100	0.184600	0.194200	0.170700	0.177700	0.194200	0.179800	0.192000	0.178800	0.140000	0.179500	0.191400	0.150800	0.133300	0.135100	0.153600	0.175600	0.137300	0.181900	0.149000	0.161300	0.173800	0.158800	0.189500
112101.1	0.194300	0.168400	0.184100	0.192700	0.169600	0.179600	0.192300	0.177000	0.190500	0.178100	0.140200	0.178000	0.187400	0.145000	0.133200	0.134900	0.153900	0.173600	0.139700	0.180300	0.147700	0.162800	0.172400	0.166900	0.186800
117196.6	0.191800	0.168700	0.184900	0.194100	0.170700	0.183300	0.193200	0.177900	0.191300	0.178500	0.139300	0.179000	0.189300	0.140900	0.134200	0.134800	0.155600	0.175200	0.138800	0.181600	0.145300	0.162600	0.174000	0.166400	0.184000
122292.1	0.191700	0.165600	0.183200	0.192600	0.169300	0.186700	0.187200	0.170500	0.187600	0.179900	0.144200	0.179500	0.185200	0.140300	0.136400	0.138500	0.158500	0.174500	0.145800	0.177200	0.149300	0.168700	0.170900	0.177300	0.182800
127387.6	0.195000	0.168400	0.185800	0.195300	0.170800	0.194800	0.192000	0.175100	0.191000	0.178900	0.141500	0.180800	0.188300	0.135100	0.134000	0.136700	0.158400	0.176300	0.142100	0.182400	0.148000	0.165500	0.174100	0.170500	0.185900
132483.1	0.196400	0.171100	0.188100	0.196400	0.171500	0.199700	0.198700	0.183100	0.194500	0.178600	0.139100	0.180300	0.194100	0.130200	0.132500	0.133300	0.156300	0.175200	0.139700	0.183700	0.149500	0.162800	0.176100	0.167500	0.190700
137578.6	0.195300	0.167000	0.185000	0.192600	0.170300	0.191100	0.190800	0.173300	0.189000	0.179000	0.143000	0.179900	0.189700	0.133300	0.133300	0.136900	0.156700	0.175300	0.143600	0.178800	0.149600	0.167900	0.173100	0.174400	0.186700
142674.1	0.195500	0.166900	0.184500	0.191200	0.169700	0.186900	0.190100	0.172300	0.187500	0.179000	0.146400	0.179700	0.189200	0.135500	0.133100	0.138800	0.154900	0.173300	0.146100	0.178600	0.149500	0.167600	0.172500	0.175000	0.185500
147769.6	0.192900	0.166000	0.184100	0.190400	0.168900	0.189000	0.188600	0.170100	0.186200	0.179300	0.145200	0.180200	0.187500	0.135500	0.134500	0.136600	0.154600	0.173700	0.142700	0.178000	0.148600	0.166300	0.171100	0.166600	0.183600
152865.1	0.195400	0.168400	0.185300	0.190600	0.168500	0.187700	0.193600	0.178700	0.190200	0.177300	0.142000	0.180200	0.192700	0.134200	0.132300	0.133900	0.155000	0.174300	0.137900	0.182000	0.148300	0.161500	0.173700	0.158200	0.187200
157960.7	0.196600	0.169300	0.185100	0.189300	0.168400	0.184900	0.193600	0.177100	0.189000	0.177500	0.142200	0.180800	0.191900	0.137600	0.137500	0.134100	0.153200	0.174300	0.139000	0.181300	0.149800	0.162900	0.172400	0.157400	0.189600
163056.2	0.197600	0.169300	0.185900	0.188800	0.169200	0.182400	0.193600	0.178000	0.189100	0.179000	0.143300	0.181100	0.193800	0.154500	0.137200	0.135700	0.155100	0.176500	0.140500	0.182500	0.150700	0.164900	0.173000	0.158300	0.191100
168151.7	0.198400	0.171100	0.187400	0.190500	0.170600	0.184200	0.196800	0.178900	0.190600	0.178500	0.140900	0.185200	0.197900	0.242400	0.140000	0.135800	0.156200	0.177500	0.140000	0.188000	0.150000	0.165900	0.174800	0.155700	0.194000
173247.2	0.204000	0.173200	0.190600	0.193800	0.173200	0.188200	0.198100	0.178100	0.190900	0.180300	0.146500	0.187900	0.199800	0.218400	0.144500	0.139500	0.160400	0.180000	0.144500	0.191400	0.155000	0.170100	0.176700	0.159300	0.200300
178342.7	0.207300	0.177300	0.195400	0.198700	0.178400	0.195400	0.201300	0.179700	0.193900	0.183300	0.152100	0.193300	0.210300	0.207100	0.146800	0.142400	0.162200	0.186700	0.148800	0.200900	0.158200	0.177800	0.179300	0.162600	0.207800
183438.2	0.217900	0.183900	0.202300	0.205400	0.183600	0.208900	0.211400	0.187700	0.198500	0.184600	0.161900	0.200100	0.224800	0.210300	0.150700	0.147700	0.165300	0.194300	0.152400	0.211100	0.166900	0.184100	0.184300	0.164800	0.221900
188533.7	0.222600	0.182900	0.206000	0.209400	0.189600	0.228800	0.207800	0.177800	0.195300	0.189400	0.190700	0.206600	0.231300	0.223800	0.163600	0.159600	0.171100	0.200400	0.169700	0.215000	0.175600	0.207500	0.185100	0.187000	0.220700
193629.2	0.238100	0.191400	0.214900	0.216700	0.199200	0.250500	0.221100	0.187200	0.202300	0.193800	0.218900	0.215800	0.250300	0.233600	0.167600	0.166300	0.177300	0.210900	0.270300	0.230900	0.185800	0.243200	0.192700	0.206000	0.236100
198724.7	0.270500	0.199400	0.222900	0.223400	0.210700	0.255400	0.237000	0.198700	0.211300	0.197500	0.225800	0.225600	0.265900	0.230300	0.171100	0.170400	0.180400	0.219500	0.279200	0.244500	0.192800	0.277000	0.201000	0.228500	0.249600
203820.2	0.399500	0.212000	0.234300	0.230100	0.220100	0.261300	0.255100	0.213400	0.220300	0.201400	0.224800	0.235000	0.276100	0.228700	0.175200	0.172800	0.184800	0.226800	0.297800	0.261200	0.205000	0.297000	0.209300	0.283600	0.271500
208915.7	0.408400	0.212400	0.235200	0.229800	0.223200	0.258200	0.258900	0.211400	0.220600	0.202900	0.220300	0.243400	0.270500	0.228200	0.177000	0.179000	0.188100	0.227200	0.286100	0.260600	0.216200	0.298400	0.211200	0.272400	0.276100
214011.2	0.374300	0.213400	0.237100	0.228700	0.223000	0.257300	0.262700	0.211000	0.222500	0.204600	0.221900	0.249900	0.267300	0.225600	0.178900	0.186100	0.191100	0.229100	0.273700	0.261000	0.223600	0.297100	0.211900	0.271500	0.281300
219106.7	0.353600	0.219800	0.243100	0.231600	0.226200	0.260200	0.276000	0.222700	0.229200	0.206800	0.218300	0.263900	0.272500	0.221100	0.174600	0.189100	0.196000	0.229700	0.259900	0.273300	0.229300	0.301600	0.216900	0.263200	0.291100
224202.2	0.343700	0.219300	0.242200	0.229200	0.225000	0.255800	0.278000	0.221900	0.228600	0.207300	0.218500	0.268800	0.270500	0.215400	0.175600	0.192700	0.196300	0.229900	0.248100	0.268900	0.234500	0.299200	0.216300	0.256300	0.293900
229297.7	0.346300	0.223800	0.248800	0.229800	0.228500	0.254900	0.286700	0.227000	0.232700	0.209600	0.212500	0.280400	0.272800	0.208300	0.176600	0.193000	0.201000	0.232100	0.233700	0.276300	0.236000	0.282500	0.220100	0.241400	0.299700
234393.2	0.346300	0.224100	0.248900	0.226100	0.225000	0.250700	0.286500	0.227000	0.231600	0.210200	0.212400	0.278400	0.269100	0.206400	0.173700	0.196500	0.200300	0.230200	0.226000	0.271300	0.235800	0.270800	0.218700	0.233300	0.300200
239488.7	0.344700	0.223600	0.249900	0.223700	0.223300	0.248400	0.286300	0.223600	0.230700	0.212100	0.211900	0.274200	0.265300	0.205300	0.173900	0.199200	0.199400	0.232100	0.218000	0.272600	0.235300	0.260500	0.218200	0.225600	0.299700
244584.2	0.341300	0.221800	0.251000	0.219900	0.222100	0.245700	0.276700	0.212200	0.225800	0.215000	0.215800	0.268900	0.257600	0.209900	0.180200	0.202000	0.200200	0.231700	0.218900	0.267100	0.234800	0.258200	0.215100	0.228000	0.297200
249679.7	0.337700	0.221100	0.250600	0.217800	0.220300	0.243100	0.275400	0.211100	0.223800	0.215200	0.214800	0.263600	0.255700	0.207400	0.177100	0.203800	0.200200	0.228700	0.213600	0.265200	0.234500	0.252000	0.213400	0.224200	0.293900
254775.2	0.335500	0.225100	0.254300	0.219200	0.219700	0.244000	0.285100	0.221700	0.230600	0.214700	0.207100	0.261800	0.262100	0.200200	0.174100	0.196700	0.199900	0.227100	0.200200	0.272300	0.228200	0.237800	0.217400	0.204300	0.301000
259870.7	0.333900	0.227700	0.254300	0.219300	0.219200	0.242700	0.289800	0.230400	0.233500	0.212300	0.202000	0.257500	0.266500	0.196300	0.171000	0.193200	0.198500	0.224100	0.189500	0.274800	0.226100	0.223200	0.217200	0.191600	0.306300
264966.3	0.317100	0.221300	0.251700	0.214300	0.216800	0.238400	0.276200	0.213400	0.224300	0.214000	0.209800	0.254300	0.252800	0.200500	0.174500	0.198000	0.199800	0.222200	0.194800	0.265600	0.224900	0.224800	0.211900	0.196600	0.294100
270061.8	0.302700	0.223400	0.253900	0.215100	0.217000	0.238500	0.284700	0.222000	0.228800	0.213500	0.201600	0.254100	0.256000	0.192700	0.168900	0.192900	0.200300	0.222700	0.184400	0.268900	0.218500	0.212600	0.214400	0.181100	0.298500
275157.3	0.292200	0.219300	0.251600	0.211000	0.213900	0.233700	0.273900	0.212600	0.221600	0.213600	0.210300	0.250100	0.248100	0.195000	0.173900	0.197200	0.198400	0.219300	0.189000	0.261500	0.220800	0.213900	0.209200	0.187900	0.291600
280252.8	0.279300	0.219600	0.250900	0.209900	0.212800	0.230600	0.276200	0.213900	0.223700	0.212800	0.200500	0.247500	0.247500	0.186800	0.169200	0.191000	0.197200	0.217900	0.182700	0.263800	0.216100	0.207200	0.210100	0.178000	0.290200
285348.3	0.270300	0.218400	0.250200	0.209100	0.212300	0.230800	0.274200	0.211800	0.222300	0.212300	0.202200	0.245500	0.243400	0.183300	0.168200	0.192800	0.196900	0.215200	0.181500	0.261600	0.217200	0.203900	0.208000	0.178000	0.289500
290443.8	0.262200	0.215600	0.249000	0.206100	0.209100	0.229900	0.268500	0.206800	0.218100	0.214300	0.204200	0.244400	0.239100	0.183900	0.169300	0.193400	0.197500	0.210700	0.182400	0.257400	0.214100	0.204600	0.202900	0.178400	0.284900
295539.3	0.253300	0.218300	0.251200	0.206900	0.210100	0.227700	0.274700	0.213200	0.221400	0.211600	0.199500	0.241600	0.242300	0.180100	0.166000	0.189800	0.195600	0.208600	0.179100	0.263600	0.209000	0.200200	0.206900	0.171200	0.286900
300634.8	0.249400	0.219400	0.251800	0.206600	0.208900	0.225700	0.278900	0.217500	0.223500	0.210400	0.197000	0.240300	0.243400	0.176200	0.164700	0.186300	0.194200	0.205900	0.174100	0.264600	0.207700	0.195500	0.207100	0.166100	0.289800
305730.3	0.243000	0.220600	0.252600	0.206800	0.208100	0.223800	0.280500	0.221400	0.225700	0.210500	0.201900	0.238200	0.243200	0.172900	0.161400	0.184700	0.194100	0.204900	0.171500	0.266700	0.205600	0.192600	0.208200	0.162800	0.290100
310825.8	0.233800	0.214300	0.246800	0.202000	0.204500	0.219100	0.266600	0.205800	0.216600	0.209900	0.213600	0.234400	0.231400	0.174300	0.162800	0.186800	0.192900	0.200300	0.176100	0.255300	0.203700	0.195800	0.202300	0.170300	0.277300
315921.3	0.232600	0.215400	0.247500	0.202000	0.202300	0.220300	0.267800	0.207500	0.217100	0.209700	0.212500	0.234000	0.229200	0.173800	0.163500	0.187900	0.194200	0.199900	0.178100	0.255500	0.205300	0.196400	0.202200	0.172400	0.279900
321016.8	0.229400	0.215800	0.246400	0.202000	0.202400	0.218100	0.269200	0.212100	0.219500	0.207500	0.201400	0.233500	0.231300	0.168200	0.160500	0.182800	0.191700	0.197900	0.171200	0.256300	0.199700	0.189900	0.202900	0.164200	0.279100
326112.3	0.226000	0.212500	0.243600	0.198800	0.201400	0.212900	0.262500	0.203500	0.214500	0.209100	0.200900	0.231600	0.224400	0.169400	0.160700	0.184600	0.191300	0.195100	0.175100	0.251500	0.202300	0.193800	0.199000	0.169300	0.276900
331207.8	0.232300	0.221900	0.250300	0.204800	0.204200	0.215300	0.281900	0.229000	0.226800	0.208800	0.188300	0.232800	0.239400	0.162000	0.152500	0.178800	0.191400	0.196400	0.163200	0.264400	0.198400	0.183500	0.206500	0.155700	0.291900
336303.3	0.222800	0.212600	0.242000	0.198300	0.199300	0.208000	0.263500	0.206100	0.215100	0.207300	0.192700	0.229800	0.223100	0.164100	0.155000	0.182400	0.189800	0.191000	0.172700	0.252100	0.196600	0.189500	0.199600	0.167100	0.274400
341398.8	0.223300	0.210400	0.241000	0.197100	0.198300	0.206900	0.261900	0.203800	0.213500	0.206800	0.192000	0.229800	0.219800	0.163500	0.155300	0.183300	0.190000	0.190000	0.172700	0.249100	0.195800	0.190300	0.197900	0.167300	0.274800
346494.3	0.222200	0.213600	0.244100	0.198400	0.198600	0.206200	0.264500	0.206300	0.216400	0.207200	0.185300	0.229200	0.222400	0.159400	0.151100	0.179000	0.188900	0.189500	0.169100	0.253800	0.193900	0.188000	0.199300	0.162600	0.276400
351589.8	0.221200	0.210100	0.241300	0.197100	0.196800	0.203600	0.259800	0.201900	0.212400	0.206400	0.185600	0.228300	0.217600	0.159600	0.151600	0.180000	0.188800	0.188500	0.170500	0.249300	0.194300	0.188900	0.196300	0.165100	0.272200
356685.3	0.222200	0.208600	0.239100	0.195100	0.196100	0.200800	0.258700	0.201200	0.211200	0.206200	0.187100	0.227500	0.215200	0.160000	0.151600	0.182900	0.188800	0.186400	0.172000	0.247100	0.195400	0.190600	0.194900	0.167900	0.269800
361780.8	0.225400	0.216800	0.244200	0.199200	0.196300	0.201600	0.274100	0.219800	0.220800	0.203400	0.174700	0.226900	0.226400	0.152200	0.146100	0.173300	0.186500	0.186500	0.161700	0.257000	0.188100	0.181800	0.201200	0.155700	0.282400
366876.3	0.221300	0.207900	0.237600	0.194800	0.194700	0.197500	0.258400	0.201300	0.210900	0.204400	0.179900	0.227000	0.213000	0.155900	0.148700	0.178500	0.185900	0.184800	0.169000	0.245100	0.190200	0.187500	0.195400	0.165500	0.270600
371971.9	0.224000	0.213900	0.240400	0.198000	0.194600	0.199400	0.271300	0.216200	0.218900	0.202800	0.169900	0.226500	0.220800	0.149600	0.145500	0.171600	0.185300	0.183500	0.160500	0.253700	0.183700	0.181400	0.200100	0.154800	0.276500
377067.4	0.220500	0.209200	0.238400	0.195100	0.193100	0.195700	0.261400	0.206100	0.213400	0.202100	0.171900	0.225100	0.213100	0.151200	0.145900	0.174500	0.184100	0.182000	0.164500	0.249600	0.184400	0.183600	0.196100	0.160700	0.270900
382162.9	0.218300	0.209000	0.235000	0.192600	0.190600	0.193200	0.258200	0.204700	0.210700	0.200300	0.169100	0.223100	0.209800	0.148700	0.142600	0.170700	0.181800	0.180400	0.163100	0.246400	0.182200	0.182200	0.194900	0.158700	0.267600
387258.4	0.220600	0.213200	0.237300	0.195700	0.191200	0.195200	0.265900	0.213200	0.215400	0.199600	0.165700	0.224900	0.215100	0.146000	0.141300	0.168000	0.182200	0.180500	0.156200	0.252000	0.179300	0.176700	0.197400	0.150800	0.273000
392353.9	0.222400	0.213600	0.237300	0.193900	0.191300	0.193600	0.264800	0.213500	0.215100	0.198900	0.164300	0.224300	0.213800	0.145700	0.140200	0.168100	0.182800	0.179300	0.156700	0.249000	0.180000	0.177800	0.196000	0.151200	0.275100
397449.4	0.215500	0.206400	0.231200	0.189500	0.187700	0.189400	0.250900	0.197000	0.206600	0.200100	0.171100	0.223400	0.201700	0.148600	0.142800	0.172600	0.182600	0.178500	0.164500	0.240300	0.179900	0.183600	0.190600	0.162000	0.263100
402544.9	0.219000	0.211900	0.235700	0.192300	0.188700	0.191300	0.260600	0.209100	0.213000	0.198200	0.165200	0.223800	0.207300	0.144600	0.140000	0.168100	0.180800	0.178100	0.157500	0.247600	0.176000	0.177900	0.194600	0.152600	0.272000
407640.4	0.216700	0.206000	0.231000	0.189500	0.187200	0.187600	0.250000	0.195700	0.205400	0.198900	0.168500	0.224000	0.198700	0.147400	0.141900	0.171500	0.181000	0.176500	0.162900	0.238800	0.178800	0.182800	0.190500	0.160600	0.263300
412735.9	0.217500	0.208500	0.232600	0.190100	0.186700	0.188400	0.255500	0.201300	0.209000	0.198400	0.165900	0.224300	0.201400	0.145600	0.141400	0.170500	0.181400	0.177000	0.159800	0.242000	0.177300	0.181000	0.192100	0.157300	0.264200
417831.4	0.215300	0.205900	0.229600	0.188600	0.185300	0.185800	0.251300	0.197400	0.206600	0.197500	0.163000	0.222300	0.198400	0.144300	0.139400	0.169700	0.179600	0.174800	0.160600	0.238700	0.175400	0.180200	0.190200	0.159200	0.261800
422926.9	0.215000	0.204300	0.229600	0.188500	0.185000	0.185300	0.250800	0.195900	0.205800	0.197400	0.162900	0.222400	0.196500	0.144500	0.140400	0.170800	0.179300	0.174500	0.160900	0.237200	0.173800	0.180800	0.189700	0.159300	0.259600
428022.4	0.216000	0.206600	0.230700	0.188400	0.184800	0.185400	0.250900	0.197200	0.206200	0.198500	0.160300	0.224400	0.195800	0.143600	0.138800	0.170400	0.181400	0.174900	0.159600	0.239500	0.174600	0.180100	0.189000	0.157500	0.261300
433117.9	0.218200	0.207700	0.230000	0.188800	0.184100	0.184800	0.256800	0.204700	0.208900	0.195600	0.156600	0.222500	0.199600	0.140900	0.137800	0.166300	0.178800	0.173000	0.155500	0.240900	0.172100	0.176300	0.190100	0.153600	0.265900
438213.4	0.217500	0.206100	0.229700	0.188600	0.184300	0.183700	0.251300	0.197500	0.205900	0.198400	0.159800	0.222800	0.195200	0.142800	0.137200	0.168600	0.179100	0.174000	0.158500	0.238200	0.172700	0.180000	0.189300	0.157100	0.261600
443308.9	0.216600	0.206300	0.228600	0.187900	0.182400	0.184300	0.253800	0.200500	0.207300	0.196300	0.155600	0.223500	0.195400	0.140800	0.136000	0.167100	0.178700	0.173000	0.156300	0.237900	0.171100	0.177800	0.188600	0.155600	0.263300
448404.4	0.218200	0.208100	0.230500	0.189300	0.183100	0.183400	0.255000	0.205300	0.209300	0.196500	0.152800	0.223400	0.197700	0.139700	0.135500	0.165100	0.178900	0.173400	0.153600	0.241400	0.170300	0.174900	0.189700	0.150600	0.263900
453499.9	0.213500	0.201200	0.225300	0.184800	0.180400	0.180300	0.242500	0.189400	0.200500	0.197000	0.158300	0.220600	0.187400	0.143300	0.138100	0.171800	0.179200	0.171300	0.162400	0.232100	0.171700	0.182100	0.184900	0.163100	0.254100
458595.4	0.214900	0.206000	0.228100	0.187800	0.180900	0.180800	0.253900	0.201800	0.207700	0.194800	0.150700	0.219500	0.194300	0.138100	0.134300	0.164400	0.176600	0.171100	0.154600	0.238100	0.167400	0.174800	0.188800	0.152500	0.261900
463690.9	0.218200	0.208400	0.229600	0.188700	0.181500	0.181700	0.259200	0.209700	0.211000	0.194000	0.146800	0.218900	0.196500	0.136000	0.133900	0.162600	0.177700	0.170900	0.151100	0.240600	0.167100	0.172400	0.190000	0.148700	0.266400
468786.4	0.215600	0.203600	0.227200	0.185900	0.179500	0.179100	0.246300	0.193100	0.202200	0.196000	0.153300	0.218200	0.188000	0.141200	0.134600	0.169700	0.178300	0.171000	0.160300	0.234100	0.168700	0.180500	0.185700	0.160800	0.257400
473881.9	0.214700	0.204200	0.227100	0.186400	0.179300	0.179200	0.249500	0.197700	0.204600	0.194300	0.148900	0.217100	0.189900	0.137900	0.134800	0.166900	0.178700	0.169700	0.156400	0.235400	0.167300	0.176300	0.187400	0.156200	0.258900
478977.5	0.217100	0.207500	0.228700	0.188000	0.178200	0.179600	0.258600	0.210200	0.210300	0.191700	0.140000	0.215100	0.196300	0.132700	0.131300	0.160100	0.176000	0.168400	0.147400	0.239700	0.164200	0.169000	0.189400	0.144100	0.266800
484073.0	0.212700	0.199900	0.222900	0.183200	0.176700	0.176600	0.239500	0.185800	0.198200	0.194300	0.152400	0.215400	0.182100	0.140900	0.134600	0.171600	0.177100	0.168600	0.160400	0.228200	0.167300	0.179500	0.182100	0.161400	0.251600
489168.5	0.214100	0.203000	0.224500	0.185800	0.177300	0.177000	0.247500	0.195700	0.203100	0.194000	0.146000	0.215900	0.187800	0.137400	0.133100	0.166200	0.176100	0.169000	0.155400	0.233400	0.164300	0.176400	0.185400	0.155700	0.257600
494264.0	0.216200	0.205700	0.226900	0.187300	0.178400	0.178200	0.253700	0.203000	0.206700	0.193400	0.143100	0.216000	0.190100	0.135300	0.131500	0.163400	0.176800	0.169000	0.150800	0.237300	0.162100	0.171900	0.187300	0.148000	0.262300
499359.5	0.216000	0.205600	0.227200	0.186500	0.177600	0.177300	0.249600	0.198200	0.204300	0.194000	0.145000	0.215600	0.187400	0.136100	0.130200	0.166200	0.178200	0.167500	0.154600	0.234400	0.162200	0.175100	0.186400	0.154000	0.258800
504455.0	0.218300	0.204300	0.224900	0.185600	0.175900	0.175800	0.249300	0.199000	0.203600	0.192700	0.145100	0.214800	0.187700	0.136300	0.131100	0.166700	0.176900	0.168200	0.154400	0.233100	0.164600	0.174900	0.185000	0.154200	0.262800
509550.5	0.214600	0.201500	0.224300	0.184000	0.175500	0.175100	0.242800	0.190600	0.200200	0.192700	0.146200	0.213700	0.181700	0.136600	0.132400	0.166900	0.177400	0.167600	0.155400	0.229800	0.163200	0.176200	0.183300	0.155200	0.255000
514646.0	0.214900	0.200300	0.222100	0.183600	0.174900	0.173300	0.243400	0.193700	0.199600	0.192300	0.145000	0.212500	0.181800	0.137000	0.132000	0.167400	0.176100	0.165200	0.154600	0.227800	0.163000	0.175300	0.182600	0.156000	0.255700
519741.5	0.214500	0.203500	0.224400	0.185100	0.174400	0.174000	0.249000	0.198700	0.203900	0.191100	0.139300	0.211500	0.186300	0.132400	0.129500	0.161500	0.175700	0.165900	0.149000	0.230900	0.157700	0.170300	0.184900	0.149100	0.258900
524837.0	0.214800	0.202400	0.223200	0.184800	0.174700	0.174100	0.246200	0.196400	0.202000	0.192300	0.141500	0.211700	0.183100	0.134000	0.128200	0.164900	0.176900	0.165900	0.152400	0.230300	0.159100	0.173700	0.184100	0.152200	0.257900
529932.5	0.214900	0.202900	0.222900	0.184800	0.174100	0.172900	0.246700	0.198000	0.202400	0.190400	0.138900	0.211000	0.183900	0.132500	0.129900	0.161600	0.175100	0.166400	0.149800	0.228400	0.159100	0.171200	0.183500	0.150000	0.258900
535028.0	0.217000	0.204200	0.223300	0.185200	0.173600	0.173100	0.248600	0.201000	0.203400	0.190700	0.139300	0.211000	0.185500	0.131600	0.127800	0.161300	0.174900	0.165400	0.147100	0.230500	0.157700	0.169100	0.184000	0.146900	0.261800
540123.5	0.212600	0.200500	0.222600	0.184300	0.173800	0.172800	0.240800	0.189100	0.198900	0.192400	0.142100	0.211200	0.180600	0.135100	0.131000	0.166000	0.177400	0.166000	0.155100	0.228200	0.156900	0.175900	0.182000	0.156500	0.252500
545219.0	0.211200	0.198700	0.219200	0.182200	0.171300	0.169700	0.237800	0.187300	0.196600	0.190900	0.141900	0.209800	0.176200	0.134500	0.130200	0.164500	0.175200	0.163300	0.154400	0.223500	0.157600	0.176000	0.179700	0.157400	0.251500
550314.5	0.213900	0.202300	0.221900	0.184100	0.172500	0.172100	0.246100	0.196100	0.202100	0.191000	0.137700	0.210000	0.182500	0.131600	0.128200	0.161100	0.175600	0.164400	0.149100	0.228000	0.155800	0.171300	0.183700	0.149600	0.256100
555410.0	0.212400	0.200000	0.220700	0.183800	0.171900	0.170700	0.241800	0.192800	0.199700	0.191400	0.137400	0.209800	0.179100	0.131600	0.127500	0.161800	0.176500	0.164700	0.149600	0.225800	0.153800	0.171200	0.182000	0.150300	0.250400
560505.5	0.212100	0.199700	0.220100	0.182500	0.171600	0.170000	0.240600	0.191300	0.199100	0.190900	0.138100	0.208300	0.177500	0.131500	0.128900	0.162100	0.174400	0.163300	0.150700	0.224300	0.154800	0.173000	0.181000	0.153000	0.252600
565601.0	0.213800	0.199700	0.220700	0.183200	0.171500	0.169900	0.239700	0.192600	0.198500	0.190800	0.138400	0.209700	0.177700	0.131900	0.127900	0.161300	0.176400	0.163900	0.149600	0.224500	0.155200	0.171700	0.181200	0.151300	0.252100
570696.5	0.214800	0.200600	0.220000	0.183100	0.170800	0.169800	0.239600	0.191800	0.198100	0.190500	0.138300	0.209700	0.177400	0.131400	0.127600	0.162400	0.176900	0.163200	0.149300	0.224800	0.155500	0.171900	0.180600	0.152200	0.250700
575792.0	0.212500	0.196900	0.216600	0.180900	0.168800	0.167900	0.232400	0.186900	0.194100	0.189800	0.141500	0.208500	0.174500	0.133800	0.127300	0.164400	0.175400	0.161900	0.152600	0.219200	0.156600	0.174300	0.177900	0.156300	0.247900
580887.5	0.213900	0.197900	0.218500	0.182100	0.170500	0.168800	0.235900	0.188500	0.196100	0.190500	0.139100	0.209600	0.175200	0.132200	0.128400	0.161700	0.175400	0.163100	0.150300	0.221400	0.155000	0.172500	0.178500	0.152400	0.248200
585983.1	0.210500	0.194700	0.214800	0.179800	0.168600	0.166700	0.231200	0.184600	0.192700	0.189400	0.140800	0.208000	0.171400	0.132600	0.128000	0.163000	0.174000	0.161300	0.152400	0.217400	0.153100	0.173300	0.176200	0.156600	0.244700
591078.6	0.209000	0.192700	0.213900	0.179100	0.168100	0.165700	0.227700	0.180700	0.190900	0.189300	0.140800	0.207200	0.170800	0.132900	0.128500	0.163800	0.174400	0.161900	0.154100	0.215700	0.153100	0.174600	0.175800	0.159200	0.241800
596174.1	0.214200	0.197400	0.216000	0.181400	0.167900	0.166800	0.234600	0.191300	0.195500	0.189000	0.138600	0.207400	0.175400	0.131700	0.127500	0.160600	0.174600	0.161600	0.149100	0.218800	0.154200	0.170900	0.178800	0.152900	0.249600
601269.6	0.212600	0.197400	0.216800	0.181400	0.168700	0.167100	0.234800	0.190100	0.195800	0.190100	0.137900	0.207200	0.175300	0.131100	0.126600	0.160400	0.174500	0.161700	0.146700	0.220400	0.150700	0.169000	0.178700	0.150500	0.248400
606365.1	0.210300	0.191500	0.212100	0.177500	0.166100	0.163700	0.223000	0.178700	0.188000	0.189400	0.143400	0.205200	0.166900	0.134600	0.129400	0.164800	0.173800	0.160500	0.155500	0.212100	0.154400	0.176400	0.173300	0.162500	0.241300
611460.6	0.212000	0.198800	0.216500	0.182200	0.168300	0.166800	0.239900	0.196000	0.199200	0.187400	0.131700	0.206000	0.178800	0.126800	0.123900	0.153300	0.171800	0.161200	0.141500	0.221100	0.147300	0.164500	0.180000	0.143200	0.251100
616556.1	0.212300	0.197600	0.216100	0.181300	0.167300	0.166600	0.238000	0.193100	0.197000	0.187700	0.133000	0.205700	0.176500	0.127700	0.124300	0.154600	0.173400	0.161600	0.143800	0.219100	0.148900	0.166400	0.179000	0.145500	0.251200
621651.6	0.214000	0.197300	0.215400	0.181000	0.167800	0.166500	0.236700	0.194300	0.197000	0.187300	0.134300	0.205200	0.175800	0.128900	0.123700	0.156300	0.173100	0.160500	0.144800	0.216900	0.149600	0.166900	0.178200	0.147200	0.249500
626747.1	0.209900	0.194700	0.213100	0.180200	0.166500	0.165200	0.234200	0.190300	0.195500	0.186800	0.133500	0.204800	0.174100	0.128200	0.124100	0.155800	0.172200	0.160300	0.143800	0.215700	0.147800	0.166600	0.177900	0.147700	0.246400
631842.6	0.210300	0.193900	0.212700	0.179500	0.165700	0.164300	0.231100	0.188100	0.193400	0.187000	0.134500	0.203100	0.172600	0.129000	0.124200	0.155200	0.172200	0.159300	0.145400	0.213900	0.146900	0.167700	0.176800	0.148700	0.243800
636938.1	0.211400	0.195800	0.213400	0.179300	0.165500	0.164700	0.234100	0.191700	0.195000	0.185800	0.131700	0.202800	0.173300	0.126400	0.124100	0.152200	0.171500	0.159900	0.142600	0.215500	0.147200	0.165200	0.177200	0.145100	0.245900
642033.6	0.214100	0.198900	0.215200	0.182200	0.166400	0.165400	0.241100	0.200800	0.199400	0.186100	0.131000	0.203300	0.179100	0.125500	0.124900	0.150500	0.170900	0.160500	0.139900	0.219700	0.147300	0.162100	0.179600	0.142200	0.249600
647129.1	0.211900	0.194900	0.213000	0.179700	0.165300	0.164300	0.232200	0.189900	0.194300	0.186900	0.134400	0.202900	0.173100	0.128600	0.123300	0.154600	0.171200	0.160200	0.144200	0.214700	0.147400	0.167000	0.176700	0.148000	0.244200
652224.6	0.209200	0.192200	0.210800	0.178100	0.164100	0.162300	0.226300	0.183800	0.190700	0.186800	0.134700	0.202400	0.169000	0.128100	0.125600	0.154800	0.171600	0.159400	0.144900	0.209600	0.146900	0.167600	0.174400	0.148700	0.239000
657320.1	0.208900	0.187400	0.207400	0.175400	0.163300	0.161000	0.218400	0.174100	0.184900	0.187100	0.140800	0.201700	0.163100	0.132400	0.126400	0.158700	0.171700	0.158500	0.152100	0.203700	0.148900	0.173100	0.171000	0.158800	0.231500
662415.6	0.207800	0.191200	0.210100	0.177500	0.164100	0.162000	0.226400	0.184800	0.190400	0.185800	0.134100	0.200500	0.170400	0.127800	0.124500	0.152900	0.170200	0.159200	0.144000	0.209000	0.145100	0.166000	0.173400	0.148600	0.238600
667511.1	0.209800	0.194700	0.211700	0.180300	0.164100	0.163300	0.233400	0.193700	0.195700	0.185100	0.129300	0.201100	0.175400	0.124900	0.123000	0.149200	0.170300	0.159500	0.139000	0.213400	0.142000	0.163000	0.177000	0.141800	0.243600
672606.6	0.210200	0.194900	0.211000	0.179300	0.163700	0.162600	0.233100	0.193000	0.194800	0.184600	0.130100	0.199000	0.173800	0.125400	0.123500	0.149300	0.170200	0.158700	0.139700	0.212300	0.142600	0.162200	0.175800	0.141400	0.240900
677702.1	0.208400	0.190900	0.209200	0.177200	0.162500	0.161900	0.225700	0.184100	0.189500	0.185300	0.133800	0.199200	0.169500	0.127600	0.123400	0.152800	0.171000	0.157700	0.143900	0.208100	0.145200	0.166900	0.173300	0.148600	0.237100
682797.7	0.209800	0.193200	0.209900	0.178600	0.162100	0.161800	0.230200	0.190300	0.192800	0.184500	0.131400	0.198900	0.172800	0.126100	0.122400	0.150200	0.168900	0.158300	0.140000	0.210400	0.143200	0.163600	0.175000	0.144300	0.240700
687893.2	0.207900	0.190200	0.208500	0.176700	0.161100	0.160700	0.222100	0.180700	0.187600	0.185200	0.133600	0.198500	0.167100	0.128200	0.124800	0.152200	0.169300	0.157300	0.143500	0.204800	0.144800	0.167200	0.172200	0.147900	0.234800
692988.7	0.208200	0.189400	0.207400	0.176700	0.161300	0.160400	0.226200	0.186100	0.190300	0.183400	0.130800	0.197000	0.171400	0.126300	0.123300	0.148400	0.167800	0.156600	0.139500	0.206100	0.141900	0.162400	0.172600	0.143200	0.237000
698084.2	0.206500	0.188300	0.207500	0.175300	0.160900	0.160000	0.218200	0.176500	0.185400	0.186300	0.137500	0.197700	0.164200	0.129600	0.124500	0.154500	0.169900	0.156800	0.147400	0.202200	0.145100	0.169500	0.170500	0.154200	0.231400
703179.7	0.208800	0.190300	0.208600	0.177000	0.160300	0.161300	0.223400	0.184400	0.189400	0.185200	0.133300	0.195400	0.169400	0.127400	0.122500	0.150700	0.169400	0.157500	0.143000	0.206400	0.142800	0.166400	0.171500	0.148000	0.236400
708275.2	0.205800	0.187400	0.206400	0.175100	0.160900	0.160200	0.218600	0.178200	0.186100	0.185400	0.133000	0.195900	0.165200	0.127800	0.123400	0.150800	0.168700	0.157100	0.143000	0.203200	0.142700	0.166500	0.170400	0.148000	0.231600
713370.7	0.206800	0.188900	0.207000	0.175700	0.160400	0.160100	0.221200	0.181500	0.187100	0.185900	0.134100	0.195200	0.167400	0.128300	0.123800	0.150300	0.169500	0.156600	0.143100	0.203900	0.144500	0.167000	0.171400	0.149800	0.232600
718466.2	0.206400	0.188000	0.206100	0.175200	0.159500	0.159700	0.220300	0.179800	0.186500	0.184200	0.132800	0.194200	0.166200	0.127000	0.122200	0.149300	0.167300	0.156000	0.142000	0.203100	0.142900	0.165700	0.170200	0.147200	0.231600
723561.7	0.208300	0.190300	0.207100	0.176200	0.160600	0.160600	0.225000	0.187700	0.190000	0.183700	0.130500	0.194300	0.170300	0.125700	0.120700	0.146800	0.167800	0.156600	0.138600	0.205500	0.141400	0.162200	0.173300	0.141500	0.236100
728657.2	0.204600	0.183000	0.203100	0.172700	0.158500	0.157200	0.210500	0.170300	0.180700	0.185800	0.139400	0.193100	0.160500	0.131100	0.124300	0.153300	0.168300	0.156400	0.149100	0.197100	0.146000	0.172500	0.167300	0.157800	0.222900
733752.7	0.206600	0.188100	0.206100	0.176100	0.160000	0.158900	0.222400	0.185600	0.189100	0.183000	0.130200	0.192600	0.169400	0.125700	0.121600	0.145700	0.167400	0.156800	0.138100	0.202400	0.140900	0.162800	0.172300	0.142700	0.231700
738848.2	0.206900	0.184600	0.203200	0.173100	0.158100	0.158300	0.213000	0.174900	0.182300	0.183700	0.137000	0.192000	0.162100	0.129700	0.123900	0.152500	0.168200	0.155600	0.146500	0.196700	0.145400	0.170300	0.168400	0.155000	0.227000
743943.7	0.204800	0.185300	0.204400	0.174400	0.159800	0.158800	0.215800	0.178700	0.185500	0.184200	0.132500	0.192100	0.164700	0.127700	0.123100	0.147400	0.168600	0.157400	0.142000	0.199000	0.140600	0.165800	0.170400	0.147300	0.227700
749039.2	0.205500	0.185200	0.202800	0.174600	0.158900	0.158000	0.217200	0.179900	0.185600	0.182600	0.131500	0.191100	0.163900	0.126100	0.121600	0.145200	0.166800	0.155700	0.138700	0.197900	0.140500	0.163800	0.169900	0.144300	0.227900
754134.7	0.204000	0.183700	0.202400	0.173200	0.157900	0.157800	0.214300	0.174600	0.183600	0.183400	0.134200	0.190100	0.162500	0.127500	0.123700	0.147500	0.166900	0.156200	0.142600	0.196700	0.142400	0.166300	0.168700	0.149800	0.224800
759230.2	0.205200	0.186800	0.204200	0.174500	0.157700	0.158700	0.220000	0.183500	0.187700	0.182700	0.129900	0.190300	0.167200	0.124600	0.120700	0.144300	0.166400	0.155200	0.138700	0.199800	0.140200	0.162900	0.170400	0.143400	0.229400
764325.7	0.207300	0.188200	0.204700	0.176300	0.158400	0.159200	0.224200	0.190200	0.190100	0.181400	0.128300	0.188700	0.170600	0.123400	0.119100	0.142400	0.163900	0.155300	0.136000	0.202100	0.138500	0.159400	0.171600	0.140900	0.233600
769421.2	0.204100	0.185500	0.202700	0.174100	0.157600	0.157600	0.218200	0.181000	0.186400	0.181900	0.130800	0.188400	0.166600	0.125300	0.122100	0.143900	0.165100	0.155200	0.138700	0.197400	0.138900	0.162600	0.170000	0.146000	0.227000
774516.7	0.204000	0.184500	0.202800	0.174000	0.158200	0.158300	0.216100	0.179600	0.186300	0.181800	0.129000	0.188100	0.165700	0.125700	0.123500	0.143400	0.165400	0.155100	0.138900	0.197300	0.139700	0.162900	0.169900	0.144600	0.224900
779612.2	0.204800	0.186000	0.202600	0.174600	0.157400	0.157400	0.219400	0.183500	0.186800	0.181800	0.129900	0.187700	0.167000	0.124900	0.120400	0.142600	0.164400	0.155400	0.137900	0.198900	0.140300	0.162000	0.170200	0.143500	0.228200
784707.7	0.202300	0.183100	0.200700	0.173400	0.156900	0.156700	0.212000	0.175200	0.182800	0.182600	0.132600	0.187100	0.163300	0.126100	0.122800	0.145000	0.164100	0.154700	0.141600	0.193900	0.139700	0.166500	0.168300	0.149300	0.223500
789803.3	0.203500	0.184100	0.202300	0.173500	0.157000	0.157800	0.215000	0.177900	0.184700	0.181700	0.131300	0.186600	0.164900	0.125900	0.123100	0.144400	0.165300	0.155100	0.140300	0.195800	0.139600	0.164800	0.169500	0.147200	0.222600
794898.8	0.204800	0.186100	0.202000	0.174600	0.157400	0.157500	0.219900	0.185900	0.188200	0.180800	0.126900	0.186200	0.168900	0.123300	0.119800	0.139000	0.162700	0.154600	0.134300	0.197800	0.137500	0.158700	0.169900	0.139600	0.227100
799994.3	0.201700	0.181300	0.198400	0.171600	0.156200	0.156000	0.209200	0.173700	0.181200	0.182200	0.133800	0.185700	0.161100	0.127400	0.122500	0.144800	0.164300	0.153300	0.143300	0.193000	0.139800	0.166500	0.166500	0.152000	0.221000
805089.8	0.201100	0.182000	0.199700	0.172500	0.156400	0.156000	0.213600	0.177600	0.184000	0.180900	0.130300	0.184800	0.163900	0.124600	0.121800	0.142300	0.162800	0.154600	0.138900	0.193700	0.137100	0.162000	0.167800	0.145800	0.221000
810185.3	0.203000	0.183400	0.200000	0.172800	0.157200	0.156700	0.214400	0.180900	0.184800	0.181500	0.131000	0.185800	0.165400	0.125300	0.121200	0.142200	0.162200	0.154400	0.138900	0.194900	0.139700	0.162700	0.167800	0.145700	0.223600
815280.8	0.202800	0.180200	0.198000	0.170600	0.155700	0.155600	0.207500	0.172200	0.180100	0.183000	0.135500	0.184700	0.159100	0.128200	0.122100	0.145800	0.163900	0.153900	0.144300	0.189700	0.142400	0.168100	0.165900	0.154300	0.218500
820376.3	0.202100	0.180500	0.199100	0.170900	0.156000	0.156300	0.207100	0.172700	0.180800	0.182300	0.134900	0.185300	0.160800	0.128600	0.123000	0.144900	0.163200	0.154400	0.143600	0.191500	0.140600	0.167200	0.166100	0.153200	0.218900
825471.8	0.203600	0.184000	0.200700	0.174000	0.157400	0.157900	0.218900	0.186000	0.188200	0.180800	0.127400	0.184300	0.169400	0.123400	0.120600	0.138700	0.162400	0.154300	0.134200	0.196600	0.138100	0.159300	0.170000	0.140400	0.225000
830567.3	0.201400	0.180500	0.198000	0.170600	0.155000	0.155000	0.210000	0.176000	0.182000	0.180500	0.130400	0.183200	0.160500	0.125300	0.123200	0.141500	0.162100	0.153700	0.138100	0.190700	0.140300	0.163300	0.165400	0.146200	0.219800
835662.8	0.199500	0.176900	0.195200	0.168100	0.154100	0.153600	0.202100	0.166500	0.176500	0.180800	0.136500	0.182500	0.156800	0.128500	0.123000	0.144200	0.162100	0.152600	0.144200	0.185300	0.140600	0.168400	0.162700	0.155500	0.215000
840758.3	0.202800	0.183600	0.199700	0.172400	0.155700	0.156600	0.215400	0.184100	0.186200	0.179800	0.126500	0.182500	0.168200	0.122300	0.120600	0.137500	0.161400	0.152900	0.134800	0.194200	0.138000	0.158700	0.168500	0.140600	0.223500
845853.8	0.201700	0.183200	0.199200	0.172000	0.156200	0.156100	0.213800	0.181400	0.185800	0.180000	0.128000	0.182600	0.166700	0.123800	0.120200	0.138200	0.161100	0.154000	0.136400	0.192800	0.136800	0.161000	0.168100	0.142600	0.222900
850949.3	0.199900	0.180500	0.197900	0.170200	0.154700	0.155100	0.208500	0.175100	0.181600	0.180300	0.130600	0.182200	0.162400	0.126000	0.122000	0.140200	0.159600	0.153100	0.139300	0.190200	0.137300	0.162700	0.166500	0.146300	0.217800
856044.8	0.202400	0.181000	0.198300	0.170600	0.155300	0.155400	0.209900	0.177800	0.182300	0.180400	0.128800	0.182300	0.162500	0.124300	0.121800	0.138500	0.161100	0.153000	0.136300	0.190000	0.138700	0.161500	0.165900	0.144000	0.219000
861140.3	0.201300	0.182400	0.198900	0.171900	0.155300	0.156000	0.214200	0.182300	0.185200	0.179500	0.127100	0.181300	0.166000	0.123100	0.120500	0.136800	0.159700	0.153200	0.135800	0.192100	0.135300	0.159800	0.167700	0.141800	0.219900
866235.8	0.203100	0.183600	0.197700	0.171800	0.154800	0.154700	0.214400	0.185600	0.185800	0.178000	0.126200	0.180200	0.167700	0.122200	0.120600	0.135200	0.158900	0.152500	0.131700	0.191100	0.136800	0.156200	0.168300	0.137400	0.222700
871331.3	0.202600	0.183900	0.199600	0.172600	0.155500	0.156800	0.215800	0.184900	0.186800	0.179400	0.126900	0.181500	0.167100	0.123000	0.120100	0.136200	0.160300	0.152700	0.134300	0.193600	0.136100	0.159100	0.168900	0.140400	0.221300
876426.8	0.200300	0.181700	0.198600	0.171300	0.155500	0.155900	0.212200	0.181000	0.185200	0.179300	0.127800	0.180600	0.165200	0.123800	0.120000	0.136700	0.159000	0.152700	0.135500	0.189900	0.135900	0.159600	0.167900	0.143100	0.218800
881522.3	0.197900	0.179500	0.196700	0.169800	0.154600	0.154600	0.208300	0.177300	0.182600	0.180000	0.128600	0.180700	0.163500	0.124900	0.121900	0.137100	0.159400	0.153100	0.137300	0.188600	0.135300	0.161500	0.165900	0.143800	0.213700
886617.8	0.201500	0.180900	0.197600	0.170400	0.154400	0.155300	0.210600	0.179900	0.183400	0.179700	0.128500	0.179500	0.163700	0.124200	0.120000	0.136000	0.158600	0.152700	0.135400	0.189900	0.137300	0.160000	0.166800	0.143200	0.217600
891713.3	0.198100	0.176000	0.194400	0.168100	0.153300	0.152900	0.202200	0.169000	0.177800	0.180200	0.132600	0.178900	0.159100	0.127100	0.122500	0.139500	0.158400	0.152000	0.141100	0.184200	0.137600	0.165200	0.164000	0.150300	0.213000
896808.8	0.201100	0.180100	0.196400	0.169500	0.153600	0.153900	0.209000	0.178500	0.182600	0.178100	0.126300	0.177600	0.162800	0.123400	0.120200	0.134400	0.159000	0.151900	0.133800	0.187300	0.135500	0.158200	0.165500	0.140200	0.216400
901904.3	0.198400	0.178900	0.196000	0.169000	0.153400	0.154100	0.207900	0.176100	0.181100	0.178900	0.126600	0.179100	0.161400	0.124100	0.121700	0.134200	0.158100	0.152100	0.135300	0.186900	0.135300	0.160600	0.165200	0.143000	0.214000
906999.9	0.200900	0.181300	0.198100	0.171300	0.154100	0.155200	0.215800	0.185000	0.186500	0.177900	0.124200	0.178600	0.168100	0.121500	0.119900	0.132000	0.156700	0.152400	0.131000	0.190600	0.135400	0.155800	0.167500	0.136400	0.218400
912095.4	0.198900	0.179100	0.195900	0.168500	0.153300	0.154500	0.207400	0.177700	0.181800	0.178800	0.128800	0.177500	0.162000	0.123300	0.120200	0.134800	0.156800	0.151800	0.135700	0.186300	0.136300	0.159800	0.165000	0.143300	0.216000
917190.9	0.198000	0.176100	0.193100	0.167100	0.152000	0.152200	0.202300	0.171800	0.177800	0.178600	0.131800	0.176500	0.159500	0.126400	0.120700	0.136100	0.157400	0.150700	0.138400	0.184100	0.136400	0.162900	0.162900	0.147600	0.211300
922286.4	0.196700	0.176200	0.194100	0.167500	0.152300	0.152800	0.202400	0.172600	0.178900	0.178800	0.130700	0.175900	0.159900	0.124800	0.120100	0.135600	0.156300	0.151000	0.137000	0.184200	0.137500	0.161800	0.163800	0.145500	0.210600
927381.9	0.199400	0.179100	0.194700	0.168500	0.152900	0.154000	0.207700	0.179100	0.182200	0.177600	0.127800	0.176500	0.163400	0.123200	0.120800	0.133400	0.156000	0.150900	0.133600	0.186600	0.136200	0.158500	0.165800	0.140700	0.215000
932477.4	0.198600	0.177700	0.194300	0.167600	0.152400	0.152800	0.205200	0.176900	0.180600	0.178500	0.129500	0.176100	0.162000	0.124500	0.119700	0.134900	0.157300	0.151000	0.136800	0.184100	0.135800	0.160500	0.164400	0.144800	0.212000
937572.9	0.197200	0.176800	0.194000	0.167600	0.152200	0.153200	0.206100	0.176000	0.180900	0.178300	0.129400	0.176500	0.161100	0.123500	0.119500	0.134000	0.155900	0.151500	0.135600	0.184900	0.135500	0.159900	0.164300	0.143300	0.211100
942668.4	0.196800	0.177900	0.194400	0.167400	0.151900	0.153400	0.206600	0.177400	0.182000	0.176800	0.125300	0.175400	0.162600	0.121800	0.120500	0.131700	0.155400	0.149800	0.132900	0.185600	0.135200	0.158600	0.164600	0.140600	0.211000
947763.9	0.195700	0.175400	0.192700	0.166700	0.152700	0.152900	0.203600	0.173600	0.179900	0.179300	0.128900	0.175400	0.161100	0.125200	0.120600	0.134400	0.155900	0.151700	0.137200	0.183700	0.133900	0.161200	0.164300	0.144800	0.208200
952859.4	0.193900	0.170900	0.190000	0.163700	0.150100	0.150200	0.193500	0.162200	0.173000	0.179000	0.134900	0.174400	0.153400	0.127900	0.121400	0.138100	0.154900	0.150500	0.143200	0.177300	0.137900	0.166600	0.159700	0.154700	0.201900
957954.9	0.194900	0.174500	0.192100	0.164900	0.151400	0.152000	0.199800	0.170200	0.177800	0.177000	0.127900	0.175000	0.158400	0.124100	0.122400	0.133000	0.154500	0.151000	0.136200	0.180200	0.135700	0.160000	0.162800	0.144200	0.206000
963050.4	0.197900	0.177200	0.193600	0.166500	0.151500	0.152000	0.205600	0.177500	0.180600	0.177400	0.128500	0.174500	0.162600	0.123200	0.118900	0.132200	0.154000	0.150400	0.134700	0.182900	0.138000	0.160100	0.164500	0.143100	0.210900
968145.9	0.194800	0.174500	0.191000	0.163700	0.150800	0.151500	0.197500	0.167300	0.176000	0.178400	0.131900	0.174100	0.157300	0.125500	0.120900	0.135300	0.154200	0.150600	0.139600	0.178700	0.136900	0.163800	0.161100	0.149000	0.204900
973241.4	0.195500	0.174700	0.192400	0.165600	0.151100	0.152900	0.199200	0.168100	0.177300	0.178800	0.130900	0.174400	0.157400	0.125900	0.121600	0.135300	0.154900	0.151100	0.139100	0.181200	0.136000	0.163300	0.162300	0.149100	0.205900
978336.9	0.195100	0.174200	0.190900	0.164700	0.150700	0.151500	0.199000	0.171500	0.177300	0.177700	0.129600	0.172800	0.158400	0.125200	0.119800	0.133100	0.154000	0.150200	0.137200	0.179800	0.135500	0.162600	0.162300	0.146900	0.206000
983432.4	0.192700	0.172900	0.190200	0.164100	0.150500	0.151600	0.197700	0.167200	0.176000	0.178100	0.130000	0.172900	0.157100	0.124500	0.121700	0.133700	0.153500	0.150100	0.136900	0.179000	0.134800	0.162300	0.161800	0.146400	0.203900
988527.9	0.195600	0.175700	0.192600	0.166200	0.151600	0.152500	0.202100	0.173200	0.179000	0.178700	0.130300	0.173300	0.160200	0.124900	0.119000	0.133600	0.153800	0.150900	0.137800	0.181700	0.137100	0.162600	0.164000	0.147400	0.208200
993623.4	0.196500	0.175800	0.191800	0.165600	0.150300	0.152300	0.201500	0.174500	0.179200	0.176800	0.127800	0.173700	0.159600	0.122700	0.119000	0.131500	0.153300	0.150000	0.133700	0.181100	0.136100	0.159700	0.163100	0.141700	0.208300
998718.9	0.194500	0.174200	0.191400	0.164600	0.151000	0.151900	0.200400	0.172500	0.178000	0.177500	0.128900	0.172500	0.159600	0.123600	0.118600	0.131200	0.153100	0.150700	0.135100	0.179800	0.136400	0.160900	0.162800	0.144300	0.206500
1003814.4	0.195800	0.175000	0.191500	0.164900	0.150700	0.152300	0.202500	0.174900	0.179200	0.177000	0.128900	0.171200	0.160400	0.123100	0.119700	0.131000	0.153100	0.150300	0.134400	0.181200	0.136100	0.159500	0.163100	0.143500	0.208700
1008910.0	0.194100	0.174200	0.190700	0.163800	0.149900	0.151900	0.200600	0.174900	0.178900	0.176300	0.128200	0.171500	0.160400	0.122700	0.119100	0.130700	0.152400	0.150200	0.134000	0.179700	0.133900	0.159900	0.162800	0.143500	0.206900
1014005.5	0.195800	0.175200	0.190600	0.164700	0.149900	0.151400	0.203400	0.176800	0.180300	0.175200	0.124700	0.171300	0.162100	0.121000	0.119500	0.128500	0.152700	0.149300	0.131000	0.179700	0.135800	0.157100	0.163000	0.139700	0.209600
1019101.0	0.194100	0.173300	0.190200	0.163000	0.150300	0.150900	0.197400	0.169400	0.176400	0.177600	0.130900	0.171400	0.157100	0.125300	0.119800	0.133000	0.153300	0.150300	0.137900	0.178900	0.134900	0.162400	0.161900	0.148600	0.205100
1024196.5	0.194800	0.173400	0.189600	0.163000	0.150100	0.150700	0.199000	0.171300	0.177400	0.177300	0.129100	0.171100	0.158900	0.124200	0.120000	0.130900	0.152800	0.149700	0.135700	0.178300	0.135600	0.160500	0.161900	0.144700	0.204300
1029292.0	0.195800	0.176100	0.190800	0.164500	0.150100	0.151600	0.202400	0.177600	0.179900	0.176100	0.126900	0.170700	0.163000	0.121900	0.118800	0.128300	0.152700	0.149400	0.132600	0.180800	0.135800	0.158100	0.163800	0.141400	0.209300
1034387.5	0.195700	0.176300	0.191800	0.165300	0.150200	0.152500	0.205700	0.179000	0.182300	0.176400	0.124800	0.170600	0.163200	0.120400	0.118600	0.127200	0.153100	0.150400	0.130100	0.183000	0.133800	0.155800	0.165300	0.136700	0.210000
1039483.0	0.193800	0.174400	0.190100	0.163400	0.150000	0.150600	0.201100	0.176400	0.179800	0.176100	0.126300	0.169800	0.162200	0.122500	0.118300	0.128400	0.151100	0.149700	0.132700	0.180100	0.133900	0.158000	0.163600	0.140100	0.206800
1044578.5	0.193400	0.173100	0.189900	0.163100	0.149600	0.150300	0.198500	0.171500	0.177100	0.177600	0.129500	0.170000	0.159500	0.124400	0.119600	0.131200	0.152600	0.150200	0.135300	0.179200	0.134900	0.159800	0.161600	0.145200	0.205700
1049674.0	0.196400	0.178900	0.192800	0.166200	0.151100	0.152600	0.210300	0.186900	0.185700	0.175600	0.122500	0.170100	0.168000	0.119400	0.118000	0.125100	0.151600	0.150800	0.126200	0.184600	0.132000	0.152500	0.166400	0.131400	0.211500
1054769.5	0.195600	0.176200	0.191500	0.163700	0.150100	0.151600	0.205800	0.180200	0.181400	0.176500	0.123800	0.170100	0.164200	0.119900	0.118900	0.126100	0.151300	0.150600	0.129100	0.181200	0.132800	0.153700	0.164000	0.134700	0.209100
1059865.0	0.190200	0.171800	0.187600	0.161600	0.148600	0.149600	0.196000	0.170000	0.176600	0.176500	0.128000	0.168800	0.158500	0.123200	0.118800	0.129900	0.151500	0.149800	0.134900	0.175800	0.133300	0.159800	0.161900	0.143400	0.200600
1064960.5	0.193600	0.171500	0.188600	0.160800	0.148000	0.149600	0.193400	0.166600	0.174100	0.176900	0.130500	0.168600	0.156400	0.124700	0.121400	0.131000	0.151500	0.149200	0.137300	0.176000	0.136500	0.159900	0.159500	0.145400	0.200000
1070056.0	0.194600	0.175800	0.191900	0.164200	0.149500	0.152000	0.204300	0.179800	0.181900	0.176900	0.124700	0.169300	0.163800	0.120800	0.118700	0.126600	0.151400	0.150100	0.130400	0.179800	0.132600	0.155500	0.164400	0.134900	0.207500
1075151.5	0.193400	0.171000	0.187700	0.160900	0.146500	0.149300	0.196400	0.171000	0.175400	0.175000	0.128900	0.167300	0.158000	0.123100	0.118300	0.129100	0.150100	0.147700	0.133600	0.175100	0.135200	0.157900	0.160400	0.142200	0.203000
1080247.0	0.191500	0.171300	0.189100	0.161600	0.147100	0.149900	0.195900	0.169200	0.176400	0.175700	0.126700	0.168300	0.157000	0.122800	0.120200	0.129200	0.151500	0.148800	0.135000	0.176100	0.134600	0.159100	0.161300	0.142200	0.200500
1085342.5	0.192600	0.171100	0.188100	0.160600	0.147400	0.149500	0.194400	0.167200	0.174700	0.176000	0.129100	0.168000	0.157700	0.123800	0.120100	0.129600	0.151100	0.149100	0.135800	0.175000	0.135400	0.159600	0.160300	0.144100	0.200900
1090438.0	0.192500	0.172200	0.189100	0.161000	0.147700	0.150000	0.196800	0.170700	0.176200	0.175100	0.125600	0.167800	0.159300	0.122600	0.119400	0.127500	0.150100	0.148900	0.132400	0.176200	0.134100	0.156700	0.161200	0.139600	0.200300
1095533.5	0.193300	0.171800	0.188200	0.160400	0.147500	0.149600	0.195400	0.170300	0.175100	0.175800	0.129300	0.167500	0.159100	0.124000	0.119900	0.129400	0.150800	0.148100	0.135300	0.175100	0.136300	0.159600	0.161100	0.143900	0.201700
1100629.0	0.191800	0.171400	0.187800	0.160300	0.146900	0.148900	0.196600	0.170600	0.175700	0.174500	0.125500	0.167000	0.158400	0.122000	0.118600	0.126700	0.150100	0.148100	0.132400	0.174300	0.132600	0.156000	0.160600	0.140100	0.200500
1105724.5	0.192600	0.172100	0.189100	0.161900	0.148200	0.150500	0.198900	0.172800	0.177400	0.176500	0.126400	0.168200	0.160700	0.122900	0.119800	0.128000	0.150200	0.149300	0.132500	0.176800	0.134400	0.156200	0.162400	0.139600	0.200400
1110820.0	0.191600	0.171800	0.189100	0.160600	0.147600	0.150100	0.196100	0.170500	0.176000	0.175700	0.128400	0.167200	0.158800	0.123600	0.118100	0.128500	0.151300	0.148400	0.134600	0.176000	0.133900	0.158000	0.159800	0.142200	0.200300
1115915.6	0.192200	0.170000	0.187300	0.159800	0.146500	0.149000	0.193300	0.167100	0.173800	0.175200	0.127300	0.166300	0.156000	0.124100	0.119900	0.128000	0.149400	0.148700	0.134100	0.172200	0.134900	0.158500	0.159300	0.142900	0.198400
1121011.1	0.193800	0.173300	0.189100	0.161700	0.147700	0.150300	0.199800	0.175300	0.178700	0.174700	0.125200	0.166100	0.161900	0.121900	0.118600	0.126000	0.148900	0.148500	0.130300	0.176000	0.135000	0.155100	0.162000	0.137800	0.202700
1126106.6	0.193000	0.173000	0.190600	0.161900	0.147500	0.151200	0.200100	0.175500	0.178600	0.176100	0.126400	0.167800	0.162500	0.122400	0.117400	0.126800	0.150800	0.149400	0.131300	0.178700	0.133600	0.155500	0.163000	0.137600	0.200600
1131202.1	0.191200	0.169700	0.186900	0.158600	0.145600	0.148500	0.191200	0.165500	0.172900	0.175000	0.127700	0.165400	0.156000	0.123700	0.119400	0.127800	0.150600	0.147800	0.133900	0.172200	0.134500	0.158900	0.158900	0.142800	0.197400
1136297.6	0.190800	0.170600	0.187000	0.159400	0.147200	0.149300	0.194600	0.169400	0.175300	0.174700	0.125000	0.165200	0.157700	0.122300	0.117600	0.124600	0.150400	0.147900	0.132100	0.172600	0.134100	0.156900	0.160600	0.139000	0.199500
1141393.1	0.190800	0.170000	0.187100	0.159300	0.146600	0.149000	0.195000	0.170800	0.175100	0.174900	0.125900	0.165500	0.158400	0.122800	0.118100	0.126100	0.149600	0.147600	0.132300	0.173400	0.134900	0.156400	0.160500	0.139500	0.198300
1146488.6	0.191500	0.172600	0.188700	0.161200	0.147300	0.150100	0.200500	0.176900	0.179500	0.174700	0.122500	0.165900	0.162300	0.120700	0.117900	0.124100	0.149400	0.148500	0.128000	0.176300	0.132500	0.152400	0.163000	0.133600	0.202900
1151584.1	0.190000	0.167000	0.185400	0.157400	0.145100	0.148200	0.188800	0.164200	0.171100	0.175300	0.130100	0.164300	0.153900	0.124900	0.118900	0.128300	0.149700	0.147500	0.136500	0.169700	0.135000	0.159400	0.158100	0.145600	0.193400
1156679.6	0.190500	0.168700	0.187400	0.158200	0.146900	0.148800	0.192500	0.166500	0.173800	0.175200	0.127000	0.165800	0.157300	0.124100	0.120500	0.126800	0.151000	0.148100	0.134500	0.171400	0.135600	0.157800	0.160000	0.142900	0.195100
1161775.1	0.194100	0.173000	0.189800	0.160800	0.146600	0.150600	0.202500	0.179600	0.180500	0.173800	0.122200	0.165800	0.164400	0.119300	0.120000	0.122500	0.149900	0.148300	0.127800	0.176000	0.133700	0.152100	0.163700	0.133600	0.202000
1166870.6	0.192000	0.169600	0.188400	0.159200	0.146700	0.149700	0.194500	0.167400	0.175400	0.175800	0.127100	0.166800	0.158300	0.123200	0.119800	0.126800	0.151800	0.149300	0.134400	0.173000	0.135200	0.157800	0.161400	0.142200	0.197100
1171966.1	0.192300	0.167200	0.187500	0.157900	0.146600	0.149000	0.191000	0.163700	0.173000	0.177500	0.131500	0.167600	0.155600	0.125800	0.123100	0.129800	0.152500	0.148900	0.137500	0.170400	0.137500	0.161100	0.160600	0.147200	0.193600
1177061.6	0.192600	0.168000	0.187900	0.159000	0.146900	0.149700	0.192900	0.165800	0.174700	0.178200	0.129500	0.167000	0.156300	0.124900	0.121800	0.128500	0.153600	0.149300	0.137900	0.172500	0.135500	0.161800	0.161200	0.147000	0.193100
1182157.1	0.193300	0.169400	0.189300	0.160300	0.147200	0.150700	0.197700	0.171200	0.177600	0.177300	0.125700	0.168000	0.161000	0.123100	0.120100	0.125400	0.151700	0.149200	0.132500	0.174400	0.134000	0.157500	0.163400	0.139200	0.197900
1187252.6	0.193000	0.167300	0.187700	0.158200	0.146400	0.149800	0.192200	0.166400	0.174300	0.177700	0.130600	0.167300	0.157600	0.125200	0.121500	0.128500	0.152500	0.148700	0.136500	0.171200	0.137700	0.160500	0.161800	0.144200	0.196900
1192348.1	0.192000	0.169600	0.188800	0.159600	0.147500	0.149700	0.197200	0.171400	0.177800	0.178000	0.127600	0.166900	0.160600	0.123700	0.121100	0.125800	0.150600	0.149500	0.133600	0.173600	0.133400	0.158600	0.163600	0.140800	0.197200
1197443.6	0.191700	0.167900	0.188100	0.158400	0.147500	0.149800	0.195000	0.168700	0.175600	0.177900	0.127900	0.167200	0.158700	0.124300	0.121200	0.127300	0.152200	0.149000	0.136200	0.171500	0.134000	0.159100	0.163300	0.142400	0.195100
1202539.1	0.193700	0.170600	0.190100	0.160100	0.147500	0.151400	0.199500	0.173900	0.179600	0.178700	0.127200	0.167700	0.162500	0.124400	0.122400	0.125500	0.152900	0.150300	0.134500	0.174800	0.134900	0.158600	0.165300	0.141000	0.198600
1207634.6	0.194700	0.174000	0.192700	0.161300	0.148700	0.153000	0.204800	0.180400	0.183100	0.177100	0.123400	0.167400	0.168000	0.121100	0.118900	0.122500	0.151800	0.150100	0.128300	0.178800	0.132600	0.153300	0.167200	0.134400	0.202700
1212730.1	0.190800	0.167400	0.186800	0.157300	0.145100	0.148200	0.194800	0.170400	0.176100	0.174900	0.125900	0.165400	0.158900	0.121600	0.121400	0.123300	0.150400	0.148200	0.130300	0.171100	0.134800	0.155400	0.161900	0.139300	0.195300
1217825.6	0.190500	0.168200	0.187600	0.157700	0.146100	0.149000	0.196100	0.171500	0.178000	0.176300	0.124900	0.165400	0.160500	0.122000	0.121500	0.123400	0.151000	0.148500	0.131900	0.171100	0.132400	0.156800	0.163900	0.138700	0.193500
1222921.2	0.189900	0.167300	0.187100	0.157500	0.145500	0.148500	0.194700	0.170800	0.176700	0.175300	0.124700	0.165100	0.160100	0.121600	0.118800	0.123100	0.150800	0.147700	0.131100	0.170400	0.133300	0.154900	0.162600	0.137300	0.196300
1228016.7	0.192700	0.170400	0.189600	0.158000	0.145600	0.150300	0.198400	0.174600	0.178500	0.176800	0.126400	0.165600	0.162500	0.122400	0.119300	0.123200	0.150500	0.148800	0.132200	0.173700	0.135000	0.156300	0.163500	0.139000	0.198500
1233112.2	0.188300	0.166500	0.186000	0.156600	0.145400	0.148400	0.190600	0.164700	0.173900	0.177000	0.127400	0.165600	0.156300	0.123800	0.123700	0.125200	0.150900	0.148300	0.135300	0.167700	0.133600	0.160000	0.161500	0.143700	0.190500
1238207.7	0.192400	0.171000	0.189900	0.158600	0.147000	0.150700	0.201500	0.177500	0.181200	0.176300	0.124000	0.165900	0.164500	0.121500	0.119300	0.121500	0.150900	0.149200	0.130000	0.174400	0.131400	0.153400	0.166500	0.135200	0.197300
1243303.2	0.191200	0.167100	0.187200	0.156500	0.145000	0.148800	0.193000	0.169200	0.175400	0.175800	0.128400	0.164500	0.158900	0.124200	0.120300	0.125200	0.150000	0.148400	0.135000	0.169000	0.135600	0.158600	0.162400	0.143900	0.195000
1248398.7	0.190200	0.167600	0.188100	0.157200	0.145400	0.149000	0.195100	0.170500	0.177000	0.176200	0.125900	0.165200	0.159700	0.122800	0.119900	0.123200	0.151100	0.148900	0.132000	0.169500	0.133600	0.156700	0.163500	0.138700	0.192400
1253494.2	0.190500	0.165800	0.186500	0.156500	0.145000	0.148400	0.191800	0.165800	0.174200	0.175900	0.128900	0.164600	0.157500	0.124100	0.121000	0.124500	0.150700	0.148600	0.134500	0.167600	0.135700	0.158300	0.162900	0.142300	0.191500
1258589.7	0.191300	0.169900	0.190200	0.158600	0.146000	0.150300	0.199600	0.175700	0.180200	0.176000	0.123800	0.165300	0.163500	0.121400	0.119600	0.121900	0.150200	0.148500	0.130600	0.173400	0.132200	0.155200	0.164900	0.135600	0.195700
1263685.2	0.191500	0.169900	0.190800	0.158100	0.146000	0.150100	0.196900	0.172700	0.178500	0.177100	0.126300	0.166300	0.161300	0.122100	0.120600	0.122500	0.150000	0.149700	0.132200	0.171200	0.135400	0.156600	0.164200	0.137700	0.195100
1268780.7	0.186900	0.164400	0.186700	0.155000	0.144900	0.148000	0.190300	0.162900	0.173400	0.177200	0.127700	0.164600	0.156300	0.123800	0.122900	0.124300	0.150600	0.148700	0.135600	0.166600	0.135200	0.159900	0.161600	0.144500	0.189500
1273876.2	0.192000	0.167800	0.188800	0.156600	0.144800	0.148700	0.194600	0.169400	0.176700	0.176000	0.127700	0.164700	0.160600	0.123500	0.119100	0.123800	0.149600	0.148600	0.134100	0.168900	0.136100	0.158400	0.163500	0.142900	0.194100
1278971.7	0.192900	0.171000	0.190100	0.158600	0.145700	0.150000	0.201700	0.179800	0.182400	0.174500	0.123500	0.164600	0.165500	0.120400	0.118300	0.120500	0.149400	0.148800	0.129700	0.172400	0.134200	0.154600	0.166800	0.135600	0.198800
1284067.2	0.191300	0.168100	0.189500	0.156600	0.144400	0.150000	0.197400	0.172300	0.178300	0.175900	0.126300	0.164700	0.160800	0.122500	0.119400	0.122200	0.150900	0.149000	0.132600	0.170100	0.135100	0.156500	0.165100	0.139100	0.192600
1289162.7	0.192100	0.167500	0.188700	0.157000	0.145200	0.148900	0.195800	0.172100	0.178000	0.175400	0.125000	0.164500	0.161500	0.121900	0.121700	0.120500	0.150200	0.148600	0.131900	0.168900	0.135900	0.156400	0.164500	0.137500	0.192800
1294258.2	0.188700	0.166400	0.188800	0.156500	0.145300	0.149800	0.192900	0.167400	0.176300	0.177700	0.127100	0.164600	0.159500	0.123600	0.122300	0.122700	0.151700	0.150000	0.134400	0.167800	0.134000	0.159400	0.164500	0.141800	0.190800
1299353.7	0.190100	0.165100	0.187400	0.154800	0.143600	0.148700	0.190400	0.166200	0.174400	0.176100	0.130200	0.163900	0.157600	0.124900	0.120200	0.123900	0.150300	0.147900	0.136400	0.165900	0.136300	0.159600	0.162800	0.145600	0.190700
1304449.2	0.193200	0.169400	0.190400	0.157100	0.145000	0.149500	0.198700	0.177100	0.180100	0.175500	0.124100	0.164200	0.163600	0.120700	0.119400	0.120200	0.149700	0.148200	0.130500	0.171200	0.136100	0.154000	0.165900	0.135800	0.197800
1309544.7	0.191100	0.169000	0.189700	0.157400	0.145200	0.149900	0.199400	0.176600	0.180800	0.175600	0.123700	0.163800	0.164200	0.120700	0.117300	0.119400	0.150400	0.148600	0.129900	0.171400	0.133900	0.154500	0.165700	0.136700	0.195700
1314640.2	0.189400	0.164400	0.187600	0.154400	0.143300	0.146800	0.189600	0.164800	0.174000	0.176200	0.129800	0.162900	0.156800	0.123600	0.121000	0.123100	0.150300	0.148000	0.135600	0.166100	0.135700	0.158500	0.162400	0.144600	0.189900
1319735.7	0.192500	0.169800	0.191600	0.157800	0.145500	0.150200	0.200800	0.176700	0.181500	0.176300	0.123200	0.164700	0.164700	0.120700	0.119400	0.118800	0.151100	0.149500	0.129700	0.171400	0.134100	0.153800	0.166900	0.135200	0.196200
1324831.2	0.189900	0.165100	0.188700	0.154300	0.143400	0.147800	0.187900	0.164000	0.173100	0.176800	0.129900	0.162700	0.156400	0.125600	0.119100	0.123800	0.151900	0.148500	0.138400	0.165700	0.137100	0.161800	0.162100	0.149000	0.187500
1329926.7	0.191100	0.166000	0.188200	0.155400	0.143800	0.147900	0.194400	0.172200	0.177000	0.174100	0.127500	0.162300	0.160800	0.122700	0.117900	0.120800	0.150100	0.148100	0.132600	0.167300	0.136800	0.155100	0.163500	0.141100	0.192200
1335022.3	0.190600	0.168700	0.190400	0.156500	0.144200	0.149500	0.200100	0.176800	0.181400	0.175100	0.120900	0.162500	0.164800	0.119800	0.118600	0.117800	0.150000	0.148800	0.128300	0.171400	0.131600	0.151600	0.166700	0.134100	0.196500
1340117.8	0.190700	0.167300	0.190100	0.155000	0.144100	0.149200	0.192100	0.169700	0.176800	0.176000	0.127900	0.162500	0.160500	0.123900	0.118800	0.121400	0.151500	0.148900	0.134900	0.167300	0.136600	0.157700	0.164700	0.143400	0.191500
1345213.3	0.187800	0.164700	0.188300	0.154300	0.143700	0.147300	0.187400	0.164600	0.173900	0.176000	0.127300	0.162400	0.157000	0.123800	0.119000	0.122000	0.151600	0.148500	0.136700	0.165100	0.136400	0.159500	0.162900	0.145900	0.189100
1350308.8	0.189900	0.168400	0.190200	0.156200	0.144200	0.149100	0.197600	0.173600	0.179900	0.174900	0.122500	0.162200	0.162800	0.120600	0.118300	0.117900	0.151800	0.148700	0.130100	0.169700	0.134300	0.153700	0.166000	0.136000	0.193000
1355404.3	0.191700	0.168700	0.190000	0.156500	0.144800	0.149700	0.197300	0.175800	0.179800	0.175200	0.124100	0.161700	0.163900	0.121800	0.118700	0.119400	0.150600	0.149200	0.131800	0.170600	0.136300	0.154300	0.166300	0.137200	0.194100
1360499.8	0.190300	0.167400	0.189400	0.155500	0.144100	0.148800	0.193600	0.171200	0.177600	0.174600	0.124700	0.161700	0.161800	0.123100	0.119500	0.119800	0.150600	0.147500	0.132400	0.168500	0.137700	0.156500	0.164400	0.139900	0.193900
1365595.3	0.188400	0.166900	0.188300	0.154900	0.143700	0.148700	0.191100	0.168500	0.176300	0.175300	0.126500	0.160900	0.160300	0.124000	0.120200	0.120000	0.150800	0.149100	0.134700	0.167500	0.138200	0.158200	0.163100	0.142500	0.190800
1370690.8	0.189900	0.166800	0.189100	0.154500	0.144400	0.149300	0.192500	0.169600	0.176900	0.175100	0.125200	0.161100	0.160800	0.123600	0.119600	0.119500	0.151000	0.149000	0.133100	0.167800	0.138100	0.158100	0.164200	0.140200	0.192700
1375786.3	0.192000	0.169100	0.190900	0.157000	0.146200	0.152900	0.195600	0.173800	0.179100	0.176000	0.125900	0.162700	0.166100	0.124900	0.124400	0.120400	0.151100	0.150100	0.133800	0.171700	0.141900	0.158800	0.166200	0.139200	0.197700
1380881.8	0.193700	0.171800	0.195100	0.162300	0.159700	0.168800	0.197200	0.176100	0.181100	0.177700	0.132000	0.165000	0.186500	0.132900	0.134200	0.120800	0.152800	0.154400	0.141500	0.179300	0.148600	0.169400	0.169100	0.147900	0.201500
1385977.3	0.198100	0.177100	0.201500	0.173200	0.186700	0.203900	0.200100	0.184900	0.184600	0.183600	0.148700	0.172800	0.231600	0.150300	0.153800	0.126600	0.158700	0.163500	0.157200	0.193300	0.167900	0.190200	0.178500	0.162400	0.211900
1391072.8	0.205800	0.184400	0.210800	0.186000	0.206400	0.255400	0.203000	0.191600	0.189800	0.189000	0.164700	0.182900	0.298000	0.171900	0.180100	0.133500	0.166400	0.175100	0.177700	0.210700	0.196300	0.211300	0.188400	0.175700	0.227500
1396168.3	0.214900	0.192800	0.217600	0.196600	0.216700	0.291500	0.211400	0.205700	0.200400	0.192300	0.181000	0.192700	0.360300	0.194100	0.194600	0.139000	0.170000	0.187700	0.197300	0.230100	0.231100	0.220500	0.200000	0.180600	0.250300
1401263.8	0.223800	0.197400	0.225400	0.207000	0.228100	0.313500	0.218000	0.211200	0.209200	0.197500	0.199000	0.204700	0.400900	0.219300	0.206600	0.148200	0.174300	0.202600	0.222800	0.246700	0.262300	0.232900	0.211900	0.192300	0.265100
1406359.3	0.231600	0.201400	0.227200	0.214100	0.234500	0.324800	0.217300	0.211000	0.214000	0.201300	0.216700	0.216600	0.432300	0.235500	0.217800	0.158800	0.178400	0.217400	0.242400	0.252900	0.281300	0.247700	0.218700	0.208400	0.275100
1411454.8	0.240100	0.209400	0.235100	0.226600	0.244900	0.339500	0.230900	0.227100	0.227800	0.205400	0.214400	0.229300	0.484200	0.236300	0.213300	0.163900	0.180800	0.229300	0.242500	0.269900	0.285000	0.249000	0.231900	0.202900	0.290500
1416550.3	0.245500	0.208900	0.236100	0.232300	0.249700	0.342900	0.228500	0.224900	0.230000	0.206800	0.216600	0.235500	0.498800	0.237300	0.216700	0.172400	0.183900	0.236300	0.252900	0.270200	0.290500	0.259800	0.234000	0.214300	0.295000
1421645.8	0.254200	0.212600	0.238000	0.238900	0.253200	0.347200	0.233800	0.232700	0.234100	0.207800	0.221300	0.241700	0.510700	0.237300	0.221000	0.179500	0.185300	0.241600	0.260000	0.274900	0.296100	0.266300	0.236700	0.224800	0.303300
1426741.3	0.259200	0.212500	0.239400	0.245300	0.259500	0.352000	0.232800	0.228800	0.235600	0.210200	0.219400	0.247900	0.516200	0.239900	0.222600	0.186900	0.186800	0.248500	0.265700	0.271200	0.300900	0.275000	0.240000	0.228500	0.304500
1431836.8	0.263500	0.215100	0.243300	0.251500	0.263900	0.357600	0.236400	0.234100	0.239800	0.211100	0.220400	0.253000	0.527600	0.239800	0.221200	0.191300	0.187900	0.250800	0.267900	0.274600	0.300800	0.277700	0.242000	0.226800	0.308700
1436932.3	0.265300	0.215500	0.243800	0.254100	0.266200	0.359900	0.234900	0.229500	0.237300	0.213100	0.225500	0.255500	0.531700	0.243400	0.227100	0.200200	0.189500	0.254400	0.276200	0.275500	0.304400	0.287500	0.240600	0.236500	0.307100
1442027.9	0.269900	0.215700	0.244800	0.256500	0.266100	0.360400	0.235800	0.233100	0.239000	0.211900	0.218600	0.256800	0.533300	0.242100	0.224500	0.201800	0.190100	0.255300	0.273100	0.275000	0.304200	0.285600	0.241800	0.227100	0.308000
1447123.4	0.271800	0.216000	0.246100	0.257800	0.267100	0.360100	0.235000	0.232200	0.238000	0.211800	0.221200	0.256800	0.534300	0.242100	0.227700	0.204900	0.190500	0.255500	0.276100	0.274400	0.309000	0.290100	0.240600	0.230800	0.306500
1452218.9	0.275400	0.220800	0.250100	0.261700	0.270700	0.366800	0.239800	0.240100	0.242000	0.213000	0.217800	0.258800	0.544700	0.239400	0.225100	0.205500	0.191700	0.259900	0.271500	0.279300	0.304400	0.285800	0.244800	0.223400	0.305900
1457314.4	0.276500	0.219400	0.248800	0.260700	0.269300	0.363900	0.236200	0.235700	0.238300	0.211800	0.223100	0.260000	0.539200	0.241700	0.230300	0.208800	0.190400	0.259300	0.277900	0.275900	0.312100	0.292000	0.241600	0.227600	0.303800
1462409.9	0.278900	0.222900	0.252000	0.265700	0.272500	0.369100	0.243900	0.244800	0.244400	0.212200	0.215100	0.259900	0.554000	0.237900	0.222000	0.203800	0.190600	0.261400	0.268400	0.280500	0.307000	0.283200	0.247400	0.215900	0.305600
1467505.4	0.279100	0.218700	0.249500	0.262100	0.269800	0.366100	0.238200	0.235200	0.238200	0.212200	0.218500	0.258600	0.543600	0.239800	0.229400	0.209000	0.191900	0.260900	0.275100	0.274500	0.310600	0.290300	0.244000	0.225300	0.297800
1472600.9	0.285900	0.226600	0.254700	0.268300	0.275600	0.375700	0.249200	0.254000	0.248700	0.212500	0.213600	0.259600	0.568700	0.236500	0.221800	0.203300	0.190000	0.265300	0.263800	0.283000	0.309600	0.280500	0.251900	0.210900	0.304800
1477696.4	0.284600	0.224100	0.255000	0.265600	0.272400	0.374400	0.242700	0.244600	0.242700	0.211800	0.214200	0.258800	0.553100	0.237200	0.222600	0.203900	0.191000	0.263000	0.268800	0.279200	0.311600	0.283000	0.245700	0.212900	0.295700
1482791.9	0.283300	0.222100	0.254500	0.264800	0.273300	0.372600	0.238700	0.240200	0.238700	0.213000	0.215800	0.257900	0.550900	0.239100	0.226700	0.204000	0.190400	0.262500	0.269800	0.276600	0.308800	0.284900	0.241100	0.214900	0.287100
1487887.4	0.287700	0.224900	0.255900	0.264400	0.272900	0.375600	0.240800	0.243300	0.239600	0.213500	0.215200	0.259200	0.558000	0.238500	0.226100	0.203800	0.190100	0.264200	0.268800	0.277800	0.310700	0.285800	0.240400	0.212600	0.290500
1492982.9	0.281300	0.217300	0.251100	0.259000	0.269900	0.369200	0.229700	0.226800	0.229900	0.212600	0.219700	0.255500	0.533900	0.241400	0.231700	0.207100	0.189900	0.263300	0.274700	0.268800	0.310300	0.289100	0.232700	0.221500	0.278600
1498078.4	0.290300	0.228400	0.258800	0.263300	0.270800	0.374700	0.242300	0.245700	0.239600	0.213900	0.214900	0.257000	0.555400	0.237600	0.225600	0.202500	0.189000	0.265700	0.263400	0.283800	0.310100	0.282400	0.238800	0.213600	0.291000
1503173.9	0.283200	0.220400	0.251800	0.255600	0.264700	0.365200	0.230000	0.231300	0.228600	0.211900	0.217700	0.254300	0.534900	0.238700	0.230600	0.205400	0.187800	0.259400	0.268300	0.271800	0.308500	0.283200	0.228000	0.217900	0.276300
1508269.4	0.285800	0.223300	0.252600	0.256200	0.266700	0.366400	0.235300	0.237000	0.229800	0.211000	0.213200	0.254100	0.541600	0.235500	0.227900	0.202000	0.186900	0.260200	0.263400	0.272700	0.311700	0.280000	0.227800	0.212300	0.278900
1513364.9	0.284400	0.222300	0.252600	0.255600	0.265500	0.367100	0.233700	0.235300	0.229200	0.211800	0.214200	0.255100	0.533700	0.238400	0.230600	0.202700	0.187800	0.261300	0.266500	0.273400	0.313000	0.280200	0.227900	0.214400	0.274200
1518460.4	0.285500	0.222300	0.252700	0.255100	0.264400	0.366400	0.235900	0.240500	0.229200	0.211000	0.211100	0.254000	0.535400	0.235200	0.228500	0.200600	0.186300	0.261700	0.261000	0.274300	0.309600	0.277200	0.226400	0.209800	0.279500
1523555.9	0.284900	0.221400	0.252600	0.254400	0.263800	0.364200	0.232700	0.236400	0.226100	0.212200	0.213000	0.254500	0.528700	0.235500	0.228300	0.200700	0.186700	0.261800	0.261400	0.272400	0.309600	0.277000	0.223000	0.210200	0.275500
1528651.4	0.280600	0.221100	0.251900	0.254100	0.263000	0.362200	0.233300	0.236400	0.226700	0.212800	0.211500	0.252700	0.522700	0.236300	0.230300	0.200800	0.187100	0.262700	0.261900	0.272100	0.306100	0.277200	0.222200	0.209900	0.274800
1533746.9	0.277500	0.215400	0.246400	0.246300	0.256000	0.348100	0.225300	0.223500	0.218500	0.209800	0.217200	0.248200	0.500800	0.238400	0.233800	0.203500	0.184900	0.257800	0.265500	0.260800	0.305400	0.277900	0.216700	0.219400	0.263700
1538842.4	0.269200	0.212100	0.242600	0.240000	0.247100	0.325100	0.224300	0.221600	0.217000	0.208400	0.209200	0.242000	0.483300	0.232200	0.218900	0.195800	0.181200	0.252800	0.251700	0.257000	0.283200	0.266100	0.211600	0.205600	0.254100
1543937.9	0.263100	0.211100	0.237300	0.229900	0.229900	0.284400	0.231500	0.229500	0.218600	0.201500	0.196900	0.229300	0.445700	0.214900	0.191500	0.182500	0.175200	0.241000	0.220500	0.248300	0.252400	0.236500	0.207500	0.184300	0.252100
1549033.4	0.250400	0.200200	0.226400	0.212600	0.207700	0.244600	0.220700	0.211200	0.208400	0.194900	0.183800	0.213600	0.373300	0.199300	0.173600	0.174400	0.168800	0.224200	0.203600	0.229600	0.228100	0.219200	0.195500	0.175500	0.237500
1554129.0	0.244800	0.196600	0.221200	0.202400	0.195500	0.221200	0.216300	0.203200	0.202000	0.191800	0.174400	0.203800	0.327000	0.189800	0.161300	0.166900	0.165000	0.215000	0.193000	0.219800	0.214600	0.208800	0.189200	0.168200	0.228600
1559224.5	0.233000	0.190700	0.214700	0.193200	0.185400	0.204200	0.210300	0.194300	0.196000	0.187300	0.166700	0.194800	0.288300	0.179600	0.153200	0.159800	0.159700	0.204700	0.182400	0.209400	0.200600	0.198300	0.182600	0.161500	0.220100
1564320.0	0.233300	0.190200	0.212000	0.189200	0.179600	0.195700	0.212900	0.197600	0.196100	0.185400	0.160100	0.191100	0.273300	0.172600	0.146800	0.154200	0.158200	0.199200	0.172300	0.207000	0.191100	0.189800	0.181300	0.154300	0.220700
1569415.5	0.226800	0.183800	0.207500	0.182600	0.173300	0.187100	0.204700	0.186100	0.189700	0.184700	0.157900	0.186200	0.251100	0.169800	0.144200	0.153000	0.157300	0.193100	0.171200	0.199400	0.185600	0.187700	0.175600	0.156200	0.212500
1574511.0	0.222800	0.184100	0.206500	0.180700	0.169600	0.182100	0.206800	0.189200	0.191000	0.182100	0.149500	0.182700	0.242000	0.162700	0.139700	0.146000	0.155400	0.189500	0.161400	0.197900	0.178800	0.180300	0.175400	0.148100	0.211900
1579606.5	0.221200	0.180100	0.203700	0.176600	0.165500	0.177000	0.200700	0.180900	0.184900	0.181400	0.149300	0.179800	0.227600	0.160500	0.139100	0.146600	0.153400	0.184400	0.162600	0.191500	0.177600	0.180200	0.170800	0.151700	0.205100
1584702.0	0.216900	0.175200	0.199900	0.171100	0.161000	0.171800	0.191200	0.169500	0.177900	0.181600	0.153400	0.177300	0.213600	0.162400	0.140600	0.149000	0.153800	0.180700	0.166200	0.184400	0.173600	0.182700	0.166600	0.159500	0.198300
1589797.5	0.214400	0.176400	0.199500	0.171300	0.159800	0.170400	0.196400	0.176400	0.181600	0.179600	0.142800	0.175400	0.213600	0.154000	0.134800	0.141300	0.152700	0.177400	0.154400	0.184900	0.168000	0.172600	0.168100	0.147000	0.200300
1594893.0	0.217600	0.180400	0.202500	0.172000	0.158600	0.170300	0.204400	0.188800	0.186200	0.178400	0.139300	0.173800	0.219100	0.148700	0.130400	0.138100	0.151700	0.175800	0.149300	0.190500	0.164100	0.168200	0.169900	0.141000	0.206900
1599988.5	0.213600	0.177700	0.199500	0.170000	0.156400	0.168000	0.200100	0.182500	0.183800	0.178300	0.138200	0.172400	0.212000	0.147400	0.130400	0.137200	0.150400	0.172900	0.147700	0.186800	0.160700	0.166600	0.167700	0.142000	0.203600
1605084.0	0.209600	0.172800	0.195900	0.166300	0.154000	0.165000	0.194200	0.173900	0.179100	0.177000	0.136200	0.171500	0.203800	0.144600	0.129600	0.135300	0.148600	0.169100	0.146900	0.179400	0.159200	0.166500	0.164700	0.142800	0.194800
1610179.5	0.209100	0.173900	0.196900	0.166600	0.153800	0.164100	0.196200	0.176800	0.180500	0.178300	0.136600	0.170700	0.204100	0.144000	0.128900	0.134500	0.149500	0.168500	0.146300	0.180900	0.157300	0.165200	0.165700	0.141900	0.195800
1615275.0	0.208800	0.173000	0.195800	0.164900	0.151900	0.162700	0.194500	0.174900	0.178600	0.177200	0.135800	0.168600	0.200300	0.141500	0.128700	0.132400	0.147700	0.165900	0.144500	0.179100	0.155500	0.164100	0.164000	0.141100	0.195900
1620370.5	0.209800	0.177700	0.198300	0.167200	0.153200	0.163700	0.200400	0.183900	0.183100	0.176900	0.132500	0.169500	0.207600	0.139200	0.125600	0.130100	0.148200	0.166100	0.140700	0.183200	0.153700	0.160700	0.167500	0.137000	0.200200
1625466.0	0.204100	0.168900	0.192800	0.162000	0.150300	0.160200	0.187900	0.166200	0.173400	0.177300	0.136300	0.167100	0.192500	0.140300	0.129800	0.133100	0.147700	0.162400	0.146600	0.172700	0.151500	0.166300	0.161100	0.144900	0.187900
1630561.5	0.203200	0.169200	0.193300	0.161700	0.150000	0.160300	0.188600	0.165500	0.174300	0.177500	0.135500	0.166600	0.191500	0.140400	0.128700	0.132400	0.148400	0.162000	0.145100	0.174300	0.150700	0.164600	0.162400	0.145300	0.187100
1635657.0	0.204500	0.170400	0.193400	0.162100	0.149100	0.160700	0.191700	0.173700	0.176800	0.176100	0.132900	0.166700	0.195800	0.136900	0.122600	0.129700	0.146600	0.161000	0.140700	0.174700	0.150500	0.160200	0.163100	0.139100	0.192200
1640752.5	0.201300	0.169800	0.194000	0.162500	0.149300	0.160000	0.192800	0.173800	0.177100	0.177000	0.131600	0.165800	0.195500	0.135000	0.124500	0.127800	0.145900	0.160300	0.140200	0.175000	0.147800	0.158800	0.163300	0.137600	0.189900
1645848.0	0.201200	0.169500	0.192000	0.161700	0.147800	0.158800	0.191000	0.172400	0.176800	0.175400	0.132200	0.164800	0.194800	0.134300	0.125000	0.127400	0.145200	0.158700	0.139400	0.173000	0.146800	0.159700	0.162600	0.139700	0.189800
1650943.5	0.198900	0.165800	0.189700	0.158500	0.146200	0.157400	0.185300	0.165100	0.172400	0.175600	0.134800	0.163800	0.187700	0.136000	0.127400	0.129400	0.145300	0.157600	0.143000	0.168300	0.146900	0.162700	0.159900	0.145100	0.185500
1656039.0	0.200400	0.169400	0.192100	0.160400	0.147200	0.157500	0.191100	0.172600	0.176500	0.174600	0.130200	0.165000	0.192400	0.132400	0.125400	0.125400	0.145300	0.157000	0.137600	0.172400	0.146100	0.156900	0.161600	0.137300	0.189100
1661134.6	0.199700	0.168900	0.191700	0.160000	0.146100	0.157700	0.194100	0.175000	0.177300	0.174400	0.129600	0.163600	0.193300	0.130200	0.122100	0.123300	0.143200	0.155700	0.135300	0.173100	0.144100	0.155300	0.162800	0.136100	0.190700
1666230.1	0.200400	0.170700	0.194200	0.160500	0.146500	0.157700	0.194100	0.176200	0.177900	0.175000	0.130700	0.163800	0.193500	0.130000	0.119600	0.124100	0.145200	0.156200	0.135500	0.174000	0.144500	0.155700	0.163100	0.135800	0.192800
1671325.6	0.195800	0.164400	0.189700	0.156700	0.144500	0.155700	0.181700	0.163200	0.170200	0.175300	0.135700	0.162400	0.184200	0.133200	0.123700	0.127400	0.145000	0.154800	0.142300	0.167100	0.143700	0.162200	0.159100	0.146200	0.182800
1676421.1	0.197500	0.164700	0.189500	0.158100	0.144800	0.156600	0.185200	0.166900	0.172200	0.174800	0.134600	0.162700	0.185600	0.132400	0.122900	0.126600	0.144400	0.154200	0.140100	0.168000	0.145400	0.159900	0.159900	0.143200	0.183100
1681516.6	0.194800	0.165100	0.190200	0.157500	0.145300	0.156200	0.183700	0.163800	0.171700	0.175800	0.132700	0.162700	0.184400	0.131400	0.123600	0.125200	0.145300	0.154400	0.139800	0.168100	0.143900	0.159600	0.159400	0.143200	0.183200
