VERSION	1200
Time[MSec.]	Ratio	Ratio	Ratio	Ratio	Ratio	Ratio	Ratio	Ratio	Ratio	Ratio	Ratio	Ratio	Ratio	Ratio	Ratio	Ratio	Ratio	Ratio	Ratio	Ratio	Ratio	Ratio	Ratio	Ratio	Ratio	Ratio	Ratio	Ratio	Ratio
%.1f	%.4f	%.4f	%.4f	%.4f	%.4f	%.4f	%.4f	%.4f	%.4f	%.4f	%.4f	%.4f	%.4f	%.4f	%.4f	%.4f	%.4f	%.4f	%.4f	%.4f	%.4f	%.4f	%.4f	%.4f	%.4f	%.4f	%.4f	%.4f	%.4f
Time	ROI(1-1)	ROI(1-2)	ROI(1-3)	ROI(1-4)	ROI(1-5)	ROI(1-6)	ROI(1-7)	ROI(1-8)	ROI(1-9)	ROI(1-10)	ROI(1-11)	ROI(1-12)	ROI(1-13)	ROI(1-14)	ROI(1-15)	ROI(1-16)	ROI(1-17)	ROI(1-18)	ROI(1-19)	ROI(1-20)	ROI(1-21)	ROI(1-22)	ROI(1-23)	ROI(1-24)	ROI(1-25)	ROI(1-26)	ROI(1-27)	ROI(1-28)	ROI(1-29)
GraphNo	1	2	3	4	5	6	7	8	9	10	11	12	13	14	15	16	17	18	19	20	21	22	23	24	25	26	27	28	29
0.0	0.249200	0.179500	0.168100	0.246900	0.227500	0.180100	0.177400	0.165600	0.162800	0.152200	0.185500	0.191800	0.207500	0.157800	0.177100	0.201400	0.220200	0.115900	0.113800	0.133200	0.152500	0.199100	0.124800	0.161700	0.293400	0.177600	0.187600	0.226700	0.201600
5095.5	0.253200	0.181500	0.169300	0.251400	0.227800	0.181000	0.179500	0.165700	0.162100	0.153100	0.185900	0.189900	0.208600	0.158900	0.176900	0.201800	0.220800	0.115700	0.115100	0.133700	0.152000	0.195300	0.126600	0.159700	0.297400	0.178800	0.193900	0.228100	0.201500
10191.0	0.252400	0.180700	0.169800	0.248200	0.229500	0.178000	0.181200	0.161100	0.159200	0.157100	0.183900	0.187900	0.210600	0.160000	0.175000	0.199000	0.222300	0.112700	0.110500	0.131700	0.150900	0.196600	0.125100	0.159100	0.298100	0.178700	0.197800	0.227200	0.203600
15286.5	0.255400	0.182600	0.171100	0.248600	0.230000	0.178000	0.186700	0.155600	0.154900	0.157000	0.188900	0.191700	0.208800	0.155600	0.175600	0.199500	0.227200	0.111500	0.109200	0.129000	0.147400	0.196400	0.121000	0.155500	0.304300	0.179400	0.195200	0.231100	0.205400
20382.0	0.256900	0.183100	0.171600	0.250000	0.230400	0.179500	0.185100	0.158900	0.154600	0.156800	0.186500	0.188600	0.211500	0.159600	0.177400	0.200600	0.223300	0.112700	0.110000	0.130500	0.148500	0.197600	0.122600	0.156600	0.302400	0.180900	0.195100	0.230500	0.204200
25477.5	0.257500	0.183700	0.171500	0.247300	0.229100	0.176300	0.186900	0.153800	0.151900	0.157300	0.187200	0.189800	0.214100	0.159700	0.178600	0.200400	0.219800	0.110400	0.107900	0.129700	0.146100	0.199100	0.120900	0.152700	0.307100	0.178200	0.196200	0.228900	0.201900
30573.0	0.254800	0.178800	0.169400	0.247800	0.228900	0.180700	0.178100	0.156700	0.156700	0.152800	0.178300	0.181000	0.212000	0.158800	0.179300	0.202700	0.217800	0.118000	0.116700	0.139200	0.155900	0.196400	0.128300	0.163600	0.298300	0.179500	0.196300	0.225500	0.200500
35668.5	0.257400	0.182700	0.171400	0.248700	0.231400	0.177300	0.188900	0.154500	0.149000	0.159100	0.186200	0.188500	0.217600	0.160400	0.176700	0.199300	0.214700	0.111100	0.108400	0.130800	0.146600	0.202600	0.118800	0.154500	0.306500	0.181000	0.204400	0.229000	0.201400
40764.1	0.257800	0.180900	0.170800	0.247000	0.229500	0.178600	0.184400	0.153000	0.150600	0.157000	0.183800	0.184900	0.213100	0.159500	0.177600	0.200700	0.211400	0.112900	0.111000	0.133900	0.148300	0.201200	0.122100	0.157000	0.307500	0.179500	0.199900	0.229900	0.199900
45859.5	0.256000	0.177700	0.170700	0.248200	0.229100	0.181800	0.178500	0.154900	0.156500	0.154800	0.182300	0.179800	0.207700	0.158600	0.178200	0.199500	0.210700	0.115600	0.114500	0.139700	0.155200	0.195000	0.125800	0.161900	0.300700	0.180500	0.193800	0.228500	0.198300
50955.1	0.257300	0.177700	0.170600	0.246900	0.227600	0.178700	0.179800	0.155800	0.154900	0.153900	0.185600	0.180300	0.208600	0.158000	0.175900	0.197100	0.220200	0.113500	0.111400	0.136200	0.151000	0.193300	0.124300	0.158000	0.302100	0.178600	0.191500	0.226000	0.201200
56050.6	0.258000	0.178400	0.170400	0.246800	0.227600	0.178000	0.183200	0.156000	0.152400	0.154500	0.190600	0.182800	0.209300	0.158600	0.175500	0.196600	0.223800	0.110200	0.108500	0.131600	0.145800	0.191800	0.121800	0.153500	0.306800	0.178100	0.198800	0.225900	0.202500
61146.1	0.258800	0.180500	0.172000	0.247300	0.228500	0.174900	0.187600	0.156200	0.152100	0.157700	0.198400	0.186800	0.209900	0.157700	0.175900	0.195400	0.222900	0.106100	0.103100	0.125700	0.140900	0.195500	0.116300	0.148300	0.312000	0.173100	0.198800	0.225300	0.203600
66241.6	0.259000	0.178200	0.172800	0.245600	0.226300	0.181900	0.182200	0.169400	0.158800	0.154900	0.199800	0.183700	0.210800	0.160000	0.177200	0.197500	0.218900	0.112800	0.113100	0.133400	0.149300	0.192000	0.123000	0.156900	0.308200	0.177100	0.197700	0.227800	0.202300
71337.1	0.257600	0.176900	0.171300	0.244800	0.228200	0.177200	0.184100	0.181400	0.159500	0.156700	0.207900	0.183800	0.212800	0.159600	0.176400	0.196400	0.214000	0.111300	0.110700	0.131700	0.148200	0.191600	0.121700	0.154900	0.306700	0.178900	0.200300	0.226800	0.200700
76432.6	0.253500	0.174000	0.169600	0.243400	0.227200	0.181400	0.176400	0.198500	0.166400	0.153000	0.204100	0.178700	0.205300	0.158100	0.177900	0.196900	0.219100	0.116600	0.115900	0.139700	0.154300	0.189800	0.128400	0.164100	0.299800	0.180500	0.191400	0.224000	0.198500
81528.1	0.252100	0.175400	0.169600	0.242200	0.225800	0.179400	0.180000	0.192800	0.169200	0.155400	0.207100	0.181300	0.203600	0.156800	0.177200	0.196400	0.230100	0.115700	0.114500	0.140300	0.152600	0.192200	0.126100	0.159800	0.305800	0.179000	0.192300	0.224800	0.203800
86623.6	0.254600	0.177500	0.171200	0.245000	0.226900	0.178400	0.184300	0.182200	0.177600	0.155300	0.211600	0.184800	0.200900	0.159200	0.175800	0.197200	0.228400	0.112300	0.111400	0.140000	0.147000	0.194200	0.122700	0.156000	0.308300	0.179100	0.189300	0.226300	0.204100
91719.1	0.254600	0.178300	0.172000	0.244300	0.226800	0.178300	0.185000	0.174600	0.194700	0.156900	0.222100	0.184900	0.199700	0.158200	0.175300	0.196400	0.226300	0.110600	0.108600	0.139400	0.146100	0.194700	0.121400	0.155000	0.311900	0.178700	0.189800	0.227100	0.204800
96814.6	0.250800	0.172600	0.168800	0.241400	0.224900	0.184800	0.176200	0.171200	0.199800	0.151500	0.216100	0.176200	0.191700	0.157600	0.176900	0.196900	0.215000	0.119300	0.118300	0.149400	0.157600	0.191100	0.129100	0.165300	0.300100	0.179200	0.185300	0.223200	0.199400
101910.1	0.252400	0.177100	0.172300	0.244400	0.226800	0.176600	0.186200	0.162000	0.178400	0.158800	0.218000	0.185000	0.198900	0.157600	0.174000	0.194700	0.213900	0.110200	0.108100	0.136500	0.145900	0.199600	0.122000	0.152400	0.312300	0.179400	0.196400	0.226600	0.200800
107005.6	0.249600	0.173800	0.169400	0.242000	0.224700	0.179100	0.178500	0.171400	0.177700	0.154100	0.203400	0.179700	0.203700	0.155700	0.173900	0.193200	0.214100	0.114600	0.114400	0.140200	0.150800	0.201800	0.125200	0.158700	0.303500	0.179200	0.205500	0.222300	0.200200
112101.1	0.248200	0.176100	0.170900	0.241000	0.223600	0.176600	0.186300	0.192700	0.169500	0.156200	0.202400	0.185900	0.211900	0.157000	0.174900	0.193200	0.218300	0.113400	0.112500	0.137600	0.148200	0.213600	0.122300	0.157600	0.308600	0.178000	0.205700	0.221400	0.201200
117196.6	0.247700	0.176800	0.171200	0.243000	0.225800	0.176100	0.186400	0.198800	0.164900	0.155400	0.198400	0.183300	0.210400	0.157200	0.175100	0.193700	0.216100	0.113100	0.111800	0.138000	0.150500	0.215500	0.122500	0.157700	0.308700	0.178100	0.193800	0.224400	0.201400
122292.1	0.245900	0.177400	0.170800	0.240700	0.223100	0.173000	0.188700	0.181600	0.156700	0.157500	0.196200	0.185300	0.209600	0.155700	0.172700	0.189900	0.221400	0.108800	0.107400	0.134200	0.144000	0.212300	0.120700	0.152300	0.308100	0.176900	0.196200	0.222800	0.201500
127387.6	0.244200	0.173400	0.167800	0.239200	0.222300	0.173900	0.181400	0.183500	0.155800	0.153200	0.185600	0.177300	0.205500	0.155200	0.172400	0.189900	0.225100	0.110900	0.110100	0.137900	0.150400	0.204000	0.125400	0.159100	0.300000	0.175500	0.192000	0.222900	0.200500
132483.2	0.245200	0.175000	0.169600	0.241300	0.224500	0.174500	0.185600	0.188100	0.154000	0.154000	0.184500	0.179300	0.208500	0.156000	0.172900	0.189400	0.223200	0.110200	0.107700	0.136200	0.146600	0.202000	0.122500	0.153500	0.302500	0.178100	0.195300	0.223800	0.200300
137578.7	0.244000	0.172100	0.169100	0.239800	0.224000	0.175100	0.182800	0.176100	0.155500	0.152600	0.180500	0.177200	0.211000	0.155900	0.172400	0.190800	0.218600	0.112500	0.111300	0.138900	0.148500	0.198200	0.124700	0.156100	0.298000	0.177300	0.198300	0.222600	0.199600
142674.2	0.241600	0.169100	0.167200	0.238700	0.222300	0.176600	0.177000	0.170000	0.157900	0.149400	0.172800	0.170300	0.204600	0.154500	0.172600	0.190900	0.210700	0.113700	0.113700	0.141900	0.152300	0.192000	0.127400	0.162300	0.293300	0.176100	0.191700	0.218500	0.194900
147769.7	0.243500	0.173700	0.170200	0.239900	0.222600	0.171800	0.186500	0.167700	0.152000	0.155000	0.183100	0.179500	0.205100	0.154300	0.171100	0.188400	0.207600	0.109100	0.107300	0.132500	0.143400	0.193800	0.119600	0.151000	0.304600	0.176300	0.192100	0.223200	0.196000
152865.2	0.237400	0.168600	0.165700	0.237300	0.221900	0.173900	0.175500	0.166900	0.153200	0.147300	0.170700	0.168100	0.195300	0.155300	0.172900	0.188600	0.197700	0.114100	0.112900	0.139500	0.151000	0.186400	0.126300	0.161600	0.292700	0.174100	0.184600	0.219200	0.191800
157960.7	0.237600	0.168100	0.165800	0.236200	0.223000	0.175300	0.177600	0.165000	0.150000	0.147900	0.173200	0.169800	0.194900	0.154500	0.173800	0.189700	0.196800	0.114100	0.113300	0.137800	0.149900	0.185500	0.126500	0.160300	0.293700	0.175800	0.188200	0.219200	0.189400
163056.2	0.237900	0.170900	0.167200	0.236300	0.222400	0.172000	0.183500	0.158800	0.146800	0.150900	0.177000	0.175100	0.198300	0.154000	0.173300	0.188500	0.199400	0.110700	0.109300	0.133800	0.147000	0.185800	0.121700	0.158100	0.298500	0.176000	0.193200	0.218900	0.191400
168151.7	0.234600	0.164700	0.163700	0.232800	0.219000	0.175900	0.171400	0.165400	0.150000	0.144000	0.164900	0.163200	0.189600	0.154100	0.173100	0.187100	0.194200	0.115900	0.117400	0.141200	0.155500	0.180900	0.132300	0.167400	0.288100	0.174700	0.182800	0.217100	0.186500
173247.2	0.242500	0.174200	0.170700	0.237600	0.224500	0.171500	0.187500	0.182300	0.148400	0.155000	0.179200	0.177800	0.199600	0.154800	0.171800	0.186300	0.204400	0.109700	0.107900	0.130200	0.144200	0.192400	0.118900	0.155000	0.304500	0.176800	0.189500	0.222600	0.194000
178342.7	0.239000	0.171400	0.168000	0.235000	0.221700	0.172800	0.185700	0.183000	0.155900	0.151900	0.179000	0.175200	0.192700	0.152600	0.173100	0.189400	0.213800	0.113600	0.112000	0.134700	0.149300	0.192100	0.123700	0.163400	0.303900	0.175200	0.185900	0.223100	0.195100
183438.2	0.240900	0.171100	0.169400	0.235500	0.223900	0.173500	0.182600	0.177000	0.164100	0.149700	0.174900	0.171300	0.193800	0.154000	0.173200	0.190000	0.218100	0.115300	0.113300	0.139000	0.152400	0.193400	0.126000	0.167100	0.302100	0.176700	0.183500	0.221600	0.196600
188533.7	0.241800	0.169800	0.169100	0.235200	0.225100	0.176400	0.182500	0.173100	0.174100	0.148700	0.172100	0.168100	0.190800	0.154200	0.177100	0.194100	0.218500	0.116500	0.114200	0.141900	0.157500	0.193100	0.130100	0.176200	0.301300	0.177000	0.186600	0.218300	0.195000
193629.2	0.246500	0.173500	0.173100	0.235700	0.227300	0.177700	0.190900	0.171700	0.175000	0.152600	0.181600	0.174300	0.199900	0.155800	0.178400	0.196300	0.226300	0.116000	0.114300	0.139700	0.156500	0.197600	0.128100	0.176900	0.311200	0.177600	0.195600	0.222100	0.199600
198724.7	0.270100	0.174600	0.175100	0.236900	0.229600	0.181100	0.192500	0.173500	0.178500	0.152200	0.181800	0.174600	0.208600	0.157400	0.180800	0.200300	0.235900	0.119900	0.119900	0.149300	0.161200	0.200400	0.132900	0.180300	0.315100	0.180500	0.201700	0.221500	0.202600
203820.2	0.294600	0.173300	0.176900	0.237400	0.231800	0.183100	0.194200	0.175500	0.183500	0.152300	0.183000	0.174900	0.214400	0.159300	0.184100	0.205900	0.239900	0.122000	0.123400	0.154900	0.166800	0.203100	0.136000	0.188200	0.314000	0.181400	0.201000	0.223800	0.205100
208915.7	0.294600	0.174200	0.178200	0.236100	0.233600	0.188300	0.194700	0.182200	0.187300	0.152100	0.186200	0.173700	0.217200	0.161700	0.187600	0.209700	0.240500	0.129100	0.129900	0.163200	0.173500	0.208200	0.141100	0.197600	0.315100	0.182100	0.201000	0.222300	0.202700
214011.2	0.292700	0.173100	0.180000	0.236100	0.237200	0.193300	0.195100	0.187000	0.191400	0.150800	0.186300	0.170700	0.216400	0.163100	0.191300	0.212900	0.239600	0.134100	0.138400	0.169000	0.182400	0.208300	0.146800	0.203900	0.314200	0.184300	0.200100	0.220200	0.201300
219106.8	0.293300	0.179500	0.184900	0.239200	0.240800	0.188600	0.211000	0.185400	0.183500	0.158000	0.202300	0.180700	0.221800	0.163100	0.192000	0.214100	0.240000	0.127700	0.132900	0.159000	0.174600	0.217800	0.139400	0.193000	0.328000	0.185000	0.204500	0.222300	0.204500
224202.3	0.298000	0.181800	0.187500	0.240600	0.245400	0.190400	0.216300	0.191000	0.183800	0.158800	0.208300	0.183500	0.225400	0.167000	0.193800	0.216100	0.240000	0.128200	0.136100	0.160700	0.175600	0.222600	0.143100	0.193900	0.331000	0.188100	0.205700	0.222100	0.204200
229297.8	0.298700	0.183800	0.188800	0.239100	0.248200	0.193000	0.222900	0.190700	0.182900	0.159500	0.216200	0.187000	0.225600	0.168000	0.196200	0.218200	0.238200	0.129500	0.137500	0.158500	0.176200	0.228400	0.139200	0.193200	0.333700	0.188900	0.206400	0.222000	0.204100
234393.3	0.298400	0.182300	0.190800	0.240200	0.250200	0.198200	0.221000	0.191700	0.186400	0.158300	0.214500	0.184700	0.221500	0.169800	0.201200	0.221400	0.236400	0.136600	0.148700	0.166000	0.184700	0.229500	0.146500	0.201600	0.334100	0.191400	0.205000	0.222100	0.205800
239488.8	0.301500	0.184500	0.192300	0.242200	0.255800	0.200700	0.222600	0.191300	0.184900	0.156800	0.219300	0.184800	0.219000	0.170900	0.203700	0.224700	0.234400	0.138100	0.151700	0.165700	0.188400	0.234600	0.150300	0.205200	0.334900	0.192700	0.202500	0.220900	0.202400
244584.3	0.301300	0.186100	0.193100	0.240200	0.257600	0.202900	0.228000	0.192500	0.184500	0.158400	0.224400	0.187600	0.217700	0.172700	0.206600	0.226600	0.236000	0.138300	0.153800	0.164100	0.187600	0.240000	0.148300	0.206100	0.337600	0.194200	0.202800	0.222300	0.204200
249679.8	0.297700	0.182700	0.193300	0.237500	0.259300	0.209600	0.222100	0.192600	0.186100	0.156700	0.224700	0.182800	0.212400	0.173900	0.209100	0.226300	0.232500	0.147000	0.164800	0.174100	0.200200	0.242900	0.158300	0.217000	0.331200	0.196600	0.199800	0.219300	0.203100
254775.3	0.297700	0.187500	0.196900	0.241100	0.263500	0.205200	0.232600	0.189200	0.179800	0.161300	0.232500	0.188800	0.217100	0.175200	0.209700	0.222900	0.233000	0.139400	0.153000	0.163500	0.189800	0.251400	0.150600	0.205800	0.340200	0.198900	0.202400	0.224400	0.204200
259870.8	0.296400	0.185700	0.196200	0.238800	0.265800	0.210700	0.228600	0.185200	0.181100	0.159200	0.231100	0.184600	0.212100	0.175200	0.211400	0.220900	0.227900	0.146800	0.163000	0.170100	0.201300	0.249600	0.159400	0.216800	0.336500	0.199500	0.198300	0.224400	0.202200
264966.3	0.295500	0.186600	0.198300	0.239800	0.264600	0.210400	0.227400	0.187200	0.176000	0.158700	0.231300	0.184900	0.208900	0.175000	0.211600	0.218000	0.224600	0.144900	0.160400	0.168100	0.200600	0.249700	0.158800	0.214000	0.336500	0.195500	0.195800	0.225100	0.200800
270061.8	0.294200	0.184900	0.198500	0.235800	0.265600	0.218900	0.224300	0.190100	0.181400	0.158400	0.227800	0.181200	0.206300	0.178400	0.216800	0.220700	0.223600	0.156300	0.170000	0.179100	0.214300	0.247300	0.169500	0.229000	0.334300	0.202000	0.195900	0.225700	0.200200
275157.3	0.296800	0.188100	0.202400	0.238500	0.268700	0.215400	0.234400	0.185500	0.175400	0.164200	0.237200	0.188400	0.208400	0.179500	0.210400	0.191300	0.221200	0.148500	0.160800	0.170900	0.205900	0.253900	0.164300	0.218700	0.341000	0.201700	0.198100	0.228800	0.201200
280252.8	0.293200	0.187000	0.201500	0.236000	0.266400	0.216400	0.232300	0.185700	0.174700	0.163100	0.232700	0.186400	0.206300	0.181300	0.217300	0.216100	0.223000	0.152300	0.161000	0.172600	0.207700	0.249900	0.167600	0.225900	0.344100	0.202100	0.194600	0.226900	0.201200
285348.3	0.294500	0.194200	0.207000	0.238000	0.269700	0.214800	0.248900	0.181800	0.170200	0.173000	0.251300	0.200700	0.212900	0.180500	0.218700	0.214000	0.227700	0.147600	0.155200	0.165200	0.199600	0.259000	0.156400	0.218100	0.357200	0.203900	0.200000	0.231800	0.205200
290443.8	0.287900	0.188200	0.201800	0.236100	0.266500	0.220100	0.233400	0.183000	0.171900	0.164400	0.237500	0.188700	0.203300	0.180500	0.218500	0.211400	0.219000	0.152200	0.156100	0.170600	0.208300	0.249900	0.164900	0.223900	0.342800	0.208300	0.192900	0.229200	0.199600
295539.3	0.287400	0.189000	0.203100	0.235900	0.267400	0.220700	0.233100	0.182200	0.170600	0.165600	0.236900	0.187800	0.201500	0.179500	0.218000	0.209700	0.219600	0.155100	0.160300	0.174100	0.210800	0.250500	0.167700	0.227700	0.350200	0.204000	0.194200	0.230300	0.200500
300634.8	0.283300	0.188300	0.201300	0.235600	0.265800	0.218500	0.233100	0.178800	0.168100	0.163500	0.232500	0.187300	0.199300	0.179400	0.217900	0.215700	0.217200	0.150900	0.154300	0.171600	0.209600	0.246800	0.167500	0.227000	0.349000	0.203400	0.191700	0.230700	0.198700
305730.3	0.280000	0.190200	0.202100	0.236100	0.264800	0.215100	0.237100	0.173800	0.163700	0.166500	0.236400	0.192000	0.200600	0.177900	0.214000	0.209100	0.214300	0.147900	0.149300	0.166400	0.199900	0.247700	0.162000	0.218000	0.349000	0.202500	0.193800	0.228500	0.199100
310825.8	0.277300	0.184800	0.198400	0.235400	0.263600	0.219700	0.224100	0.174100	0.166700	0.158900	0.222100	0.182500	0.192600	0.177700	0.213600	0.206700	0.211300	0.153000	0.154500	0.175200	0.209900	0.240000	0.168100	0.225900	0.337600	0.201800	0.186500	0.225600	0.195500
315921.4	0.274700	0.185500	0.198300	0.233800	0.261400	0.218400	0.226600	0.172300	0.165300	0.157900	0.224800	0.184100	0.193100	0.176200	0.214500	0.206700	0.211800	0.155400	0.155600	0.175800	0.210300	0.240700	0.168400	0.228000	0.337500	0.201100	0.187600	0.226500	0.196400
321016.9	0.269600	0.181600	0.196000	0.232300	0.258800	0.221800	0.218900	0.173000	0.167300	0.154600	0.218500	0.177800	0.187700	0.174600	0.212800	0.202700	0.207700	0.160600	0.160400	0.181600	0.216000	0.235800	0.174600	0.233400	0.329300	0.200800	0.183000	0.223300	0.193500
326112.4	0.270200	0.182700	0.197100	0.232900	0.258300	0.219700	0.222400	0.171600	0.165600	0.156500	0.220000	0.181400	0.189600	0.174300	0.212700	0.200900	0.206700	0.157400	0.157800	0.177600	0.213700	0.237700	0.171600	0.230000	0.333300	0.201300	0.184700	0.220900	0.193700
331207.9	0.270600	0.186900	0.198800	0.234800	0.258900	0.211800	0.231400	0.165900	0.159200	0.162700	0.227500	0.188000	0.192700	0.173200	0.209300	0.195600	0.207000	0.147600	0.146000	0.165300	0.199700	0.241600	0.160000	0.215500	0.339900	0.201800	0.186200	0.222800	0.196200
336303.4	0.265800	0.179900	0.194100	0.231700	0.256200	0.216500	0.216300	0.166900	0.162500	0.153000	0.212800	0.176500	0.183900	0.172500	0.209800	0.195500	0.201700	0.155400	0.152300	0.173400	0.210100	0.231700	0.171400	0.225600	0.324500	0.200300	0.180600	0.216000	0.191500
341398.9	0.264500	0.185100	0.195600	0.233900	0.256100	0.210600	0.227700	0.162300	0.155400	0.157300	0.220800	0.184100	0.188600	0.171300	0.206000	0.190900	0.202400	0.146100	0.141300	0.161000	0.196900	0.235300	0.157800	0.211800	0.330000	0.199200	0.182500	0.217400	0.192300
346494.4	0.265800	0.192200	0.199200	0.235200	0.258100	0.206500	0.241100	0.159900	0.150400	0.165400	0.233700	0.195700	0.194900	0.171800	0.205400	0.189900	0.206300	0.140700	0.134300	0.153600	0.185300	0.241800	0.147200	0.198600	0.341200	0.202000	0.188600	0.222800	0.197300
351589.9	0.260000	0.182100	0.193600	0.234300	0.255700	0.209900	0.222300	0.160100	0.153400	0.153700	0.212100	0.179800	0.184000	0.169800	0.205300	0.187700	0.199100	0.145000	0.139400	0.160500	0.197000	0.231600	0.157900	0.210200	0.323100	0.199700	0.180300	0.213800	0.191400
356685.4	0.257600	0.182400	0.193700	0.232600	0.254700	0.213200	0.220500	0.159100	0.155700	0.154000	0.212200	0.180500	0.183900	0.170200	0.206400	0.186700	0.198200	0.151900	0.146800	0.166500	0.204200	0.229200	0.160400	0.218100	0.320100	0.200100	0.179500	0.214600	0.190300
361780.9	0.257500	0.184000	0.195300	0.234300	0.255600	0.208700	0.225100	0.156600	0.152200	0.156800	0.216600	0.184000	0.185700	0.170200	0.205000	0.184700	0.197600	0.144700	0.138700	0.159200	0.195400	0.231200	0.155100	0.207500	0.323300	0.199500	0.182100	0.216500	0.191500
366876.4	0.256300	0.179700	0.192400	0.233500	0.253000	0.209100	0.220000	0.155700	0.152300	0.151800	0.208700	0.177200	0.179900	0.167300	0.206500	0.185700	0.195700	0.146000	0.139900	0.160500	0.199700	0.226200	0.161000	0.212000	0.321700	0.197500	0.178000	0.213700	0.188700
371971.9	0.255800	0.181100	0.192500	0.234700	0.253600	0.209900	0.219300	0.155800	0.150800	0.152700	0.207500	0.177800	0.181300	0.168000	0.205400	0.183000	0.195100	0.146500	0.140100	0.160100	0.198500	0.226000	0.160100	0.209700	0.321400	0.197700	0.177700	0.213400	0.187700
377067.4	0.255800	0.181000	0.192500	0.234800	0.253100	0.208600	0.220000	0.154600	0.150900	0.153700	0.206900	0.177400	0.180300	0.169000	0.206300	0.182600	0.193300	0.147100	0.139000	0.159500	0.200200	0.224900	0.160800	0.209800	0.322200	0.198300	0.177800	0.214000	0.188000
382162.9	0.255000	0.183600	0.193700	0.235600	0.252900	0.206700	0.226600	0.152600	0.148700	0.156900	0.211900	0.182200	0.181600	0.168500	0.206200	0.182100	0.193500	0.144400	0.136400	0.156200	0.194600	0.225300	0.156400	0.205800	0.325700	0.197200	0.179100	0.215700	0.188200
387258.4	0.253800	0.180200	0.191000	0.233900	0.252300	0.211600	0.216600	0.153500	0.151200	0.150800	0.203000	0.175000	0.177000	0.168500	0.206000	0.180100	0.190600	0.149900	0.140700	0.162600	0.202900	0.220900	0.162300	0.212700	0.315900	0.198000	0.176100	0.211500	0.186300
392353.9	0.259300	0.178800	0.191500	0.233700	0.251500	0.212000	0.214000	0.154100	0.152200	0.149200	0.198800	0.172300	0.175400	0.167500	0.207800	0.180700	0.189100	0.151200	0.142200	0.163000	0.204200	0.219200	0.163700	0.213500	0.315500	0.197800	0.176700	0.213600	0.185200
397449.4	0.260000	0.179800	0.191400	0.233700	0.251500	0.209400	0.216300	0.152600	0.150800	0.149800	0.199500	0.173800	0.175300	0.167400	0.208600	0.180500	0.189800	0.149100	0.139100	0.160400	0.202300	0.219200	0.161600	0.212300	0.315500	0.196600	0.175200	0.211200	0.186200
402544.9	0.258400	0.182100	0.192200	0.233100	0.249900	0.206300	0.226300	0.149500	0.146700	0.153200	0.205900	0.179800	0.178100	0.166300	0.207300	0.179300	0.190800	0.145000	0.135200	0.154200	0.194000	0.221500	0.155800	0.204300	0.321400	0.194600	0.178200	0.210900	0.187600
407640.4	0.256300	0.178300	0.190300	0.232200	0.250200	0.211400	0.216500	0.151900	0.151600	0.150000	0.198500	0.172700	0.175400	0.167100	0.209200	0.180100	0.189300	0.153500	0.144000	0.164000	0.208800	0.217800	0.165900	0.217900	0.312800	0.196400	0.176100	0.212600	0.185000
412736.0	0.256100	0.181400	0.192400	0.233300	0.251900	0.206600	0.222100	0.150200	0.147900	0.150800	0.200000	0.177300	0.177200	0.167200	0.208500	0.178600	0.189300	0.146500	0.135500	0.156100	0.197600	0.220200	0.157200	0.205700	0.318300	0.195100	0.177100	0.212100	0.186600
417831.5	0.255800	0.185400	0.192900	0.234700	0.251900	0.203300	0.229500	0.147700	0.145000	0.155000	0.207300	0.182800	0.180100	0.166800	0.209100	0.179500	0.190600	0.141200	0.129500	0.149500	0.190700	0.222300	0.151500	0.199000	0.325600	0.195200	0.179600	0.213600	0.189400
422927.0	0.251300	0.178200	0.189100	0.232200	0.250100	0.212100	0.210100	0.151600	0.150800	0.146500	0.192300	0.169600	0.171900	0.167500	0.210900	0.177100	0.185300	0.153200	0.140800	0.162400	0.206700	0.214800	0.162900	0.211500	0.310400	0.195400	0.173200	0.209700	0.183800
428022.5	0.250500	0.179700	0.190300	0.232400	0.250100	0.207900	0.216500	0.149400	0.148500	0.149200	0.195900	0.173300	0.174400	0.167400	0.209100	0.174900	0.185400	0.149100	0.135800	0.158300	0.199900	0.217400	0.158700	0.206200	0.313700	0.195600	0.175400	0.212100	0.184700
433118.0	0.249100	0.180600	0.190700	0.233500	0.249200	0.206000	0.219700	0.146900	0.146700	0.150700	0.196500	0.174900	0.174600	0.167300	0.208800	0.175500	0.186900	0.146900	0.133600	0.155000	0.199200	0.216900	0.160000	0.206200	0.315400	0.194800	0.176800	0.212800	0.186000
438213.5	0.246600	0.178600	0.188500	0.231400	0.246800	0.206200	0.217200	0.146700	0.147000	0.148300	0.192400	0.173300	0.172700	0.165400	0.208600	0.174800	0.184900	0.148800	0.134500	0.156400	0.199800	0.213400	0.159100	0.206600	0.312600	0.193300	0.175400	0.208500	0.184000
443309.0	0.246800	0.180000	0.188500	0.231400	0.246400	0.203100	0.221300	0.145700	0.145300	0.149900	0.195000	0.176000	0.173400	0.164700	0.208500	0.176000	0.184900	0.145000	0.132200	0.151900	0.195900	0.214800	0.157600	0.202600	0.314700	0.191500	0.175300	0.209500	0.184900
448404.5	0.246800	0.184300	0.192600	0.232500	0.248400	0.203000	0.227600	0.146000	0.143800	0.154000	0.199900	0.180100	0.177300	0.166900	0.209000	0.175400	0.187200	0.144000	0.127700	0.149700	0.191700	0.217600	0.149900	0.196700	0.321300	0.192500	0.178800	0.212600	0.188300
453500.0	0.245600	0.183200	0.191100	0.231600	0.246000	0.199800	0.227700	0.143600	0.142600	0.153100	0.198500	0.179400	0.176700	0.165500	0.207300	0.173600	0.186400	0.142300	0.128300	0.149200	0.191400	0.216700	0.153500	0.198300	0.320100	0.191800	0.178000	0.213000	0.186900
458595.5	0.241300	0.178200	0.186700	0.231300	0.245200	0.204500	0.212700	0.146000	0.146600	0.145600	0.186800	0.169000	0.169800	0.164900	0.209100	0.172700	0.181700	0.149900	0.134100	0.156900	0.202300	0.210600	0.160500	0.207200	0.308500	0.191300	0.172400	0.208300	0.182300
463691.0	0.241600	0.181500	0.189100	0.230900	0.245100	0.203100	0.220600	0.144900	0.143800	0.149600	0.191600	0.175100	0.173600	0.164000	0.208700	0.171900	0.182800	0.146300	0.129400	0.150700	0.193500	0.213700	0.152600	0.197300	0.314200	0.191100	0.176900	0.209100	0.184500
468786.5	0.244500	0.182400	0.190000	0.232400	0.244800	0.196800	0.226700	0.142800	0.140800	0.153000	0.195800	0.178800	0.175700	0.164000	0.207100	0.171700	0.184700	0.139500	0.124200	0.146700	0.188600	0.215600	0.151200	0.193900	0.317200	0.190300	0.176200	0.209600	0.185400
473882.0	0.244400	0.182100	0.189200	0.231300	0.244300	0.199500	0.225100	0.142600	0.142100	0.151600	0.194600	0.177500	0.175500	0.164100	0.208500	0.172200	0.182800	0.142900	0.126900	0.147400	0.190400	0.214100	0.150200	0.195200	0.313500	0.190000	0.176400	0.211200	0.185500
478977.5	0.241300	0.178800	0.186700	0.230500	0.242900	0.198700	0.216800	0.142800	0.142000	0.149100	0.187300	0.172200	0.171100	0.162400	0.206200	0.171600	0.181600	0.144000	0.126700	0.150600	0.194200	0.209400	0.156000	0.197600	0.310700	0.188700	0.173300	0.207400	0.183200
484073.0	0.241800	0.181400	0.188800	0.230400	0.242700	0.196900	0.222200	0.142400	0.141200	0.151000	0.190900	0.176600	0.173700	0.162300	0.207100	0.170600	0.182000	0.141900	0.124900	0.147100	0.189100	0.212400	0.151100	0.193400	0.311900	0.188900	0.175600	0.208000	0.185100
489168.5	0.239300	0.176900	0.185000	0.229300	0.240400	0.200100	0.210100	0.143800	0.144200	0.145100	0.181300	0.167300	0.167100	0.162300	0.207500	0.170600	0.180100	0.147300	0.130200	0.153600	0.197800	0.206400	0.159500	0.201900	0.302000	0.187900	0.172100	0.207000	0.180700
494264.0	0.240100	0.177300	0.185400	0.228900	0.239600	0.198600	0.210500	0.143200	0.143200	0.146200	0.183500	0.169300	0.168300	0.162500	0.207400	0.170500	0.180200	0.147400	0.131000	0.152500	0.196800	0.206800	0.157400	0.197400	0.305500	0.188300	0.171600	0.207400	0.182200
499359.5	0.241500	0.180400	0.187800	0.230200	0.240800	0.196200	0.217600	0.142600	0.141400	0.149800	0.186800	0.173800	0.171100	0.162600	0.206900	0.168700	0.181000	0.142500	0.125100	0.146500	0.190300	0.209100	0.149800	0.192200	0.310300	0.189100	0.174600	0.207400	0.183400
504455.0	0.238500	0.177200	0.185300	0.227700	0.238300	0.196400	0.213400	0.141100	0.141300	0.146100	0.182700	0.170400	0.168800	0.160700	0.206500	0.169800	0.179200	0.145500	0.126900	0.149500	0.192800	0.206300	0.155700	0.196300	0.303800	0.186600	0.170800	0.206300	0.183000
509550.5	0.237600	0.175600	0.183700	0.229000	0.238400	0.195300	0.207500	0.141700	0.142600	0.143800	0.179400	0.168000	0.166700	0.161100	0.207900	0.169800	0.177600	0.144000	0.125300	0.149900	0.195100	0.204900	0.156200	0.196600	0.302900	0.186300	0.170000	0.204900	0.181100
514646.0	0.237000	0.172800	0.182400	0.227600	0.237600	0.200800	0.198500	0.143000	0.145300	0.140200	0.173000	0.162700	0.163200	0.160700	0.206600	0.169400	0.175200	0.152400	0.134400	0.157400	0.203000	0.200100	0.160300	0.204000	0.296700	0.187500	0.169100	0.205300	0.179100
519741.5	0.238100	0.175100	0.183800	0.226600	0.236100	0.194900	0.210300	0.140900	0.141600	0.146400	0.180900	0.169400	0.167900	0.160400	0.206200	0.169100	0.178300	0.146100	0.126800	0.149200	0.192500	0.203800	0.153000	0.194900	0.303000	0.186500	0.171500	0.205100	0.181800
524837.1	0.238700	0.175300	0.183400	0.227900	0.235400	0.193200	0.208900	0.140900	0.140900	0.145900	0.178600	0.168100	0.166900	0.159900	0.206900	0.168300	0.177700	0.144200	0.125900	0.148300	0.192500	0.202900	0.154400	0.193600	0.303000	0.185500	0.171100	0.205200	0.181300
529932.6	0.236800	0.175100	0.182200	0.226100	0.234500	0.193800	0.203600	0.140600	0.142200	0.144900	0.175900	0.165500	0.165200	0.158100	0.205300	0.166400	0.175900	0.145700	0.127800	0.151200	0.194000	0.200900	0.156000	0.196000	0.299100	0.185900	0.168300	0.202700	0.179200
535028.1	0.234600	0.170800	0.180200	0.225400	0.232600	0.195600	0.198500	0.140800	0.143400	0.140100	0.170000	0.160600	0.161700	0.158300	0.205000	0.167500	0.173700	0.151200	0.132200	0.156000	0.200900	0.196900	0.162000	0.200400	0.293400	0.184500	0.165300	0.201200	0.179000
540123.6	0.235900	0.175100	0.182100	0.227500	0.232400	0.190600	0.206000	0.140500	0.140300	0.143200	0.176300	0.167100	0.165500	0.158300	0.206100	0.167700	0.176500	0.143300	0.124700	0.147200	0.187500	0.199700	0.154100	0.191000	0.300000	0.183900	0.168600	0.204300	0.180900
545219.1	0.235400	0.176600	0.183800	0.227700	0.232900	0.191000	0.208200	0.139900	0.140400	0.144900	0.178300	0.170200	0.167200	0.159600	0.205600	0.167400	0.176400	0.143400	0.123100	0.146900	0.188700	0.202400	0.151000	0.190100	0.305200	0.185500	0.170300	0.206400	0.181900
550314.6	0.235500	0.177600	0.183900	0.227100	0.231700	0.187300	0.211500	0.137800	0.138200	0.148000	0.179900	0.171400	0.168500	0.159300	0.204100	0.167900	0.176500	0.140100	0.121200	0.143400	0.185400	0.201800	0.150800	0.186500	0.305500	0.183600	0.171700	0.205800	0.182000
555410.1	0.234200	0.177900	0.184000	0.227100	0.231900	0.186900	0.212300	0.138300	0.136700	0.148300	0.181300	0.173200	0.169600	0.158500	0.203400	0.166900	0.177400	0.138600	0.119300	0.142000	0.181100	0.203200	0.146800	0.183000	0.306600	0.183500	0.173000	0.204400	0.182700
560505.6	0.231500	0.176500	0.181500	0.223500	0.228100	0.187100	0.211200	0.137300	0.137600	0.146400	0.179700	0.171800	0.167000	0.156300	0.201900	0.166100	0.176700	0.141800	0.123400	0.143400	0.183600	0.199200	0.148600	0.186700	0.301500	0.181300	0.170900	0.201200	0.181700
565601.1	0.231800	0.173000	0.180700	0.225400	0.228500	0.185600	0.202900	0.137900	0.138300	0.143800	0.172700	0.166300	0.164800	0.157000	0.201300	0.165200	0.174600	0.139500	0.121700	0.143600	0.188100	0.197700	0.151500	0.187900	0.296700	0.181900	0.167600	0.203200	0.179900
570696.6	0.227500	0.168500	0.177300	0.223300	0.227100	0.189900	0.193300	0.138800	0.141600	0.138900	0.166600	0.158800	0.159400	0.155300	0.202200	0.165400	0.171600	0.146600	0.128000	0.151900	0.195600	0.192400	0.159500	0.196000	0.290600	0.182700	0.164900	0.198600	0.175700
575792.1	0.228500	0.171500	0.179700	0.224900	0.227800	0.186900	0.200300	0.137000	0.139500	0.143200	0.169900	0.164300	0.163200	0.155500	0.201000	0.163800	0.171400	0.144300	0.125300	0.147700	0.191400	0.195300	0.154100	0.191000	0.293200	0.180900	0.167000	0.200500	0.177900
580887.6	0.230000	0.175400	0.181100	0.224000	0.226900	0.182600	0.206400	0.136300	0.136200	0.146000	0.175100	0.168800	0.165800	0.155600	0.203100	0.164800	0.175200	0.137500	0.118400	0.141100	0.179500	0.197600	0.147700	0.182000	0.302000	0.179600	0.170100	0.203200	0.180000
585983.1	0.228800	0.176900	0.183200	0.225300	0.227200	0.181700	0.211600	0.135600	0.135400	0.148000	0.177100	0.171700	0.167800	0.155800	0.200800	0.163700	0.175500	0.135300	0.117300	0.139400	0.178700	0.199200	0.144400	0.181800	0.306400	0.180700	0.172500	0.203900	0.182100
591078.6	0.225500	0.170500	0.178000	0.222600	0.224300	0.183600	0.198500	0.136900	0.138100	0.141300	0.168200	0.162800	0.161400	0.155300	0.199800	0.163000	0.170100	0.141900	0.123800	0.145800	0.186400	0.193100	0.155000	0.188500	0.291300	0.179700	0.166300	0.200400	0.177800
596174.1	0.223800	0.171400	0.178600	0.221900	0.224500	0.187700	0.196700	0.138100	0.140000	0.140700	0.166700	0.161000	0.161000	0.155000	0.202500	0.165900	0.172400	0.145700	0.126500	0.149700	0.191800	0.191800	0.154300	0.192200	0.292800	0.180500	0.166500	0.200100	0.177800
601269.6	0.224600	0.173000	0.179900	0.224700	0.226700	0.183400	0.201600	0.137100	0.138600	0.144300	0.169900	0.165200	0.162900	0.155800	0.201200	0.163800	0.171500	0.139400	0.119400	0.143600	0.183500	0.194600	0.149200	0.185900	0.295200	0.179800	0.168700	0.200000	0.178200
606365.1	0.222700	0.168800	0.177100	0.221700	0.224400	0.185800	0.193300	0.137600	0.139500	0.138800	0.162300	0.158100	0.159000	0.154300	0.200400	0.163800	0.170500	0.144100	0.124700	0.148500	0.191100	0.190500	0.155300	0.190600	0.287200	0.180100	0.165200	0.199600	0.176200
611460.6	0.224300	0.173800	0.180500	0.224300	0.225300	0.180200	0.208400	0.136100	0.135600	0.146300	0.172400	0.169100	0.165900	0.154900	0.200700	0.164200	0.173000	0.135700	0.117400	0.137500	0.175400	0.195900	0.143200	0.178100	0.298300	0.179500	0.169300	0.202600	0.179500
616556.1	0.222300	0.173200	0.180000	0.224200	0.224500	0.181800	0.202200	0.136700	0.136000	0.144800	0.169900	0.164900	0.163000	0.154500	0.199500	0.162600	0.171500	0.136900	0.118100	0.139100	0.178200	0.194000	0.146900	0.178600	0.296800	0.179400	0.167200	0.201000	0.178300
621651.6	0.220300	0.169800	0.176700	0.222300	0.223300	0.182600	0.196500	0.136500	0.138300	0.140700	0.164500	0.160700	0.160300	0.153300	0.199500	0.163800	0.170500	0.141400	0.121600	0.145000	0.185200	0.189500	0.151000	0.186100	0.290400	0.177900	0.166700	0.199400	0.176800
626747.2	0.220900	0.173500	0.178600	0.222800	0.222800	0.178300	0.203100	0.134200	0.134800	0.143200	0.169100	0.165500	0.163200	0.152900	0.197800	0.163500	0.171100	0.133700	0.114700	0.138200	0.176900	0.192700	0.146500	0.176700	0.296700	0.178200	0.167700	0.200300	0.178300
631842.7	0.220500	0.170100	0.177100	0.222600	0.222200	0.181900	0.197300	0.136200	0.137400	0.141600	0.167500	0.162700	0.161100	0.153000	0.197700	0.162400	0.170600	0.138400	0.119200	0.142900	0.181300	0.190300	0.148600	0.183000	0.293500	0.178000	0.166400	0.199400	0.176700
636938.2	0.219000	0.171400	0.177900	0.222900	0.222200	0.181800	0.197700	0.135500	0.137000	0.141400	0.164800	0.162800	0.161200	0.153300	0.197700	0.162800	0.169500	0.138000	0.118800	0.141800	0.181700	0.190600	0.147800	0.181500	0.293400	0.177800	0.166500	0.200400	0.177200
642033.7	0.219200	0.168400	0.176200	0.221500	0.221000	0.183100	0.192000	0.136300	0.138300	0.140100	0.161300	0.159400	0.159000	0.152300	0.198500	0.162800	0.167900	0.138500	0.119400	0.145300	0.182800	0.187500	0.151800	0.183200	0.286300	0.178000	0.165200	0.197600	0.175100
647129.2	0.217200	0.166100	0.175200	0.220500	0.219700	0.184700	0.188200	0.136500	0.139700	0.137700	0.158500	0.156700	0.157600	0.151900	0.197500	0.163800	0.166900	0.145400	0.126500	0.150600	0.190600	0.185600	0.156500	0.189800	0.283500	0.177000	0.163500	0.198000	0.172900
652224.7	0.217100	0.168600	0.175300	0.222100	0.219700	0.180000	0.193800	0.135400	0.135900	0.141000	0.160800	0.159900	0.159700	0.151000	0.197000	0.162100	0.168200	0.135400	0.117400	0.140600	0.179400	0.187400	0.147700	0.180300	0.287500	0.174900	0.165600	0.196900	0.175000
657320.2	0.219400	0.173800	0.178600	0.221900	0.220200	0.175700	0.206000	0.132800	0.133300	0.146800	0.171800	0.170300	0.164200	0.151100	0.194700	0.161200	0.171400	0.130300	0.110900	0.133800	0.170200	0.192600	0.140800	0.172900	0.297200	0.174400	0.169200	0.200600	0.179400
662415.7	0.216300	0.165800	0.173900	0.220500	0.218100	0.181900	0.187300	0.135600	0.136800	0.137500	0.158300	0.157400	0.157600	0.151400	0.196700	0.162700	0.167300	0.140600	0.122000	0.145900	0.183900	0.184200	0.151700	0.185500	0.283700	0.174600	0.163500	0.197700	0.173100
667511.2	0.218200	0.170200	0.176900	0.222400	0.219800	0.178400	0.196900	0.134500	0.134800	0.142100	0.166200	0.163700	0.162000	0.151600	0.196100	0.161900	0.168900	0.133100	0.114000	0.135900	0.174500	0.188900	0.144000	0.174800	0.289200	0.175300	0.166900	0.199400	0.177200
672606.7	0.215700	0.166700	0.174500	0.219500	0.216600	0.179700	0.189700	0.134800	0.136900	0.139000	0.159300	0.158500	0.157800	0.150000	0.195500	0.162600	0.167700	0.138800	0.120200	0.142300	0.181300	0.183800	0.149500	0.181600	0.283500	0.174900	0.163500	0.197600	0.174400
677702.2	0.215600	0.168000	0.175800	0.221800	0.217400	0.179200	0.191000	0.134700	0.135500	0.140100	0.161200	0.160600	0.159700	0.150100	0.195400	0.161500	0.167800	0.137800	0.117800	0.141300	0.178800	0.186200	0.147100	0.179000	0.284300	0.175200	0.163600	0.199800	0.175400
682797.7	0.214800	0.165200	0.172900	0.219000	0.215600	0.181300	0.186300	0.134400	0.137900	0.137100	0.156800	0.156200	0.156500	0.150300	0.195900	0.161900	0.166300	0.141200	0.122200	0.145500	0.185300	0.182500	0.151200	0.185200	0.280100	0.174700	0.163200	0.195600	0.174000
687893.2	0.215500	0.169300	0.177400	0.221500	0.217400	0.177200	0.194900	0.133200	0.135300	0.142600	0.163600	0.163500	0.161400	0.150400	0.194500	0.161900	0.167700	0.135300	0.116300	0.139400	0.175100	0.187000	0.145200	0.175000	0.288500	0.174500	0.165700	0.198800	0.176600
692988.7	0.215800	0.169000	0.175900	0.221400	0.216400	0.176100	0.195500	0.132900	0.134500	0.143700	0.165400	0.163700	0.161100	0.150600	0.193600	0.161900	0.169600	0.132300	0.114100	0.136100	0.172400	0.186400	0.143100	0.173500	0.289300	0.174100	0.165700	0.197700	0.176900
698084.2	0.216700	0.172100	0.176900	0.221800	0.216400	0.173800	0.201200	0.131900	0.132900	0.146400	0.169800	0.167900	0.163400	0.149000	0.193500	0.160600	0.170500	0.128400	0.109400	0.131400	0.167500	0.189000	0.138400	0.168800	0.294500	0.174600	0.168700	0.197900	0.177800
703179.7	0.214000	0.165800	0.173200	0.219300	0.214100	0.179700	0.184900	0.134300	0.137400	0.137900	0.156400	0.156500	0.156700	0.147600	0.194300	0.160900	0.164800	0.139500	0.120600	0.144200	0.182700	0.182000	0.149000	0.181900	0.282500	0.174000	0.164100	0.193800	0.173900
708275.2	0.215300	0.169500	0.175200	0.221000	0.214600	0.174500	0.193300	0.132600	0.133900	0.142700	0.163400	0.162100	0.159700	0.148300	0.191500	0.159800	0.166900	0.131100	0.111900	0.135400	0.171200	0.185500	0.141700	0.171800	0.290000	0.173700	0.165700	0.196200	0.175100
713370.7	0.213700	0.168200	0.173500	0.220100	0.214100	0.174200	0.190100	0.132900	0.133900	0.140500	0.161200	0.161000	0.158700	0.148000	0.192100	0.160200	0.167700	0.131800	0.113000	0.135900	0.173500	0.183700	0.143800	0.174200	0.286300	0.172300	0.164300	0.195700	0.175200
718466.2	0.214400	0.170100	0.174600	0.220200	0.213100	0.174200	0.195200	0.132700	0.133400	0.142200	0.163000	0.164500	0.160800	0.147900	0.191800	0.161600	0.167700	0.132200	0.114200	0.134500	0.170500	0.185600	0.139000	0.171400	0.288800	0.173000	0.166000	0.198000	0.175700
723561.8	0.213400	0.167200	0.173400	0.219700	0.212400	0.174300	0.187700	0.133800	0.133700	0.139100	0.159200	0.159500	0.158300	0.148000	0.190700	0.161100	0.166400	0.132800	0.113200	0.136900	0.172300	0.181800	0.142200	0.174100	0.282700	0.172700	0.163800	0.195700	0.174400
728657.3	0.214100	0.170000	0.175800	0.219000	0.213200	0.171500	0.197300	0.131500	0.133000	0.145200	0.166100	0.166900	0.162600	0.148000	0.190600	0.159300	0.169700	0.129000	0.111700	0.131700	0.165400	0.186400	0.136600	0.167000	0.291200	0.172400	0.167500	0.197000	0.177500
733752.8	0.214600	0.169600	0.173700	0.220600	0.212800	0.171000	0.193600	0.131300	0.132300	0.142700	0.164100	0.164000	0.161600	0.148400	0.190500	0.160700	0.167500	0.128200	0.110800	0.132100	0.165300	0.185000	0.137900	0.167200	0.288600	0.172000	0.166100	0.196000	0.176300
738848.3	0.214100	0.169700	0.175900	0.219800	0.213400	0.172800	0.193700	0.132100	0.133300	0.144300	0.164300	0.164600	0.161700	0.147700	0.190600	0.160300	0.167700	0.130900	0.112700	0.134800	0.167200	0.186000	0.137800	0.168300	0.290100	0.173100	0.166200	0.197400	0.177400
743943.8	0.212500	0.167200	0.172800	0.219100	0.211400	0.170100	0.189400	0.131500	0.133400	0.141100	0.159000	0.160600	0.157800	0.147900	0.190000	0.158900	0.166100	0.129200	0.110900	0.133000	0.168400	0.182100	0.141500	0.169600	0.284100	0.171500	0.164800	0.197900	0.175000
749039.3	0.210300	0.165200	0.172200	0.217100	0.209500	0.172300	0.188000	0.131800	0.133900	0.138900	0.158900	0.160100	0.158000	0.145800	0.187800	0.158200	0.165300	0.134700	0.116400	0.137200	0.173400	0.181200	0.139700	0.174300	0.281200	0.169800	0.163800	0.193500	0.173400
754134.8	0.211600	0.167800	0.172500	0.218700	0.210700	0.170300	0.189300	0.131300	0.133300	0.142500	0.162600	0.162200	0.159000	0.146900	0.187700	0.159900	0.167300	0.130600	0.113100	0.134000	0.167300	0.182200	0.137800	0.168800	0.283800	0.170000	0.163500	0.195400	0.174600
759230.3	0.210900	0.164000	0.170400	0.219200	0.209800	0.174800	0.179600	0.133000	0.137000	0.137400	0.152800	0.155300	0.155200	0.147400	0.190200	0.160800	0.165500	0.135500	0.118500	0.140000	0.176400	0.179300	0.144300	0.177200	0.279500	0.171300	0.161600	0.195000	0.172800
764325.8	0.210500	0.166500	0.171600	0.219300	0.210000	0.169300	0.188900	0.131100	0.133100	0.141300	0.160700	0.161700	0.158100	0.145400	0.187500	0.159400	0.165600	0.128800	0.112300	0.133500	0.166400	0.180600	0.139800	0.168700	0.284100	0.170100	0.164600	0.194800	0.173800
769421.3	0.212300	0.167900	0.173300	0.219800	0.210700	0.171200	0.189300	0.131800	0.133800	0.141300	0.161100	0.162600	0.160500	0.147000	0.187500	0.160100	0.166900	0.130600	0.112700	0.135600	0.168700	0.182800	0.137800	0.168300	0.285100	0.171000	0.165300	0.196700	0.176100
774516.8	0.210200	0.165800	0.171200	0.217600	0.207900	0.170100	0.186400	0.130000	0.132700	0.141400	0.158700	0.160400	0.157100	0.145200	0.185300	0.158900	0.165500	0.129100	0.112500	0.132300	0.165400	0.179500	0.136800	0.167000	0.280500	0.168800	0.165000	0.192300	0.173300
779612.3	0.210900	0.168000	0.171600	0.219900	0.209200	0.166800	0.189000	0.130200	0.130900	0.142000	0.162100	0.163300	0.160300	0.145100	0.185000	0.158700	0.165500	0.126500	0.108800	0.129900	0.162700	0.180600	0.134900	0.163800	0.284500	0.169000	0.165600	0.195100	0.175200
784707.8	0.210500	0.163500	0.170200	0.218200	0.208800	0.172400	0.178200	0.132300	0.136600	0.136000	0.153700	0.156000	0.155400	0.145800	0.188000	0.159600	0.165100	0.135900	0.118700	0.139700	0.174400	0.177000	0.143100	0.174900	0.276500	0.169900	0.162100	0.194700	0.173500
789803.3	0.212300	0.169200	0.173100	0.220600	0.210100	0.166700	0.192100	0.130300	0.131800	0.144300	0.163200	0.166400	0.161900	0.147300	0.184300	0.157800	0.165500	0.125000	0.107900	0.129200	0.160500	0.183600	0.131700	0.161000	0.287800	0.170100	0.166000	0.197500	0.175200
794898.8	0.212700	0.169600	0.173400	0.220300	0.209600	0.165600	0.194900	0.130200	0.131200	0.145200	0.166300	0.167900	0.163100	0.145600	0.185700	0.160200	0.168400	0.124600	0.106900	0.129200	0.160200	0.184300	0.130600	0.160100	0.290700	0.169800	0.168300	0.196900	0.177600
799994.3	0.211800	0.165500	0.172000	0.219500	0.208000	0.167300	0.187700	0.131000	0.132600	0.141700	0.160400	0.162900	0.159500	0.146200	0.186500	0.161600	0.166200	0.128700	0.111700	0.132000	0.164900	0.179700	0.136200	0.165800	0.282700	0.168200	0.164600	0.195700	0.174000
805089.8	0.211100	0.165400	0.171100	0.219700	0.207500	0.165700	0.185500	0.130500	0.131900	0.140700	0.159200	0.161300	0.158200	0.145300	0.183500	0.157300	0.164800	0.125400	0.109300	0.130600	0.162200	0.179300	0.135800	0.163900	0.280300	0.167700	0.163600	0.195300	0.174300
810185.3	0.210700	0.166300	0.170400	0.219800	0.207300	0.164800	0.187100	0.130100	0.131500	0.141800	0.159200	0.162500	0.158900	0.144400	0.183100	0.159300	0.165500	0.123900	0.107300	0.130000	0.161000	0.179300	0.135200	0.163500	0.281900	0.168000	0.163700	0.194600	0.174000
815280.8	0.207700	0.161100	0.167700	0.217300	0.205700	0.170000	0.175600	0.132500	0.135500	0.136000	0.151600	0.153600	0.153900	0.145000	0.184500	0.159300	0.163500	0.135300	0.116600	0.140200	0.173000	0.173400	0.142600	0.174100	0.272300	0.167600	0.159700	0.194300	0.171600
820376.3	0.207300	0.162600	0.168400	0.216600	0.205000	0.167700	0.179800	0.130000	0.132700	0.136800	0.156500	0.157500	0.155100	0.143800	0.183500	0.158500	0.164500	0.130200	0.113000	0.133500	0.166100	0.174700	0.137500	0.168400	0.275000	0.166800	0.160900	0.192800	0.172800
825471.9	0.209000	0.163500	0.169300	0.219100	0.205800	0.167800	0.180200	0.130700	0.133200	0.138200	0.155400	0.158200	0.155900	0.144800	0.183100	0.158900	0.163400	0.129600	0.113000	0.134200	0.165000	0.177600	0.137600	0.166400	0.276500	0.167500	0.162600	0.195300	0.172000
830567.4	0.209500	0.166300	0.169800	0.219100	0.205800	0.162900	0.188700	0.129500	0.129700	0.143400	0.161000	0.163100	0.159900	0.144900	0.182300	0.158100	0.164800	0.123000	0.107000	0.127200	0.156600	0.178900	0.129900	0.159300	0.281700	0.166800	0.164200	0.194100	0.173700
835662.9	0.209800	0.167300	0.170900	0.219800	0.206400	0.163300	0.190000	0.129200	0.130000	0.145800	0.163500	0.165800	0.160900	0.144000	0.181400	0.157600	0.165800	0.122500	0.106000	0.126700	0.156800	0.179800	0.130100	0.158400	0.284100	0.166200	0.165500	0.193600	0.175100
840758.4	0.206700	0.161200	0.168100	0.217000	0.203500	0.168100	0.176500	0.130900	0.134200	0.136500	0.153300	0.155400	0.154200	0.144500	0.182100	0.159400	0.163300	0.131700	0.116000	0.136200	0.167300	0.175400	0.137700	0.168800	0.272300	0.166700	0.161100	0.192300	0.171000
845853.9	0.208800	0.166600	0.171100	0.219100	0.205500	0.164400	0.188300	0.130100	0.130500	0.142900	0.162700	0.164000	0.160100	0.144200	0.181700	0.158400	0.166300	0.125200	0.107500	0.128200	0.158600	0.178900	0.129600	0.161100	0.279900	0.167000	0.166000	0.195900	0.174500
850949.4	0.207200	0.163300	0.168300	0.218400	0.204000	0.164400	0.179600	0.130600	0.132100	0.138500	0.156100	0.157400	0.155700	0.144000	0.181400	0.158500	0.164000	0.127400	0.110000	0.131800	0.161800	0.174500	0.135300	0.164100	0.274800	0.165600	0.162500	0.194400	0.172700
856044.9	0.203800	0.159200	0.165600	0.216100	0.203600	0.168900	0.170000	0.132800	0.136300	0.133400	0.149000	0.151600	0.152200	0.142700	0.181900	0.157800	0.160300	0.133700	0.119000	0.139300	0.172300	0.171900	0.140800	0.173100	0.268200	0.167100	0.158600	0.193000	0.171000
861140.4	0.206500	0.164300	0.168500	0.217700	0.202300	0.164500	0.182900	0.129500	0.131200	0.140900	0.157500	0.160600	0.157600	0.143400	0.180100	0.159300	0.164300	0.127900	0.112200	0.131500	0.161000	0.175600	0.133400	0.163600	0.277300	0.165800	0.165500	0.192900	0.173200
866235.9	0.205000	0.160100	0.166200	0.217500	0.202900	0.164200	0.175000	0.130700	0.133700	0.135400	0.152000	0.154400	0.153500	0.142700	0.180800	0.158200	0.161600	0.127700	0.110400	0.133300	0.164800	0.172500	0.138000	0.167200	0.270800	0.165600	0.159100	0.191600	0.172100
871331.4	0.205700	0.160600	0.166700	0.217200	0.203000	0.164700	0.175300	0.130900	0.133700	0.137400	0.152800	0.154800	0.153000	0.142900	0.180200	0.157500	0.163600	0.128200	0.113900	0.133800	0.164800	0.172600	0.135600	0.167400	0.273700	0.165600	0.158500	0.194100	0.172700
876426.9	0.205100	0.160700	0.166400	0.216900	0.202700	0.164000	0.174800	0.131100	0.133500	0.137300	0.151300	0.154300	0.154200	0.142400	0.179200	0.158300	0.162600	0.127500	0.112500	0.133900	0.165300	0.172500	0.136000	0.167000	0.271900	0.165900	0.159600	0.193600	0.171800
881522.4	0.206500	0.162200	0.167400	0.218300	0.203600	0.161200	0.179300	0.129400	0.131400	0.140000	0.155600	0.158900	0.156700	0.143500	0.178300	0.157500	0.162600	0.123300	0.106300	0.128600	0.159600	0.175300	0.132200	0.160000	0.276000	0.164900	0.163600	0.194300	0.173700
886617.9	0.206500	0.162500	0.167500	0.217200	0.202200	0.163000	0.180300	0.129800	0.131600	0.140300	0.157300	0.159500	0.156400	0.142600	0.178600	0.157900	0.164400	0.126100	0.110700	0.131500	0.159400	0.174700	0.133900	0.163900	0.277600	0.164200	0.162600	0.195200	0.173400
891713.4	0.205600	0.162400	0.167400	0.217900	0.202300	0.160800	0.181200	0.130000	0.130700	0.139600	0.158600	0.160200	0.156400	0.141800	0.177000	0.156800	0.164100	0.123300	0.108600	0.128900	0.158300	0.175200	0.130100	0.161400	0.277800	0.164100	0.161800	0.193900	0.173100
896808.9	0.205500	0.162700	0.167300	0.218800	0.202600	0.159000	0.182100	0.129300	0.130800	0.140000	0.156800	0.159600	0.157400	0.141800	0.176300	0.155900	0.162300	0.121400	0.106200	0.128700	0.157400	0.174900	0.131700	0.159700	0.278300	0.163800	0.162300	0.193700	0.173300
901904.4	0.205700	0.163400	0.168400	0.217900	0.202100	0.159800	0.183400	0.129000	0.129700	0.141800	0.159100	0.163000	0.158300	0.141700	0.175900	0.157700	0.163700	0.123100	0.108500	0.127900	0.157300	0.175000	0.128700	0.159800	0.279700	0.163200	0.163000	0.193200	0.173900
906999.9	0.205100	0.163400	0.167700	0.218900	0.202300	0.159900	0.182500	0.129900	0.130300	0.142400	0.158200	0.160900	0.157800	0.142900	0.176100	0.156000	0.163800	0.123000	0.107200	0.128200	0.157100	0.174900	0.130900	0.160400	0.279300	0.164400	0.163300	0.194400	0.173200
912095.4	0.205700	0.161400	0.167000	0.217100	0.201500	0.160800	0.178000	0.130300	0.132100	0.139100	0.153900	0.158000	0.155500	0.142400	0.177200	0.157000	0.163000	0.125100	0.109900	0.130700	0.159500	0.173100	0.131700	0.162300	0.278800	0.163800	0.160900	0.194700	0.172900
917190.9	0.203900	0.160800	0.166200	0.216400	0.199600	0.161000	0.176900	0.129600	0.131100	0.138500	0.154300	0.157800	0.154700	0.141500	0.174600	0.157000	0.162500	0.125300	0.110600	0.130700	0.160800	0.172100	0.133700	0.163000	0.276500	0.163400	0.161700	0.194400	0.171000
922286.4	0.205700	0.162700	0.167600	0.218000	0.201400	0.158300	0.181300	0.128800	0.130300	0.141200	0.158600	0.160200	0.156700	0.142300	0.175600	0.157000	0.164000	0.120400	0.105500	0.126100	0.154800	0.173800	0.128100	0.159700	0.279800	0.162900	0.161700	0.194700	0.174100
927382.0	0.202800	0.158100	0.164500	0.215700	0.198200	0.161900	0.171800	0.130100	0.132200	0.135800	0.150000	0.153700	0.153300	0.140600	0.175800	0.158000	0.161400	0.128300	0.113200	0.133200	0.164200	0.169800	0.135300	0.167600	0.272000	0.163100	0.160400	0.192100	0.169900
932477.5	0.204600	0.159500	0.165800	0.217600	0.201300	0.160700	0.175400	0.130600	0.131200	0.137200	0.153000	0.155200	0.154300	0.141800	0.175400	0.154500	0.161200	0.122600	0.107100	0.127700	0.157300	0.171500	0.131200	0.160000	0.274700	0.163500	0.160800	0.192200	0.171500
937573.0	0.202400	0.157200	0.164100	0.215800	0.199300	0.163200	0.168600	0.130400	0.134700	0.133300	0.147500	0.150900	0.150500	0.141600	0.175500	0.157500	0.160800	0.129700	0.115400	0.136400	0.167700	0.168000	0.137000	0.169500	0.268600	0.163500	0.159300	0.191500	0.171100
942668.5	0.205900	0.162700	0.167500	0.218000	0.200200	0.158100	0.182500	0.128600	0.129600	0.140600	0.157900	0.160900	0.157200	0.141700	0.174500	0.157700	0.164100	0.120000	0.105200	0.125500	0.152600	0.173700	0.127400	0.157600	0.278700	0.163000	0.162900	0.192600	0.173300
947764.0	0.200900	0.155800	0.163200	0.215000	0.197200	0.165100	0.163600	0.131500	0.135200	0.130900	0.146100	0.147900	0.148500	0.140200	0.176100	0.157600	0.159100	0.131600	0.115500	0.138300	0.168800	0.166500	0.138600	0.171900	0.263900	0.163900	0.158100	0.189600	0.168300
952859.5	0.206200	0.164800	0.169300	0.218900	0.199500	0.155600	0.186900	0.128000	0.127700	0.143700	0.162700	0.166100	0.159800	0.141100	0.173700	0.157000	0.165200	0.117900	0.103900	0.121800	0.148500	0.175800	0.122500	0.153100	0.283400	0.162900	0.165200	0.196000	0.176200
957955.0	0.203700	0.160900	0.166100	0.217400	0.199200	0.158700	0.177800	0.128700	0.129900	0.139300	0.155100	0.158200	0.156300	0.140700	0.173300	0.156000	0.162300	0.122700	0.108000	0.128100	0.155800	0.171600	0.129400	0.159800	0.274900	0.163000	0.162100	0.192500	0.172300
963050.5	0.204100	0.161500	0.167000	0.217500	0.199600	0.159500	0.177500	0.129300	0.131200	0.137700	0.155100	0.158900	0.155500	0.141600	0.174400	0.157700	0.163800	0.122500	0.106400	0.128500	0.157700	0.172300	0.128900	0.162000	0.275300	0.163400	0.161700	0.193300	0.172800
968146.0	0.202100	0.158000	0.164100	0.216800	0.197700	0.160700	0.172200	0.129600	0.132500	0.135500	0.151500	0.154300	0.152600	0.139300	0.173900	0.157700	0.160500	0.126400	0.111400	0.132200	0.159800	0.169200	0.131200	0.165400	0.270100	0.162600	0.159900	0.191900	0.170600
973241.5	0.203300	0.159500	0.165400	0.217100	0.198400	0.158500	0.174400	0.128700	0.129200	0.138700	0.154000	0.156600	0.154300	0.140000	0.171700	0.155900	0.160600	0.121900	0.107000	0.128000	0.155800	0.170900	0.129100	0.159700	0.269700	0.162600	0.159900	0.191100	0.170300
978337.0	0.201400	0.157000	0.163200	0.215200	0.196500	0.159600	0.169800	0.129300	0.131600	0.135700	0.150600	0.152800	0.151800	0.138700	0.172300	0.155800	0.160100	0.126000	0.112200	0.131700	0.160600	0.168000	0.131700	0.164100	0.266000	0.161400	0.157300	0.189500	0.169500
983432.5	0.203700	0.160800	0.164800	0.216700	0.198300	0.157400	0.176800	0.129000	0.130300	0.137500	0.154200	0.158300	0.155800	0.139700	0.171900	0.156200	0.162000	0.121400	0.108500	0.127600	0.154700	0.170400	0.128200	0.158800	0.273400	0.161900	0.160000	0.192300	0.172200
988528.0	0.205400	0.164100	0.167600	0.218100	0.198300	0.151500	0.186800	0.126400	0.126700	0.143200	0.163800	0.166000	0.160000	0.140700	0.169600	0.155200	0.165000	0.114900	0.100500	0.120800	0.145600	0.174700	0.121600	0.151700	0.281200	0.162100	0.164700	0.193000	0.174000
993623.5	0.204100	0.162000	0.166400	0.218200	0.198400	0.156600	0.179500	0.128600	0.129500	0.141800	0.159200	0.160800	0.157600	0.140400	0.170800	0.156200	0.162100	0.120600	0.107400	0.126200	0.152100	0.173900	0.125000	0.156400	0.275200	0.163100	0.163800	0.193300	0.173800
998719.0	0.200900	0.155100	0.162300	0.215100	0.196200	0.158900	0.167100	0.130900	0.132900	0.133900	0.146900	0.150500	0.150700	0.139300	0.171300	0.156300	0.159700	0.126000	0.112800	0.132900	0.162200	0.166700	0.133400	0.166400	0.264400	0.161700	0.158800	0.188900	0.168600
1003814.5	0.202900	0.160300	0.165500	0.218000	0.197400	0.156500	0.174700	0.129100	0.129800	0.139700	0.154900	0.158100	0.154900	0.141200	0.170100	0.155600	0.160600	0.120800	0.107700	0.126700	0.153500	0.171000	0.126500	0.157000	0.272300	0.161600	0.161500	0.192300	0.171800
1008910.0	0.201500	0.158100	0.163000	0.216200	0.195900	0.156700	0.170300	0.128700	0.130900	0.136800	0.152600	0.154300	0.152800	0.139900	0.168900	0.153700	0.160000	0.122100	0.109700	0.129300	0.155700	0.168600	0.128600	0.160400	0.266900	0.160900	0.159700	0.190700	0.169100
1014005.5	0.201900	0.159900	0.163600	0.216600	0.195700	0.155100	0.175500	0.128400	0.129800	0.138900	0.156500	0.158500	0.155600	0.140000	0.169100	0.154400	0.161100	0.120400	0.106700	0.126900	0.153100	0.171000	0.126600	0.156700	0.269800	0.161000	0.160600	0.191600	0.171600
1019101.0	0.202400	0.159600	0.164200	0.218000	0.196900	0.156300	0.174100	0.128600	0.130500	0.137800	0.153700	0.158200	0.155400	0.140100	0.168900	0.155400	0.161400	0.120900	0.107500	0.127100	0.153400	0.170600	0.128000	0.158100	0.270600	0.161600	0.161400	0.191900	0.171100
1024196.5	0.202300	0.158700	0.162600	0.217100	0.195800	0.153700	0.173600	0.127800	0.129000	0.138900	0.153500	0.156700	0.153600	0.139500	0.167300	0.154000	0.159800	0.118600	0.105700	0.125200	0.151700	0.169400	0.126500	0.156100	0.266000	0.160400	0.159400	0.189600	0.170400
1029292.0	0.203100	0.157800	0.162900	0.217400	0.195600	0.155000	0.171600	0.129000	0.131100	0.137400	0.153100	0.155600	0.153000	0.140000	0.169100	0.155400	0.161100	0.118100	0.106600	0.126100	0.152700	0.168800	0.128200	0.158900	0.266000	0.160400	0.159700	0.190000	0.171000
1034387.6	0.204300	0.163800	0.166200	0.217700	0.196500	0.152200	0.185700	0.126900	0.126300	0.144500	0.164400	0.166900	0.159900	0.140600	0.166900	0.154400	0.163800	0.115000	0.102000	0.119800	0.144900	0.173700	0.119700	0.149300	0.275800	0.161100	0.164300	0.194400	0.174400
1039483.1	0.202700	0.157900	0.163400	0.215800	0.195500	0.155300	0.172600	0.127900	0.129900	0.137800	0.153400	0.156000	0.154000	0.140300	0.169000	0.155000	0.161700	0.119800	0.106700	0.126900	0.152900	0.169900	0.125500	0.156400	0.269400	0.161300	0.161400	0.192300	0.171200
1044578.6	0.202800	0.159000	0.163600	0.216500	0.195600	0.154800	0.174800	0.129200	0.130100	0.138300	0.155100	0.157000	0.154300	0.140100	0.167700	0.155100	0.161100	0.119300	0.106500	0.126600	0.151300	0.170700	0.126400	0.157000	0.271100	0.160500	0.160900	0.191600	0.171100
1049674.1	0.202500	0.159700	0.164200	0.217000	0.195800	0.153500	0.176700	0.128000	0.129600	0.139400	0.155000	0.159700	0.155900	0.140000	0.167300	0.154700	0.160800	0.117800	0.107500	0.125600	0.150600	0.170100	0.125400	0.156600	0.271800	0.161600	0.162500	0.192300	0.171400
1054769.6	0.200400	0.156500	0.160900	0.215500	0.194200	0.155700	0.169800	0.129000	0.130800	0.136000	0.150500	0.154300	0.152500	0.139000	0.167500	0.154600	0.160600	0.122100	0.110000	0.129800	0.156100	0.167300	0.128600	0.160500	0.266200	0.161100	0.159000	0.189700	0.170800
1059865.1	0.201900	0.157100	0.162500	0.217000	0.194900	0.153300	0.171600	0.128400	0.130300	0.137400	0.150800	0.154800	0.153000	0.139300	0.166600	0.154900	0.159000	0.118900	0.105800	0.126400	0.153500	0.168500	0.127200	0.157500	0.267700	0.160900	0.158400	0.190700	0.169600
1064960.6	0.200600	0.155900	0.161000	0.215500	0.193500	0.154800	0.168200	0.128500	0.130700	0.136100	0.149500	0.153300	0.152300	0.139400	0.165900	0.153800	0.158700	0.120200	0.108600	0.127900	0.153600	0.166600	0.127600	0.159500	0.264500	0.160100	0.158100	0.187800	0.168600
1070056.1	0.201000	0.155400	0.160000	0.214700	0.192700	0.154000	0.169000	0.128100	0.130600	0.135600	0.150400	0.153400	0.152000	0.138100	0.165000	0.153900	0.159500	0.119700	0.108800	0.127200	0.154500	0.167400	0.127300	0.158800	0.263800	0.159500	0.158200	0.188100	0.169400
1075151.6	0.200900	0.156000	0.160000	0.215500	0.193400	0.153100	0.170000	0.128000	0.130200	0.134600	0.149100	0.153200	0.152000	0.137600	0.165900	0.154300	0.159200	0.119000	0.108800	0.127900	0.153500	0.166900	0.128400	0.160000	0.263100	0.159200	0.158700	0.187800	0.169400
1080247.1	0.203300	0.160800	0.163600	0.216600	0.194900	0.151700	0.176700	0.127400	0.128100	0.141000	0.156900	0.160300	0.155600	0.138900	0.165400	0.153100	0.161400	0.115800	0.103300	0.122900	0.147700	0.171500	0.121900	0.152600	0.271200	0.160400	0.162500	0.191900	0.172500
1085342.6	0.202400	0.159100	0.162500	0.217100	0.193400	0.151700	0.175600	0.128100	0.128500	0.139800	0.155300	0.158300	0.155100	0.139600	0.165300	0.153800	0.162000	0.114600	0.103700	0.123600	0.147600	0.170700	0.122200	0.153300	0.269900	0.159900	0.160500	0.189500	0.171300
1090438.1	0.200700	0.155400	0.160200	0.215700	0.193200	0.152300	0.169300	0.128800	0.130100	0.134200	0.150200	0.154000	0.152000	0.138000	0.165400	0.153000	0.159700	0.117200	0.106900	0.125700	0.151000	0.166700	0.127200	0.158000	0.261700	0.159500	0.158500	0.188200	0.169800
1095533.6	0.200500	0.156900	0.161000	0.215800	0.192800	0.151400	0.170000	0.128000	0.129400	0.136800	0.151000	0.154900	0.152600	0.138600	0.163800	0.153700	0.160400	0.116700	0.105600	0.125000	0.150800	0.167700	0.125500	0.156200	0.264100	0.159400	0.158300	0.189600	0.170300
1100629.1	0.200200	0.154700	0.160600	0.216400	0.192200	0.153500	0.165800	0.129000	0.132300	0.135200	0.147900	0.151200	0.150900	0.138600	0.165200	0.154300	0.158600	0.120900	0.110800	0.131200	0.156100	0.166000	0.129500	0.160800	0.261500	0.159800	0.158700	0.189400	0.168500
1105724.6	0.200100	0.153700	0.159200	0.214300	0.191000	0.154600	0.165200	0.129100	0.131900	0.133900	0.147500	0.151200	0.150000	0.137700	0.165200	0.154400	0.158400	0.122300	0.111700	0.131800	0.158100	0.163900	0.129400	0.164800	0.258700	0.159400	0.157500	0.187400	0.168500
1110820.1	0.201100	0.156000	0.160000	0.216800	0.192400	0.152900	0.168100	0.128700	0.130300	0.137100	0.150900	0.154100	0.152000	0.137800	0.164400	0.153500	0.158800	0.118100	0.106800	0.127400	0.151200	0.166000	0.125000	0.158500	0.261800	0.160100	0.159600	0.188200	0.169800
1115915.6	0.204500	0.157500	0.161200	0.217000	0.191600	0.150200	0.171800	0.127500	0.128800	0.138500	0.152200	0.156900	0.153800	0.138200	0.165100	0.153400	0.160700	0.115600	0.105300	0.124800	0.148000	0.167500	0.124100	0.155500	0.264400	0.159500	0.158900	0.190000	0.171300
1121011.1	0.203600	0.156100	0.159500	0.216300	0.192100	0.150900	0.169400	0.128000	0.127800	0.136400	0.149400	0.153600	0.151500	0.137700	0.162800	0.152200	0.157600	0.114900	0.104400	0.125000	0.148500	0.166900	0.124900	0.153200	0.259900	0.158700	0.158000	0.186500	0.168300
1126106.6	0.205200	0.159400	0.162200	0.216700	0.193100	0.150500	0.176500	0.126700	0.127300	0.140300	0.155800	0.160100	0.155500	0.138300	0.163200	0.153600	0.162000	0.113400	0.102700	0.122200	0.145800	0.169400	0.121000	0.151800	0.269400	0.159500	0.163100	0.191000	0.172800
1131202.1	0.205700	0.160000	0.161800	0.217000	0.192400	0.150100	0.175200	0.127100	0.127700	0.139600	0.155700	0.159700	0.154500	0.137600	0.163000	0.153900	0.162100	0.112700	0.102500	0.120600	0.142600	0.168700	0.119800	0.149600	0.268600	0.159200	0.160500	0.192500	0.172700
1136297.7	0.201900	0.154000	0.159000	0.213500	0.189500	0.153500	0.165600	0.128000	0.130600	0.133800	0.147500	0.152200	0.150300	0.136800	0.163800	0.153100	0.157500	0.119600	0.109400	0.129500	0.152100	0.164600	0.126600	0.160200	0.258100	0.158500	0.157900	0.189200	0.168100
1141393.2	0.203900	0.155500	0.160700	0.216300	0.191500	0.152600	0.168400	0.128600	0.129600	0.135900	0.150700	0.153700	0.151800	0.137800	0.163000	0.152000	0.158800	0.117700	0.107000	0.126900	0.151000	0.165700	0.125300	0.156800	0.260700	0.159800	0.157300	0.189900	0.170300
1146488.7	0.204400	0.159200	0.162400	0.218600	0.192600	0.148800	0.176600	0.126600	0.126200	0.141900	0.157500	0.160800	0.155200	0.138600	0.161600	0.152400	0.161500	0.112200	0.101500	0.120400	0.143600	0.170300	0.118200	0.150000	0.267000	0.158500	0.162400	0.192900	0.172000
1151584.2	0.203600	0.156300	0.159100	0.217300	0.191300	0.149400	0.169100	0.126900	0.128700	0.135200	0.149900	0.155400	0.152100	0.136900	0.161300	0.150700	0.158300	0.115100	0.104700	0.124100	0.148100	0.165800	0.123600	0.154700	0.258200	0.157300	0.158300	0.190800	0.168500
1156679.7	0.205000	0.158600	0.162100	0.220900	0.194000	0.148000	0.180900	0.127000	0.127100	0.148500	0.161200	0.164500	0.160800	0.138600	0.161300	0.151900	0.161400	0.111500	0.101300	0.120000	0.142600	0.171900	0.119300	0.150200	0.268700	0.159100	0.161400	0.193500	0.172500
1161775.2	0.204800	0.156700	0.161400	0.218900	0.191800	0.151100	0.172900	0.129000	0.128600	0.140300	0.154800	0.158000	0.155100	0.138300	0.161500	0.152900	0.159700	0.115600	0.107000	0.125700	0.148900	0.168400	0.124400	0.156500	0.265800	0.159800	0.159000	0.195000	0.169100
1166870.7	0.204800	0.155900	0.162300	0.217400	0.192500	0.153300	0.171100	0.130400	0.130500	0.142100	0.154900	0.156700	0.154200	0.140300	0.163600	0.153500	0.159600	0.119000	0.109800	0.128200	0.152700	0.167500	0.126200	0.160300	0.271600	0.160700	0.160700	0.197200	0.171500
1171966.2	0.205500	0.154500	0.161700	0.217700	0.191900	0.152800	0.169300	0.130500	0.130700	0.140300	0.152900	0.156300	0.154200	0.139900	0.164000	0.155200	0.159200	0.118300	0.108600	0.128000	0.153000	0.167900	0.129200	0.161100	0.268000	0.160600	0.160300	0.195200	0.169200
1177061.7	0.205000	0.154700	0.161900	0.216600	0.191100	0.153800	0.169900	0.130700	0.131200	0.141100	0.153400	0.157400	0.154300	0.139000	0.164500	0.155500	0.159400	0.120000	0.110900	0.130000	0.154100	0.167700	0.128400	0.161800	0.268400	0.160600	0.159300	0.196000	0.170700
1182157.2	0.203200	0.152900	0.160900	0.214900	0.190000	0.155800	0.165000	0.131500	0.133000	0.139100	0.150400	0.154000	0.151500	0.140100	0.164100	0.154600	0.158300	0.122100	0.113500	0.134200	0.160000	0.165100	0.132500	0.166300	0.266600	0.161600	0.157500	0.195600	0.168700
1187252.7	0.203600	0.153700	0.160900	0.214900	0.190500	0.155300	0.167700	0.130600	0.132700	0.142400	0.152100	0.155300	0.153300	0.140300	0.163900	0.155800	0.159300	0.121600	0.110700	0.132700	0.156500	0.166900	0.131000	0.164400	0.267600	0.161700	0.159200	0.193000	0.170100
1192348.2	0.206300	0.159700	0.164500	0.217100	0.191700	0.151000	0.177800	0.129700	0.128400	0.148100	0.162000	0.165200	0.159200	0.139700	0.163300	0.154600	0.162400	0.115500	0.106000	0.125000	0.147400	0.172200	0.122800	0.155300	0.277300	0.162000	0.163400	0.196200	0.174300
1197443.7	0.205900	0.158300	0.163700	0.215600	0.190300	0.150000	0.177700	0.128000	0.128100	0.147900	0.160600	0.164800	0.157500	0.139000	0.162700	0.155600	0.162600	0.112600	0.104400	0.122600	0.144300	0.171700	0.121700	0.153900	0.277000	0.160700	0.163000	0.194000	0.174400
1202539.2	0.204700	0.157100	0.163700	0.213800	0.190800	0.152400	0.174000	0.129900	0.131000	0.146300	0.157500	0.161700	0.156300	0.140500	0.162800	0.156500	0.161300	0.118100	0.110300	0.127400	0.150700	0.169500	0.127100	0.159600	0.272600	0.161500	0.161000	0.192600	0.172700
1207634.7	0.204100	0.157000	0.163400	0.214800	0.189100	0.149400	0.175900	0.128700	0.129500	0.146200	0.159000	0.163000	0.157300	0.138800	0.160700	0.154100	0.159900	0.113900	0.105500	0.124400	0.148500	0.170200	0.124600	0.154700	0.271400	0.159900	0.162800	0.192000	0.171800
1212730.2	0.203600	0.156400	0.163000	0.214100	0.188600	0.150000	0.172900	0.129100	0.129800	0.143800	0.157800	0.161700	0.155900	0.138400	0.161100	0.156100	0.160700	0.115000	0.107200	0.125700	0.148200	0.169400	0.125200	0.154700	0.274400	0.160800	0.160800	0.193700	0.172200
1217825.7	0.204200	0.157900	0.163800	0.216200	0.189600	0.148400	0.176700	0.129100	0.128800	0.146000	0.159500	0.164800	0.157600	0.140000	0.162000	0.155200	0.162000	0.111400	0.101800	0.121700	0.144400	0.170700	0.119900	0.152800	0.276400	0.161000	0.161600	0.193800	0.174000
1222921.2	0.202600	0.155800	0.162100	0.216200	0.188500	0.150000	0.172200	0.129300	0.129900	0.142900	0.155600	0.161400	0.155400	0.137600	0.160800	0.155600	0.160900	0.114600	0.107100	0.125300	0.148300	0.167800	0.125000	0.157500	0.270400	0.161100	0.162000	0.192100	0.171800
1228016.7	0.204200	0.156700	0.162600	0.215400	0.188500	0.152100	0.172800	0.129900	0.130200	0.144000	0.156700	0.160200	0.155600	0.138200	0.160900	0.155100	0.160100	0.117000	0.109900	0.127800	0.150600	0.169700	0.124900	0.158800	0.269500	0.162400	0.162300	0.192100	0.172000
1233112.2	0.204300	0.158000	0.162700	0.217100	0.188100	0.148400	0.176500	0.128700	0.128400	0.145700	0.160400	0.164500	0.157900	0.138300	0.160400	0.155300	0.161300	0.112600	0.105200	0.122800	0.147000	0.169900	0.123000	0.155700	0.269900	0.160500	0.164200	0.192900	0.173600
1238207.7	0.204900	0.158000	0.163700	0.217200	0.188600	0.148400	0.176200	0.129400	0.128200	0.146100	0.159700	0.165500	0.157900	0.138400	0.159200	0.155200	0.160800	0.113100	0.105500	0.122600	0.145700	0.170700	0.122500	0.154800	0.271400	0.161000	0.164700	0.193700	0.172900
1243303.3	0.205400	0.159100	0.164200	0.218500	0.189500	0.147100	0.179400	0.128500	0.127200	0.147700	0.162900	0.167000	0.159600	0.138300	0.159000	0.154000	0.162300	0.110500	0.102400	0.120400	0.141700	0.171600	0.119900	0.152300	0.272700	0.161100	0.164500	0.193200	0.173100
1248398.8	0.201700	0.152800	0.160000	0.214800	0.186200	0.152700	0.166100	0.131200	0.132600	0.140600	0.151200	0.155300	0.151300	0.137300	0.161500	0.157600	0.158900	0.121900	0.114500	0.132900	0.155400	0.164900	0.130700	0.165300	0.259600	0.160500	0.158800	0.190100	0.169500
1253494.3	0.205800	0.159000	0.163900	0.219600	0.189000	0.147400	0.178600	0.128100	0.127900	0.145700	0.161400	0.165700	0.158000	0.138200	0.159200	0.154700	0.162300	0.111900	0.103000	0.121500	0.142500	0.171200	0.119500	0.151900	0.271400	0.160900	0.163900	0.194100	0.173800
1258589.8	0.206600	0.161700	0.166000	0.221300	0.190200	0.145900	0.184800	0.127900	0.125900	0.150600	0.168300	0.172600	0.161800	0.139300	0.157200	0.152400	0.162300	0.107300	0.098800	0.116400	0.136200	0.174300	0.114900	0.145400	0.274200	0.162100	0.165900	0.194600	0.176400
1263685.3	0.204100	0.152600	0.159500	0.216300	0.186600	0.152100	0.165300	0.130700	0.132200	0.138400	0.151300	0.154900	0.150500	0.137700	0.158400	0.161100	0.158700	0.119900	0.113100	0.131400	0.155400	0.164300	0.128800	0.163200	0.255900	0.160800	0.158500	0.190400	0.169300
1268780.8	0.206700	0.154400	0.160800	0.219200	0.187800	0.149000	0.169600	0.129800	0.130400	0.141200	0.152700	0.158600	0.153200	0.137100	0.158900	0.160700	0.160700	0.115000	0.107600	0.127100	0.149300	0.167600	0.125200	0.158700	0.258800	0.160800	0.159800	0.190400	0.171000
1273876.3	0.208000	0.157900	0.162700	0.221400	0.189300	0.146900	0.176100	0.128000	0.127500	0.144400	0.159400	0.163800	0.157400	0.136600	0.158000	0.162200	0.162200	0.109700	0.101600	0.121300	0.141300	0.170800	0.118900	0.151600	0.264400	0.161900	0.161700	0.191300	0.174000
1278971.8	0.205800	0.153900	0.160100	0.219600	0.187100	0.149200	0.168200	0.129600	0.129900	0.140000	0.153400	0.158100	0.152300	0.137400	0.159300	0.161700	0.160100	0.115600	0.107500	0.127400	0.147700	0.166100	0.125600	0.159000	0.257100	0.160200	0.158400	0.190600	0.171000
1284067.3	0.207500	0.156000	0.161300	0.221600	0.188600	0.146200	0.172500	0.128900	0.128200	0.143000	0.156200	0.161200	0.154800	0.137100	0.157400	0.160700	0.160400	0.111500	0.104300	0.123800	0.145300	0.168500	0.121300	0.153900	0.261100	0.161200	0.161100	0.190800	0.172700
1289162.8	0.206500	0.153800	0.159200	0.218600	0.186400	0.148700	0.170500	0.128500	0.129600	0.139800	0.154900	0.159300	0.152800	0.136200	0.158800	0.161500	0.159300	0.115400	0.108500	0.126900	0.148700	0.166200	0.125200	0.159300	0.257800	0.160800	0.158200	0.190600	0.171700
1294258.3	0.208400	0.155200	0.161100	0.221200	0.187600	0.147800	0.171100	0.128800	0.128800	0.139900	0.154800	0.160000	0.153500	0.136800	0.156800	0.158900	0.159900	0.112400	0.105200	0.124600	0.146100	0.168600	0.121800	0.155500	0.258000	0.161600	0.160400	0.192300	0.171200
1299353.8	0.207500	0.152000	0.159600	0.219900	0.187300	0.150400	0.163600	0.130600	0.131900	0.138700	0.150500	0.154300	0.151400	0.137500	0.157500	0.161100	0.158500	0.115900	0.109700	0.129100	0.152500	0.165200	0.125900	0.159400	0.255800	0.161800	0.158600	0.188500	0.171000
1304449.3	0.210500	0.159800	0.162900	0.226900	0.188600	0.147600	0.175900	0.134300	0.135600	0.146800	0.167500	0.165700	0.164300	0.138600	0.159600	0.169400	0.180000	0.115800	0.115400	0.128900	0.149200	0.173200	0.124700	0.161300	0.266600	0.162100	0.169600	0.193400	0.183200
1309544.8	0.212200	0.162200	0.163300	0.237000	0.191600	0.149600	0.175700	0.144100	0.148400	0.147600	0.176300	0.167100	0.174900	0.141400	0.164600	0.180900	0.209500	0.120200	0.129400	0.138900	0.158800	0.176100	0.132600	0.174500	0.264700	0.163100	0.177800	0.192200	0.194800
1314640.3	0.213800	0.164300	0.164600	0.246200	0.193100	0.150900	0.174000	0.154300	0.164200	0.148600	0.185800	0.168500	0.186000	0.142900	0.169500	0.195600	0.243500	0.125100	0.144200	0.146300	0.168400	0.179800	0.138800	0.185500	0.263400	0.163500	0.184600	0.193400	0.206100
1319735.8	0.215400	0.164900	0.164500	0.253800	0.193900	0.156500	0.170400	0.166300	0.185900	0.144800	0.191400	0.165300	0.193800	0.145800	0.175300	0.213000	0.280900	0.136500	0.170300	0.163600	0.184900	0.181200	0.154200	0.204700	0.260300	0.165400	0.192300	0.192100	0.216400
1324831.3	0.216500	0.170200	0.168800	0.266400	0.196900	0.158900	0.175100	0.177000	0.202000	0.150600	0.209100	0.172700	0.211800	0.149700	0.178600	0.226900	0.313600	0.140100	0.181500	0.172100	0.189200	0.187700	0.156000	0.209900	0.264700	0.167900	0.202400	0.196200	0.227100
1329926.8	0.217100	0.173000	0.168500	0.273000	0.197600	0.157800	0.177100	0.187500	0.216500	0.152000	0.222600	0.174900	0.223700	0.150700	0.181300	0.241000	0.333800	0.142100	0.189300	0.179200	0.195600	0.191800	0.163400	0.216100	0.265000	0.167200	0.210100	0.195700	0.235400
1335022.3	0.221200	0.182400	0.172200	0.283200	0.200800	0.156500	0.190900	0.196000	0.226200	0.161700	0.250300	0.189500	0.248700	0.153000	0.182200	0.253800	0.356200	0.136700	0.183300	0.171900	0.184000	0.202400	0.156500	0.206200	0.274400	0.167900	0.222500	0.197300	0.243800
1340117.8	0.218900	0.178400	0.169700	0.288500	0.200300	0.163200	0.178900	0.210100	0.251700	0.155700	0.249100	0.180100	0.250900	0.155200	0.187500	0.271000	0.365500	0.150100	0.209800	0.194200	0.205400	0.201300	0.176700	0.228800	0.265500	0.168600	0.224100	0.198200	0.244100
1345213.3	0.222100	0.185600	0.173700	0.297300	0.203400	0.161200	0.187600	0.218600	0.256200	0.162300	0.271200	0.190500	0.268300	0.157000	0.188900	0.286900	0.381300	0.144300	0.199100	0.186200	0.195500	0.210100	0.166400	0.217300	0.272300	0.170000	0.232900	0.199500	0.249000
1350308.8	0.222800	0.186300	0.172600	0.302600	0.203000	0.164000	0.185200	0.232400	0.270200	0.161800	0.273000	0.188700	0.272900	0.158500	0.189500	0.303800	0.385100	0.149300	0.208700	0.194200	0.203900	0.212500	0.172600	0.223900	0.267300	0.171000	0.234100	0.197600	0.249900
1355404.3	0.222300	0.184900	0.173200	0.302000	0.205100	0.167900	0.181700	0.244300	0.283500	0.159800	0.275700	0.186500	0.274900	0.160900	0.194200	0.324200	0.393100	0.154500	0.219500	0.202700	0.214100	0.213300	0.182200	0.234200	0.265000	0.172300	0.234600	0.198400	0.252900
1360499.9	0.224900	0.192300	0.176500	0.299500	0.206500	0.164700	0.194200	0.252100	0.281400	0.167000	0.295500	0.201100	0.288000	0.160800	0.193800	0.339300	0.409000	0.146000	0.209800	0.188500	0.199200	0.224900	0.170100	0.222500	0.271200	0.171400	0.241900	0.199700	0.257800
1365595.4	0.226100	0.193200	0.176700	0.299600	0.208200	0.168500	0.190100	0.264000	0.293700	0.166400	0.295400	0.199100	0.290500	0.164500	0.195300	0.352000	0.414800	0.152500	0.218700	0.198900	0.210200	0.228200	0.180300	0.233600	0.268500	0.173700	0.244400	0.202000	0.259000
1370690.9	0.226200	0.193300	0.175800	0.298700	0.208500	0.175100	0.186300	0.276400	0.308200	0.163800	0.290900	0.196000	0.288600	0.165500	0.200900	0.367400	0.427800	0.159300	0.230000	0.210200	0.218800	0.230100	0.188400	0.245200	0.266300	0.175300	0.244600	0.202700	0.263600
1375786.4	0.225400	0.191000	0.174600	0.297200	0.208600	0.177200	0.180400	0.284000	0.315100	0.160000	0.286600	0.190700	0.284900	0.166600	0.201800	0.375900	0.432300	0.163900	0.240400	0.216700	0.227200	0.231100	0.194800	0.250300	0.262800	0.175600	0.242400	0.203000	0.263600
1380881.9	0.229600	0.198700	0.177300	0.299300	0.210900	0.175700	0.190800	0.290000	0.312100	0.165300	0.298200	0.201000	0.293800	0.169900	0.201700	0.377200	0.443800	0.157800	0.228300	0.207400	0.215300	0.241800	0.183000	0.241300	0.268800	0.176000	0.247600	0.204900	0.270000
1385977.4	0.227900	0.197600	0.177700	0.296400	0.210800	0.176200	0.190100	0.292400	0.315400	0.165400	0.298600	0.203300	0.293600	0.170400	0.202700	0.383400	0.447000	0.156900	0.231000	0.206300	0.217200	0.243500	0.187300	0.243800	0.266700	0.175200	0.247500	0.205400	0.270100
1391072.9	0.231000	0.198600	0.179100	0.297700	0.213000	0.179000	0.188500	0.300000	0.321500	0.164200	0.298300	0.202000	0.294100	0.173400	0.204200	0.385600	0.453700	0.156200	0.228100	0.208000	0.219600	0.247100	0.188000	0.243900	0.264600	0.177800	0.249900	0.204600	0.270200
1396168.4	0.231200	0.200300	0.181800	0.296100	0.214500	0.183800	0.188900	0.306500	0.326700	0.161600	0.297900	0.201900	0.294400	0.174400	0.207900	0.395700	0.466500	0.163500	0.237900	0.212400	0.224800	0.252200	0.191900	0.250200	0.265700	0.178900	0.248700	0.205800	0.275300
1401263.9	0.232900	0.199800	0.185200	0.297500	0.213800	0.184900	0.189100	0.308900	0.328200	0.163700	0.298300	0.201500	0.293600	0.175800	0.208800	0.399100	0.470600	0.162800	0.241000	0.214100	0.225600	0.252800	0.194300	0.251200	0.264900	0.179000	0.246700	0.205300	0.274700
1406359.4	0.236400	0.207500	0.189700	0.298700	0.215400	0.183800	0.201800	0.307500	0.320200	0.171100	0.313600	0.212400	0.305600	0.178300	0.207200	0.399900	0.478100	0.158700	0.232900	0.206700	0.216200	0.267800	0.184800	0.242600	0.273800	0.179900	0.256300	0.206800	0.281100
1411454.9	0.238600	0.208000	0.192100	0.300200	0.218500	0.186800	0.201000	0.313800	0.330000	0.171000	0.312800	0.209400	0.303800	0.180100	0.210600	0.401900	0.483400	0.159000	0.231600	0.207500	0.220500	0.270700	0.188900	0.246300	0.272900	0.180500	0.255900	0.206600	0.282600
1416550.4	0.236200	0.202300	0.192700	0.296000	0.217400	0.194600	0.191000	0.324300	0.342000	0.164200	0.297800	0.198700	0.293300	0.182700	0.214600	0.406600	0.482400	0.172600	0.251800	0.225000	0.235700	0.266500	0.205500	0.261000	0.264500	0.181800	0.251300	0.204400	0.282400
1421645.9	0.238600	0.201300	0.195400	0.294700	0.220000	0.199000	0.188200	0.329700	0.351900	0.158500	0.286900	0.192800	0.290100	0.184000	0.218000	0.414700	0.484300	0.175600	0.255400	0.229900	0.244800	0.269300	0.212100	0.267600	0.265800	0.183800	0.249800	0.204200	0.281500
1426741.4	0.242100	0.211600	0.202600	0.294500	0.223100	0.193600	0.205400	0.323400	0.343200	0.170400	0.311000	0.207400	0.303100	0.186100	0.217700	0.407200	0.493000	0.164600	0.235100	0.212500	0.226900	0.284100	0.194200	0.247800	0.278600	0.182600	0.256800	0.208800	0.285000
1431836.9	0.245800	0.215500	0.205600	0.290800	0.223700	0.201000	0.213000	0.322400	0.342600	0.173200	0.316900	0.211700	0.311100	0.186600	0.222300	0.413400	0.502900	0.167600	0.235600	0.209800	0.224200	0.290400	0.191800	0.243100	0.286200	0.185700	0.261700	0.211200	0.291500
1436932.4	0.245600	0.214300	0.207200	0.288500	0.225200	0.228900	0.210600	0.325900	0.348500	0.169900	0.310900	0.207600	0.306200	0.188200	0.224300	0.413100	0.500000	0.171600	0.237900	0.214700	0.230300	0.292500	0.193700	0.248100	0.281500	0.186800	0.259000	0.211000	0.291900
1442027.9	0.245300	0.211000	0.203700	0.282700	0.223800	0.230700	0.202200	0.325800	0.352200	0.167100	0.300600	0.200600	0.301100	0.188500	0.224200	0.407700	0.497700	0.173900	0.243700	0.220000	0.236600	0.286800	0.201900	0.253300	0.276200	0.187200	0.257000	0.210000	0.285300
1447123.4	0.251000	0.214700	0.207800	0.278700	0.225700	0.227300	0.209400	0.323200	0.349800	0.173900	0.314500	0.207200	0.308000	0.189600	0.225500	0.406000	0.504900	0.171600	0.238800	0.215900	0.233500	0.296400	0.198400	0.247400	0.281600	0.185700	0.260400	0.213400	0.290800
1452218.9	0.250100	0.210700	0.205000	0.275300	0.225100	0.227700	0.205300	0.327500	0.353100	0.168500	0.311500	0.202700	0.301700	0.191500	0.227200	0.410500	0.508700	0.175000	0.243800	0.217400	0.236300	0.290400	0.199900	0.251900	0.277100	0.186400	0.258500	0.209000	0.287800
1457314.4	0.249600	0.210000	0.202900	0.272900	0.226200	0.232200	0.201800	0.330900	0.363300	0.166700	0.303600	0.200000	0.298400	0.191400	0.228200	0.411100	0.513500	0.180800	0.254900	0.227400	0.246800	0.286700	0.211000	0.261200	0.278100	0.187300	0.256200	0.211300	0.288800
1462409.9	0.251500	0.214200	0.207300	0.272400	0.227100	0.229000	0.209300	0.330900	0.355900	0.171000	0.316900	0.208100	0.305000	0.191900	0.227900	0.404900	0.519200	0.172100	0.238600	0.215600	0.234500	0.291100	0.197800	0.247400	0.282900	0.187000	0.258000	0.210600	0.293100
1467505.4	0.248800	0.210400	0.206900	0.268800	0.225800	0.234900	0.200000	0.337200	0.363400	0.168100	0.307700	0.199900	0.299500	0.192000	0.228400	0.411500	0.517300	0.181800	0.252200	0.223800	0.245600	0.284800	0.209600	0.257000	0.275400	0.186700	0.255700	0.209500	0.290500
1472600.9	0.248700	0.209400	0.206400	0.268600	0.226300	0.234000	0.200500	0.336200	0.363000	0.168700	0.307100	0.201000	0.300900	0.192200	0.228600	0.408400	0.521000	0.180600	0.251000	0.224700	0.244000	0.283000	0.209900	0.258600	0.276000	0.187800	0.255500	0.208800	0.293300
1477696.5	0.248400	0.210600	0.205300	0.265400	0.226100	0.231200	0.201600	0.334200	0.362900	0.172700	0.305600	0.200000	0.297500	0.190900	0.228700	0.405700	0.520300	0.180900	0.251400	0.224700	0.245300	0.283200	0.210700	0.256300	0.273100	0.187300	0.254400	0.208000	0.288600
1482792.0	0.249300	0.210400	0.208400	0.264400	0.227100	0.231400	0.202100	0.336000	0.358800	0.176600	0.306700	0.201200	0.299500	0.191900	0.232000	0.400200	0.523200	0.182000	0.254000	0.226700	0.245900	0.287600	0.210900	0.255600	0.275300	0.187700	0.254900	0.209400	0.291200
1487887.5	0.247700	0.208700	0.206400	0.263200	0.227600	0.229200	0.203900	0.333000	0.357200	0.176200	0.306100	0.202500	0.297600	0.190700	0.233300	0.389300	0.521500	0.179600	0.248300	0.222600	0.243200	0.287200	0.206200	0.253700	0.276300	0.187400	0.253900	0.209400	0.290500
1492983.0	0.248000	0.209200	0.206200	0.261800	0.227800	0.226500	0.203900	0.332800	0.353300	0.175900	0.310200	0.209000	0.299000	0.190100	0.232100	0.379800	0.522200	0.174900	0.240400	0.216800	0.235000	0.289400	0.201800	0.246100	0.275100	0.187300	0.254200	0.207900	0.292800
1498078.5	0.245100	0.206500	0.205300	0.257100	0.223500	0.225100	0.199700	0.330000	0.346000	0.169700	0.302700	0.206900	0.292600	0.186400	0.232100	0.375500	0.516800	0.179800	0.247700	0.219400	0.237900	0.283600	0.205300	0.249900	0.268900	0.185200	0.250000	0.207500	0.289000
1503174.0	0.245100	0.231800	0.204300	0.257400	0.225200	0.226900	0.201100	0.318100	0.337100	0.170300	0.298600	0.209100	0.289200	0.185400	0.228100	0.357400	0.506200	0.175500	0.238400	0.216100	0.236600	0.284200	0.203100	0.245200	0.269300	0.186000	0.248300	0.212200	0.286800
1508269.5	0.243500	0.226500	0.201400	0.253200	0.222700	0.227200	0.198000	0.313600	0.328100	0.168500	0.289600	0.208400	0.284400	0.183200	0.226500	0.345500	0.493800	0.180700	0.242400	0.220100	0.238100	0.281200	0.206000	0.249100	0.267400	0.185900	0.245800	0.214800	0.282700
1513365.0	0.245300	0.226900	0.201900	0.253300	0.223000	0.215300	0.209600	0.288100	0.294200	0.173500	0.289200	0.215000	0.283700	0.178000	0.217900	0.318300	0.465800	0.162300	0.209000	0.194400	0.209500	0.284600	0.178700	0.222200	0.274900	0.183800	0.243000	0.216500	0.281300
1518460.5	0.240900	0.218600	0.196600	0.248700	0.218700	0.208400	0.205200	0.273800	0.275300	0.167600	0.271500	0.206600	0.270500	0.172500	0.209900	0.297700	0.433000	0.155600	0.194300	0.185400	0.201100	0.277300	0.173800	0.213500	0.271300	0.180000	0.234200	0.212600	0.270600
1523556.0	0.239200	0.209400	0.191900	0.247200	0.215900	0.206100	0.198200	0.264000	0.261100	0.163800	0.255300	0.197000	0.257000	0.170200	0.204500	0.280800	0.400200	0.152800	0.185900	0.183200	0.198700	0.269100	0.169900	0.211000	0.265200	0.179800	0.227200	0.208700	0.261300
1528651.5	0.232700	0.197300	0.185200	0.240400	0.210700	0.205500	0.186900	0.253300	0.252000	0.153700	0.230200	0.183000	0.239200	0.164200	0.200300	0.266500	0.372900	0.157900	0.190900	0.189900	0.204000	0.257600	0.179700	0.217600	0.253300	0.177700	0.217800	0.203500	0.250100
1533747.0	0.232700	0.194000	0.184400	0.241000	0.209800	0.200700	0.186200	0.243600	0.239700	0.153800	0.225200	0.181500	0.234800	0.163300	0.196700	0.257200	0.359200	0.151000	0.174100	0.180900	0.195200	0.256100	0.170100	0.208900	0.254300	0.177000	0.213900	0.204400	0.245600
1538842.5	0.231000	0.192000	0.183300	0.239600	0.209300	0.195300	0.188200	0.232500	0.224800	0.155700	0.223000	0.182900	0.232100	0.161000	0.191200	0.246000	0.344600	0.144600	0.163300	0.174800	0.187000	0.253700	0.162100	0.200300	0.259300	0.176000	0.212400	0.202900	0.241500
1543938.0	0.230200	0.189000	0.181100	0.237200	0.207500	0.190300	0.189800	0.223800	0.216900	0.155700	0.217000	0.182000	0.226800	0.158400	0.188000	0.237300	0.330300	0.140900	0.156600	0.169700	0.181500	0.250100	0.159200	0.193700	0.258100	0.173500	0.210900	0.202100	0.239500
1549033.5	0.227800	0.184500	0.179500	0.237200	0.206100	0.190400	0.184400	0.219000	0.213100	0.152200	0.209600	0.178300	0.221000	0.157600	0.187300	0.228300	0.317600	0.140800	0.155500	0.171600	0.183100	0.246400	0.158900	0.194100	0.256000	0.173500	0.205900	0.200900	0.234500
1554129.0	0.227100	0.182700	0.177600	0.234800	0.202800	0.182200	0.188000	0.209300	0.199400	0.153100	0.207800	0.177900	0.218800	0.154000	0.181300	0.220200	0.307400	0.133300	0.145500	0.161500	0.172500	0.245100	0.151900	0.186000	0.253900	0.170700	0.202100	0.198800	0.228900
1559224.5	0.225500	0.178700	0.175300	0.235000	0.202400	0.181400	0.183800	0.205400	0.196400	0.150400	0.201900	0.175700	0.212900	0.153300	0.178900	0.214100	0.297000	0.132000	0.142200	0.161200	0.172400	0.241100	0.149300	0.186500	0.250700	0.171000	0.201400	0.197700	0.225300
1564320.0	0.226800	0.177300	0.175000	0.234900	0.200600	0.180000	0.182200	0.200700	0.191800	0.151000	0.198100	0.173000	0.209800	0.151900	0.177100	0.210300	0.289200	0.132800	0.141700	0.161800	0.171300	0.238100	0.148500	0.184800	0.251400	0.170700	0.198500	0.198100	0.225500
1569415.5	0.226300	0.178300	0.175300	0.235000	0.201500	0.173900	0.189100	0.194800	0.183300	0.153800	0.203600	0.179300	0.211500	0.150900	0.174400	0.204900	0.285000	0.123200	0.129100	0.149200	0.159600	0.241200	0.137900	0.172800	0.255400	0.170100	0.199900	0.197500	0.224600
1574511.0	0.222600	0.169700	0.169900	0.230400	0.197800	0.177400	0.175200	0.192800	0.185000	0.145200	0.187900	0.167600	0.198200	0.149100	0.173400	0.201700	0.271600	0.132600	0.140800	0.160500	0.171300	0.228300	0.150700	0.185000	0.244100	0.167200	0.191000	0.194400	0.215800
1579606.5	0.222000	0.170100	0.169100	0.230900	0.196900	0.173700	0.177400	0.188400	0.180000	0.147000	0.186600	0.168100	0.197200	0.148600	0.171300	0.198300	0.267000	0.127100	0.132700	0.156400	0.165600	0.229200	0.144400	0.181500	0.243600	0.166500	0.190700	0.194000	0.216100
1584702.0	0.222700	0.172900	0.171500	0.231500	0.197400	0.170100	0.185500	0.182700	0.173600	0.152600	0.192900	0.176100	0.201600	0.148500	0.168900	0.196000	0.265600	0.123300	0.127700	0.149000	0.157100	0.233700	0.136300	0.171300	0.251000	0.167600	0.192600	0.195700	0.217500
1589797.6	0.222000	0.169800	0.169700	0.230900	0.197100	0.169400	0.181000	0.181000	0.170800	0.149700	0.187500	0.172200	0.195600	0.147600	0.166800	0.193500	0.260500	0.120600	0.124300	0.147700	0.157500	0.228600	0.134900	0.170200	0.248100	0.168300	0.190600	0.195200	0.213200
1594893.1	0.216300	0.161600	0.164200	0.226800	0.193100	0.170700	0.168300	0.180100	0.171900	0.142100	0.173200	0.160500	0.185700	0.145800	0.165500	0.188200	0.247700	0.128600	0.134500	0.157100	0.166600	0.218300	0.146600	0.181100	0.234700	0.165500	0.182500	0.188900	0.203600
1599988.6	0.217000	0.161200	0.163800	0.227800	0.193200	0.168900	0.170100	0.177700	0.168100	0.141100	0.173500	0.162300	0.184700	0.146000	0.164500	0.187700	0.245900	0.125300	0.130200	0.153800	0.162200	0.218500	0.140800	0.177200	0.237500	0.164900	0.183600	0.189500	0.205000
1605084.1	0.217700	0.166200	0.167000	0.229300	0.193700	0.163800	0.178800	0.172500	0.161900	0.148500	0.182400	0.169500	0.189400	0.145600	0.162400	0.186000	0.245900	0.117500	0.119600	0.143300	0.151300	0.223000	0.130900	0.165900	0.244300	0.165600	0.185600	0.192000	0.208600
1610179.6	0.215000	0.160300	0.163200	0.225100	0.191200	0.167900	0.167100	0.171700	0.164700	0.141600	0.170100	0.159800	0.181300	0.144500	0.162500	0.183200	0.236900	0.125200	0.130300	0.154100	0.162900	0.214000	0.143100	0.176600	0.233600	0.164900	0.179600	0.191000	0.201500
1615275.1	0.220200	0.165200	0.166600	0.228600	0.192700	0.161700	0.179100	0.167700	0.158000	0.148400	0.179500	0.171100	0.187200	0.146500	0.160000	0.182400	0.240100	0.116100	0.118400	0.141600	0.149100	0.220600	0.126800	0.163900	0.243700	0.165200	0.185800	0.192400	0.205600
1620370.6	0.217400	0.162600	0.163800	0.227800	0.192600	0.161600	0.175400	0.166800	0.158700	0.144700	0.174300	0.167700	0.183100	0.143800	0.159700	0.181100	0.233500	0.116600	0.118300	0.142400	0.152000	0.215700	0.130700	0.165000	0.239400	0.164800	0.179400	0.192000	0.201700
1625466.1	0.213800	0.157600	0.161500	0.225000	0.190600	0.164100	0.167000	0.166700	0.159600	0.141400	0.167900	0.159500	0.176800	0.144000	0.158200	0.177700	0.227800	0.120500	0.124100	0.148300	0.157100	0.209100	0.136800	0.170600	0.232700	0.164100	0.176900	0.188900	0.198600
1630561.6	0.214100	0.161500	0.162900	0.226200	0.191400	0.162400	0.173000	0.164700	0.156900	0.144400	0.170600	0.165600	0.179800	0.145300	0.158400	0.178600	0.228400	0.117200	0.120300	0.143000	0.152800	0.213300	0.130900	0.164700	0.235700	0.165200	0.177900	0.191300	0.200800
1635657.1	0.214100	0.161700	0.162300	0.226500	0.191900	0.160300	0.175400	0.162200	0.154900	0.145400	0.173200	0.168400	0.180400	0.144500	0.155900	0.173900	0.225900	0.114200	0.116500	0.139900	0.148700	0.212900	0.127100	0.161600	0.236600	0.165200	0.180700	0.190800	0.201000
1640752.6	0.212700	0.160300	0.161300	0.224900	0.191100	0.157800	0.176900	0.158900	0.150500	0.146500	0.173300	0.168200	0.179000	0.144000	0.155400	0.174300	0.223700	0.111400	0.111800	0.135400	0.144100	0.212000	0.123800	0.157500	0.235200	0.163400	0.179700	0.189900	0.199100
1645848.1	0.211800	0.156400	0.159200	0.224500	0.189600	0.160100	0.167400	0.158600	0.153400	0.140300	0.163700	0.160600	0.172900	0.142300	0.155600	0.175000	0.217800	0.116000	0.119300	0.142100	0.152000	0.205800	0.131800	0.166900	0.229200	0.162800	0.174400	0.188500	0.195300
1650943.6	0.213200	0.162500	0.162600	0.226600	0.191200	0.155300	0.179100	0.156900	0.148600	0.147600	0.174600	0.171100	0.179200	0.142900	0.154300	0.172400	0.219700	0.110000	0.110300	0.133000	0.142600	0.212600	0.120800	0.154300	0.236800	0.163200	0.180600	0.191200	0.198800
1656039.1	0.210700	0.157100	0.159000	0.224400	0.190000	0.157000	0.169100	0.156600	0.150500	0.143200	0.166700	0.163300	0.172600	0.143400	0.154000	0.172100	0.214400	0.112400	0.112700	0.136500	0.147000	0.204700	0.125800	0.160100	0.230500	0.163200	0.173700	0.190100	0.194200
1661134.6	0.210700	0.159400	0.161900	0.225000	0.190400	0.157300	0.174300	0.156100	0.149600	0.146000	0.171500	0.166900	0.174400	0.143900	0.154500	0.171300	0.216800	0.112400	0.113100	0.137000	0.145800	0.207000	0.124500	0.158500	0.235200	0.163400	0.176200	0.191800	0.197900
1666230.1	0.210000	0.158000	0.160100	0.225100	0.190100	0.155200	0.174700	0.154900	0.147100	0.144400	0.169800	0.166700	0.174300	0.142900	0.153900	0.170500	0.213500	0.111400	0.112000	0.134600	0.143900	0.206700	0.123800	0.156500	0.233300	0.162800	0.175600	0.191800	0.194300
1671325.6	0.208800	0.154900	0.157400	0.224100	0.188800	0.154600	0.169200	0.153500	0.146600	0.141100	0.163800	0.161900	0.170000	0.143100	0.152800	0.170100	0.208700	0.110400	0.111200	0.135300	0.144900	0.201200	0.124700	0.157800	0.227000	0.161800	0.173400	0.189500	0.190200
1676421.1	0.207900	0.155600	0.158300	0.224700	0.188800	0.155600	0.169200	0.152900	0.147600	0.142200	0.164900	0.163000	0.170400	0.143100	0.152400	0.168900	0.208500	0.112100	0.112600	0.136900	0.146400	0.201700	0.125800	0.159400	0.228600	0.162000	0.173000	0.190100	0.191900
1681516.6	0.207300	0.153600	0.157200	0.222600	0.187100	0.157200	0.168100	0.152800	0.147200	0.140100	0.163600	0.162200	0.168200	0.142500	0.152500	0.168200	0.206400	0.112500	0.113400	0.136300	0.147200	0.201300	0.126200	0.159800	0.227300	0.162200	0.170600	0.189500	0.189600
1686612.1	0.209700	0.159800	0.160300	0.224100	0.189600	0.152700	0.177900	0.149400	0.142700	0.147700	0.172100	0.170000	0.174400	0.142800	0.150500	0.167800	0.208500	0.106700	0.105900	0.129300	0.138700	0.205300	0.119800	0.150400	0.236100	0.161600	0.177600	0.193700	0.192700
