VERSION	1200
Time[MSec.]	Ratio	Ratio	Ratio	Ratio	Ratio	Ratio	Ratio	Ratio	Ratio	Ratio	Ratio	Ratio	Ratio	Ratio	Ratio	Ratio	Ratio	Ratio	Ratio	Ratio	Ratio	Ratio	Ratio	Ratio
%.1f	%.4f	%.4f	%.4f	%.4f	%.4f	%.4f	%.4f	%.4f	%.4f	%.4f	%.4f	%.4f	%.4f	%.4f	%.4f	%.4f	%.4f	%.4f	%.4f	%.4f	%.4f	%.4f	%.4f	%.4f
Time	ROI(1-1)	ROI(1-2)	ROI(1-3)	ROI(1-4)	ROI(1-5)	ROI(1-6)	ROI(1-7)	ROI(1-8)	ROI(1-9)	ROI(1-10)	ROI(1-11)	ROI(1-12)	ROI(1-13)	ROI(1-14)	ROI(1-15)	ROI(1-16)	ROI(1-17)	ROI(1-18)	ROI(1-19)	ROI(1-20)	ROI(1-21)	ROI(1-22)	ROI(1-23)	ROI(1-24)
GraphNo	1	2	3	4	5	6	7	8	9	10	11	12	13	14	15	16	17	18	19	20	21	22	23	24
0.0	0.155000	0.201000	0.205800	0.215100	0.162900	0.204800	0.135000	0.113800	0.148100	0.166100	0.136700	0.157900	0.138300	0.120900	0.165700	0.127600	0.107600	0.137400	0.133600	0.151300	0.141600	0.162900	0.094700	0.148700
4957.8	0.157500	0.202200	0.207600	0.208400	0.172800	0.213700	0.135700	0.113500	0.151100	0.161000	0.141000	0.155600	0.152500	0.121800	0.166700	0.124600	0.108000	0.134900	0.134100	0.152900	0.144200	0.164900	0.096200	0.149700
9915.6	0.161000	0.205100	0.211400	0.201700	0.168400	0.204300	0.137100	0.113600	0.152200	0.158200	0.150900	0.154900	0.142700	0.122100	0.168900	0.121700	0.107600	0.135500	0.134700	0.154100	0.151000	0.169600	0.103100	0.155000
14873.4	0.162700	0.203700	0.210700	0.186000	0.163700	0.207600	0.139000	0.115600	0.151700	0.159000	0.152600	0.152000	0.135800	0.122400	0.170100	0.120000	0.108200	0.138300	0.136300	0.157600	0.167500	0.174100	0.117200	0.172300
19831.2	0.165800	0.208100	0.212700	0.177100	0.157700	0.211400	0.139100	0.118500	0.150900	0.161800	0.151400	0.158500	0.134500	0.123700	0.170400	0.118000	0.109500	0.140200	0.138200	0.158000	0.179600	0.175700	0.126000	0.169100
24789.0	0.167000	0.212200	0.214300	0.170300	0.156500	0.212500	0.141300	0.117400	0.149100	0.156400	0.145700	0.156600	0.135200	0.124400	0.170600	0.116600	0.108200	0.145600	0.137800	0.157300	0.168500	0.174800	0.122900	0.165200
29746.7	0.168500	0.217100	0.218500	0.163700	0.162200	0.201600	0.137800	0.121500	0.150100	0.150300	0.144000	0.155700	0.138200	0.125400	0.170000	0.117800	0.109100	0.152900	0.139600	0.153300	0.159300	0.169100	0.118000	0.162900
34704.5	0.173700	0.224600	0.215800	0.158300	0.161700	0.202600	0.144200	0.133600	0.146400	0.141900	0.140000	0.151900	0.141200	0.124900	0.173500	0.117300	0.109200	0.146500	0.135800	0.157500	0.157500	0.173600	0.111600	0.158200
39662.3	0.183700	0.232400	0.218400	0.158100	0.158400	0.205600	0.146200	0.138300	0.149900	0.139600	0.141600	0.149600	0.149700	0.126200	0.173300	0.119000	0.109300	0.146800	0.135900	0.156500	0.150100	0.172500	0.104100	0.155600
44620.1	0.253700	0.222200	0.216000	0.158200	0.154800	0.200900	0.142900	0.133900	0.150300	0.139800	0.141000	0.154300	0.152000	0.127100	0.175500	0.122000	0.109600	0.150700	0.138900	0.151500	0.140100	0.165600	0.103400	0.157200
49577.9	0.224800	0.219500	0.213800	0.156000	0.153000	0.194900	0.144900	0.128100	0.148000	0.138500	0.140700	0.152300	0.154900	0.127300	0.174900	0.124400	0.109800	0.149800	0.138300	0.152600	0.139300	0.168100	0.104400	0.155500
54535.7	0.213300	0.223700	0.217600	0.159200	0.157100	0.193300	0.144700	0.125800	0.146700	0.142000	0.142800	0.149900	0.158100	0.128500	0.173400	0.123900	0.107600	0.153000	0.140600	0.152200	0.136000	0.167200	0.098200	0.154500
59493.5	0.210500	0.220300	0.215500	0.156000	0.155900	0.191500	0.146200	0.129300	0.145700	0.142000	0.142800	0.152900	0.151400	0.127600	0.173900	0.127300	0.110100	0.146400	0.140300	0.153400	0.137900	0.168800	0.103700	0.155600
64451.3	0.201400	0.220600	0.219900	0.156300	0.160500	0.193900	0.148900	0.125100	0.143400	0.141500	0.143600	0.149700	0.153000	0.128400	0.173700	0.125700	0.108500	0.156700	0.141400	0.154600	0.138200	0.170100	0.105000	0.155700
69409.1	0.198500	0.225900	0.218900	0.158500	0.171500	0.211300	0.151200	0.121900	0.142700	0.143300	0.145500	0.149900	0.163800	0.129200	0.174500	0.131900	0.108800	0.155200	0.141600	0.157500	0.140800	0.172000	0.105100	0.157900
74366.9	0.199900	0.235600	0.225900	0.159200	0.176800	0.212500	0.153100	0.122500	0.143800	0.145900	0.145800	0.153600	0.158800	0.130100	0.173900	0.136500	0.109000	0.150300	0.141500	0.154400	0.137300	0.168600	0.108700	0.160400
79324.7	0.194800	0.246700	0.223400	0.160600	0.170400	0.200900	0.153000	0.121300	0.144200	0.146600	0.146500	0.151400	0.153100	0.130800	0.172700	0.138500	0.108300	0.149400	0.141800	0.153800	0.136800	0.167700	0.109900	0.159600
84282.4	0.182900	0.238800	0.214400	0.163300	0.166800	0.205000	0.148900	0.123400	0.145700	0.146200	0.147100	0.153700	0.150800	0.131200	0.169400	0.141800	0.110500	0.154500	0.142900	0.147800	0.131300	0.161200	0.111700	0.160900
89240.2	0.192700	0.273200	0.230300	0.165100	0.178300	0.243200	0.157900	0.122500	0.144700	0.145300	0.149900	0.159900	0.152800	0.134900	0.175200	0.158100	0.109100	0.164600	0.145000	0.157900	0.142900	0.172900	0.121900	0.161000
94198.0	0.278700	0.275200	0.243800	0.178200	0.204500	0.250900	0.156800	0.129200	0.147800	0.188200	0.184500	0.210900	0.162800	0.135700	0.179200	0.172700	0.110800	0.176900	0.148400	0.157700	0.141900	0.171400	0.147400	0.164900
99155.8	0.241800	0.257400	0.230400	0.269400	0.207400	0.247900	0.164400	0.159900	0.151300	0.196600	0.194700	0.198900	0.186300	0.141800	0.207400	0.161600	0.112300	0.175000	0.151600	0.164500	0.152800	0.177000	0.140900	0.184800
104113.6	0.234400	0.239500	0.211600	0.229900	0.195900	0.232200	0.172500	0.153700	0.156300	0.183500	0.186100	0.191700	0.175100	0.142400	0.280700	0.154700	0.111500	0.175100	0.153300	0.181200	0.222100	0.190800	0.138400	0.193700
109071.4	0.221900	0.222100	0.196800	0.213200	0.187800	0.221000	0.183000	0.143900	0.169100	0.178900	0.178200	0.182300	0.168100	0.143800	0.253400	0.147600	0.110800	0.174600	0.155800	0.237700	0.221200	0.195000	0.130700	0.185300
114029.2	0.210400	0.206400	0.187200	0.226400	0.180700	0.208400	0.201800	0.143000	0.241200	0.168800	0.167500	0.174400	0.159700	0.142000	0.231700	0.143400	0.111800	0.168200	0.163600	0.203500	0.196800	0.183000	0.125100	0.186000
118987.0	0.198400	0.196500	0.175700	0.210700	0.173900	0.196800	0.187000	0.136700	0.228600	0.160100	0.160300	0.167500	0.156000	0.140700	0.219800	0.134800	0.109600	0.161000	0.171300	0.198900	0.188500	0.177700	0.111600	0.180500
123944.8	0.195400	0.187000	0.166800	0.211300	0.164400	0.189000	0.180100	0.131300	0.199600	0.153700	0.150900	0.158800	0.147700	0.136900	0.207500	0.128800	0.108400	0.154500	0.166800	0.183200	0.182400	0.174700	0.106900	0.174400
128902.5	0.180400	0.177700	0.158800	0.201100	0.153400	0.176400	0.171800	0.124100	0.179500	0.141600	0.141100	0.147200	0.138000	0.132700	0.189000	0.121400	0.108100	0.144500	0.160200	0.167400	0.162400	0.168700	0.102200	0.165200
133860.3	0.170000	0.172200	0.155200	0.192500	0.147000	0.167700	0.160900	0.128700	0.166500	0.134200	0.137900	0.139900	0.133400	0.129800	0.176500	0.115000	0.108700	0.141100	0.160800	0.155100	0.145400	0.160600	0.095300	0.161400
138818.1	0.163400	0.169600	0.152400	0.184400	0.143100	0.164400	0.155800	0.148400	0.156400	0.126000	0.135300	0.133800	0.131700	0.129300	0.171200	0.107300	0.105200	0.141000	0.155300	0.154100	0.141900	0.163100	0.086800	0.157000
143775.9	0.155200	0.165000	0.148300	0.177700	0.138500	0.158200	0.149800	0.135300	0.148200	0.121500	0.132100	0.130600	0.127800	0.127300	0.165100	0.105000	0.105200	0.138500	0.149400	0.150600	0.137100	0.160500	0.085000	0.153300
148733.7	0.152400	0.163800	0.146700	0.171100	0.136900	0.154900	0.145100	0.125300	0.146900	0.120500	0.132700	0.130500	0.127600	0.128300	0.162200	0.103400	0.105200	0.138000	0.154100	0.147800	0.132500	0.156200	0.081900	0.155300
153691.5	0.149200	0.160500	0.144300	0.168400	0.135300	0.149800	0.142200	0.118800	0.144000	0.119300	0.133600	0.128900	0.127800	0.129000	0.160700	0.102100	0.104000	0.134800	0.161900	0.146700	0.131500	0.155900	0.082800	0.154300
158649.3	0.149800	0.163000	0.145200	0.169100	0.136000	0.148800	0.143600	0.117600	0.141400	0.118300	0.135900	0.128600	0.132700	0.133100	0.160800	0.101800	0.104400	0.135200	0.160400	0.151500	0.136400	0.160500	0.081200	0.154300
163607.1	0.150100	0.164100	0.146100	0.171900	0.136800	0.148900	0.145200	0.118700	0.141900	0.119000	0.139300	0.128600	0.132500	0.134000	0.162700	0.101100	0.104600	0.135400	0.163700	0.152600	0.137800	0.163500	0.080100	0.155700
168564.9	0.151500	0.163400	0.147200	0.175900	0.138300	0.148600	0.143700	0.123000	0.144900	0.122900	0.147500	0.132200	0.132900	0.136400	0.165100	0.106500	0.109500	0.136500	0.169700	0.150800	0.134900	0.161500	0.087500	0.161100
173522.7	0.154200	0.166600	0.151300	0.178700	0.141400	0.151200	0.147500	0.126200	0.145800	0.126100	0.159900	0.134200	0.136700	0.139800	0.167600	0.107200	0.111500	0.139400	0.174800	0.156600	0.139400	0.166300	0.087500	0.164500
178480.5	0.159500	0.170400	0.155300	0.187700	0.145100	0.155600	0.153900	0.127200	0.146700	0.128000	0.169000	0.135000	0.140200	0.143800	0.175200	0.106500	0.112300	0.140700	0.176300	0.167600	0.149200	0.177400	0.086400	0.165600
183438.2	0.163300	0.169800	0.156700	0.192400	0.146500	0.159200	0.156500	0.131500	0.148800	0.131100	0.171300	0.137400	0.141300	0.145900	0.178700	0.107900	0.115500	0.141100	0.180600	0.168900	0.150200	0.179800	0.092900	0.170000
188396.0	0.167000	0.170500	0.159800	0.198900	0.150300	0.165000	0.157600	0.138100	0.152500	0.134400	0.170700	0.139900	0.143900	0.148400	0.182000	0.109700	0.118900	0.142600	0.185200	0.171700	0.151700	0.182500	0.094400	0.175800
193353.8	0.173500	0.171100	0.161100	0.204500	0.152500	0.170400	0.158900	0.148200	0.155500	0.135900	0.171000	0.140300	0.147000	0.150700	0.187000	0.109900	0.120800	0.141800	0.188200	0.177700	0.157900	0.187800	0.094400	0.178200
198311.6	0.189800	0.172100	0.163300	0.209000	0.154800	0.173900	0.163100	0.157200	0.159600	0.138500	0.167700	0.141500	0.146100	0.150800	0.194800	0.112300	0.122800	0.140200	0.188700	0.184300	0.162600	0.193800	0.097600	0.181900
203269.4	0.205000	0.172500	0.163800	0.205800	0.155900	0.175900	0.165700	0.154100	0.161300	0.136800	0.165300	0.140700	0.144200	0.150500	0.201000	0.109100	0.121100	0.138000	0.186500	0.191600	0.170700	0.203000	0.095600	0.182100
208227.2	0.212300	0.169500	0.162100	0.202500	0.155600	0.174600	0.163600	0.153300	0.165300	0.137900	0.163000	0.142800	0.142100	0.149600	0.205800	0.113400	0.124400	0.136000	0.187100	0.193800	0.171900	0.203200	0.098600	0.185900
213185.0	0.214000	0.170800	0.163100	0.199400	0.156500	0.174000	0.165800	0.151100	0.171300	0.138600	0.162000	0.144800	0.142000	0.149600	0.209900	0.115100	0.126400	0.135900	0.189600	0.198200	0.176600	0.207000	0.101600	0.189600
218142.8	0.210100	0.169500	0.162700	0.195000	0.156900	0.173600	0.166600	0.147500	0.175100	0.138900	0.162300	0.144800	0.142500	0.149300	0.212800	0.113500	0.123800	0.135400	0.190300	0.204200	0.182300	0.211900	0.096000	0.190500
223100.5	0.209000	0.171200	0.163500	0.191700	0.157900	0.173900	0.171800	0.144400	0.176600	0.136000	0.161700	0.145000	0.142900	0.149500	0.215300	0.111300	0.121900	0.134500	0.188800	0.214600	0.194300	0.223800	0.094400	0.191600
228058.3	0.204900	0.168100	0.160800	0.187500	0.156100	0.169200	0.167600	0.146200	0.186900	0.138100	0.158400	0.146200	0.141200	0.147400	0.215300	0.116100	0.125700	0.132200	0.187700	0.210300	0.192200	0.220600	0.101800	0.194400
233016.1	0.200100	0.166200	0.161200	0.184200	0.156600	0.168200	0.164600	0.145800	0.195600	0.138700	0.158000	0.148800	0.141600	0.147800	0.213600	0.118200	0.128100	0.131900	0.190500	0.205600	0.186700	0.215800	0.101200	0.196800
237973.9	0.198300	0.168100	0.162200	0.182700	0.156700	0.168900	0.169200	0.142400	0.195900	0.134500	0.157400	0.146600	0.141900	0.148100	0.218500	0.114300	0.123000	0.132000	0.188200	0.214200	0.198200	0.228200	0.093700	0.195100
242931.7	0.192600	0.164200	0.159900	0.179200	0.155400	0.164900	0.165100	0.144900	0.195800	0.135600	0.156200	0.148700	0.140600	0.146900	0.213000	0.118600	0.126900	0.132000	0.187800	0.205800	0.187400	0.217600	0.097900	0.198100
247889.5	0.192800	0.169100	0.162000	0.179000	0.156800	0.167800	0.171400	0.140600	0.190700	0.133100	0.155600	0.147800	0.141000	0.147900	0.218300	0.112600	0.122600	0.130600	0.187200	0.215600	0.199500	0.233300	0.096100	0.197100
252847.3	0.190600	0.168300	0.162200	0.176800	0.156400	0.166700	0.171300	0.141700	0.187200	0.134200	0.154400	0.149200	0.141000	0.148000	0.217500	0.116900	0.124900	0.131900	0.187300	0.217400	0.200900	0.234100	0.096800	0.203100
257805.1	0.187800	0.166600	0.161200	0.173700	0.155500	0.164600	0.170800	0.139900	0.182600	0.132600	0.152800	0.148900	0.139700	0.146900	0.216900	0.118900	0.123700	0.131200	0.186600	0.217700	0.201100	0.235200	0.096500	0.202500
262762.9	0.184500	0.165500	0.160900	0.172600	0.155200	0.162000	0.167700	0.141300	0.178800	0.132700	0.152500	0.150000	0.139200	0.146000	0.212300	0.119400	0.124700	0.132000	0.187300	0.212500	0.195700	0.230200	0.095400	0.204100
267720.7	0.182300	0.165200	0.161100	0.171500	0.154800	0.161400	0.167400	0.137100	0.176100	0.130600	0.151700	0.147900	0.139400	0.146400	0.210000	0.115300	0.122400	0.132100	0.186500	0.216000	0.197300	0.234400	0.090400	0.202300
272678.4	0.179700	0.164600	0.159800	0.169300	0.153500	0.159500	0.165000	0.138400	0.173100	0.130200	0.149400	0.147500	0.138700	0.144800	0.207000	0.117400	0.123600	0.130500	0.183600	0.214200	0.195700	0.233300	0.091600	0.201400
277636.2	0.178800	0.166000	0.161000	0.168300	0.153700	0.160200	0.166200	0.139500	0.169900	0.129300	0.149700	0.147400	0.139700	0.145300	0.206200	0.116300	0.123500	0.131500	0.185100	0.217400	0.198300	0.236300	0.089600	0.202800
282594.0	0.176200	0.165300	0.160000	0.166700	0.152800	0.158500	0.164100	0.143600	0.168800	0.130000	0.149300	0.147700	0.138700	0.144600	0.201100	0.118100	0.126600	0.131200	0.184900	0.212700	0.192500	0.231100	0.092300	0.205000
287551.8	0.176100	0.164500	0.159100	0.163700	0.150900	0.157700	0.165900	0.148700	0.163700	0.127400	0.146700	0.145000	0.138100	0.143500	0.201300	0.116000	0.124600	0.129600	0.181700	0.215700	0.197900	0.234500	0.091300	0.202400
292509.6	0.172900	0.163000	0.158200	0.160900	0.150000	0.155800	0.162300	0.150100	0.164100	0.127800	0.146500	0.146400	0.137600	0.143200	0.196100	0.118600	0.125400	0.129700	0.181500	0.208200	0.189400	0.227200	0.090200	0.203500
297467.4	0.172600	0.165600	0.158500	0.159800	0.149900	0.157500	0.165400	0.142900	0.159900	0.125400	0.145900	0.144300	0.138000	0.143400	0.196700	0.114100	0.121900	0.130600	0.179900	0.214200	0.197000	0.235600	0.087000	0.201300
302425.2	0.172500	0.164900	0.158300	0.159500	0.149600	0.156400	0.164500	0.138600	0.159200	0.125800	0.145200	0.145500	0.138200	0.143400	0.193900	0.113100	0.120900	0.131700	0.180900	0.211600	0.193900	0.233900	0.086700	0.202300
307383.0	0.170000	0.163700	0.156400	0.156700	0.147400	0.155000	0.163400	0.135600	0.157200	0.124700	0.143700	0.144000	0.136900	0.142200	0.190600	0.114500	0.119700	0.129800	0.178400	0.208700	0.189000	0.227400	0.086300	0.200400
312340.8	0.171000	0.163900	0.156300	0.155200	0.147900	0.154800	0.163900	0.133000	0.156600	0.124900	0.142500	0.144400	0.136400	0.141400	0.191500	0.114800	0.119900	0.130200	0.177800	0.208500	0.190500	0.230300	0.088900	0.200300
317298.5	0.170400	0.165300	0.157400	0.155600	0.147900	0.156000	0.164300	0.128700	0.153300	0.122900	0.142100	0.142900	0.137000	0.141600	0.190200	0.112200	0.118000	0.131000	0.176200	0.211300	0.193700	0.234000	0.086900	0.197900
322256.3	0.168700	0.164000	0.156400	0.154800	0.147700	0.153700	0.162800	0.127000	0.152700	0.122000	0.142400	0.142800	0.136000	0.140800	0.186800	0.109900	0.116200	0.130800	0.176200	0.207800	0.188800	0.229600	0.085200	0.196800
327214.1	0.167800	0.163300	0.155600	0.153700	0.147500	0.153400	0.161400	0.123600	0.151400	0.119900	0.141100	0.140400	0.135500	0.139900	0.186800	0.108400	0.113700	0.130300	0.175200	0.205900	0.189500	0.229200	0.084200	0.194000
332171.9	0.165800	0.161900	0.153700	0.151800	0.146400	0.151100	0.158600	0.123300	0.150100	0.119500	0.140000	0.141000	0.134200	0.138700	0.184000	0.108600	0.114000	0.129200	0.174300	0.201100	0.185500	0.223700	0.084500	0.194400
337129.7	0.163700	0.160100	0.152800	0.151000	0.145400	0.150300	0.155500	0.123200	0.150200	0.120200	0.139200	0.140600	0.133000	0.138100	0.179500	0.110700	0.116200	0.129400	0.174700	0.195700	0.178800	0.216900	0.085900	0.194200
342087.5	0.164200	0.160900	0.153300	0.150100	0.145200	0.151100	0.159800	0.117600	0.146600	0.116800	0.139000	0.138200	0.133500	0.137900	0.181600	0.106300	0.110500	0.129000	0.173200	0.202000	0.186400	0.226100	0.080800	0.191000
347045.3	0.162300	0.158800	0.151500	0.149200	0.144700	0.149000	0.154600	0.120200	0.148700	0.118300	0.138800	0.139700	0.133200	0.137700	0.176600	0.109300	0.114100	0.128500	0.174700	0.194600	0.177900	0.216800	0.084200	0.193100
352003.1	0.162000	0.159100	0.151900	0.149500	0.144600	0.150000	0.157200	0.118500	0.147700	0.117600	0.137900	0.138600	0.132900	0.137300	0.177200	0.109300	0.113400	0.128100	0.172800	0.197400	0.179700	0.218500	0.083900	0.192500
356960.9	0.160600	0.157400	0.150700	0.148500	0.144000	0.147500	0.151400	0.120300	0.148900	0.119000	0.137900	0.140300	0.132200	0.136800	0.174100	0.113000	0.116300	0.128700	0.173100	0.187300	0.170000	0.207700	0.087500	0.194300
361918.6	0.159200	0.156500	0.150100	0.147900	0.143100	0.147600	0.152100	0.118600	0.146900	0.117600	0.136300	0.138900	0.131300	0.135900	0.173400	0.111800	0.114600	0.127900	0.169900	0.189300	0.171100	0.211600	0.085700	0.192400
366876.4	0.160200	0.159000	0.151200	0.148300	0.144100	0.149300	0.157000	0.115400	0.145600	0.115900	0.137200	0.137500	0.132100	0.136500	0.174800	0.106600	0.112400	0.128400	0.169100	0.194900	0.178600	0.219400	0.082500	0.191000
371834.2	0.161100	0.159000	0.150900	0.147600	0.143500	0.149300	0.157700	0.113500	0.144400	0.114500	0.136700	0.136200	0.131600	0.136200	0.174800	0.105200	0.109400	0.127800	0.167800	0.196400	0.181100	0.221100	0.080300	0.189800
376792.0	0.159300	0.156900	0.149200	0.146100	0.141800	0.147500	0.154700	0.112700	0.143700	0.113600	0.135000	0.135700	0.130000	0.135100	0.172400	0.104700	0.109700	0.126700	0.166600	0.193400	0.177500	0.218400	0.078800	0.188400
381749.8	0.156900	0.154500	0.147400	0.144900	0.140800	0.145000	0.150300	0.116200	0.144900	0.115800	0.134700	0.137600	0.129200	0.133600	0.168900	0.111000	0.115100	0.126300	0.164800	0.184300	0.168200	0.207600	0.085000	0.190100
386707.6	0.157100	0.155100	0.147600	0.145400	0.141000	0.145500	0.152400	0.113100	0.143500	0.113900	0.134700	0.135900	0.129200	0.134400	0.169300	0.106500	0.110500	0.126600	0.163500	0.188500	0.173200	0.213500	0.079900	0.188100
391665.4	0.156600	0.153900	0.147400	0.145200	0.140400	0.144700	0.148800	0.115400	0.145000	0.115100	0.134500	0.137300	0.128800	0.133800	0.166700	0.110700	0.115000	0.126500	0.163600	0.182800	0.165400	0.205700	0.083200	0.190900
396623.2	0.156900	0.155700	0.147500	0.145000	0.140800	0.145500	0.152000	0.111100	0.142100	0.113100	0.133500	0.135400	0.128700	0.133500	0.168600	0.104300	0.110200	0.126100	0.161700	0.187900	0.173100	0.212400	0.078700	0.188000
401581.0	0.155000	0.153000	0.146300	0.143800	0.139200	0.143700	0.148900	0.112600	0.143000	0.113900	0.132400	0.136300	0.127200	0.132100	0.165900	0.107800	0.113300	0.125100	0.160100	0.182600	0.166300	0.207400	0.082000	0.188000
406538.7	0.155400	0.154000	0.146700	0.144000	0.139800	0.144200	0.149500	0.110800	0.142100	0.112600	0.132400	0.134700	0.127600	0.132300	0.166700	0.104400	0.109700	0.125100	0.158900	0.183500	0.168200	0.208500	0.078000	0.186200
411496.5	0.154500	0.153600	0.146500	0.143300	0.138800	0.143300	0.147500	0.111600	0.142300	0.113200	0.132500	0.135800	0.127100	0.131900	0.165600	0.106400	0.110700	0.125000	0.159200	0.181100	0.165000	0.206300	0.080300	0.187000
416454.3	0.154400	0.152500	0.145900	0.142700	0.138500	0.143100	0.148900	0.109900	0.142200	0.111600	0.132100	0.134000	0.126500	0.131300	0.164900	0.104200	0.109800	0.124100	0.156700	0.182100	0.167100	0.206800	0.078100	0.185500
421412.1	0.153700	0.153200	0.145800	0.142500	0.137700	0.143100	0.148400	0.110400	0.140900	0.112300	0.132000	0.134200	0.126000	0.130900	0.164500	0.104100	0.110700	0.124600	0.156300	0.181900	0.165800	0.206900	0.079300	0.185200
426369.9	0.155100	0.154600	0.145700	0.142800	0.138400	0.144500	0.152500	0.108900	0.140000	0.110600	0.132100	0.134000	0.126100	0.131200	0.166000	0.100900	0.108100	0.124200	0.155700	0.187300	0.172400	0.214500	0.077500	0.184300
431327.7	0.152100	0.151000	0.143800	0.140500	0.136500	0.141400	0.145800	0.109900	0.140500	0.111700	0.129900	0.133800	0.123800	0.129200	0.161800	0.103800	0.110600	0.122200	0.153900	0.177300	0.162600	0.201600	0.081800	0.183800
436285.5	0.153000	0.152600	0.144000	0.140800	0.137100	0.142500	0.148800	0.108300	0.139400	0.110800	0.129900	0.133400	0.124600	0.129100	0.163400	0.102500	0.109200	0.122300	0.153300	0.181200	0.166400	0.207100	0.078700	0.182200
441243.3	0.152200	0.151700	0.143900	0.140800	0.136500	0.141600	0.147800	0.108200	0.140000	0.109900	0.129500	0.132700	0.123900	0.128500	0.162400	0.102000	0.108300	0.121900	0.152400	0.179700	0.165600	0.205900	0.077800	0.181300
446201.1	0.150800	0.150500	0.143400	0.140200	0.136300	0.140100	0.143400	0.109100	0.141100	0.111200	0.130000	0.133300	0.123500	0.128600	0.160300	0.103300	0.110200	0.122300	0.153000	0.173900	0.158900	0.197200	0.079400	0.182200
451158.8	0.151200	0.150700	0.143300	0.140100	0.135600	0.140800	0.143300	0.109600	0.141500	0.112100	0.129900	0.133900	0.123400	0.128000	0.159900	0.105000	0.111100	0.122000	0.152200	0.173500	0.157900	0.196800	0.081300	0.182500
456116.6	0.150400	0.150200	0.142700	0.139200	0.135500	0.140500	0.145500	0.107500	0.140100	0.110100	0.128800	0.132100	0.122900	0.127600	0.159900	0.102300	0.109000	0.121000	0.150400	0.176000	0.162300	0.202100	0.078400	0.180200
461074.4	0.150100	0.150000	0.142400	0.139600	0.135100	0.139800	0.142800	0.109100	0.140700	0.110300	0.128500	0.132300	0.122700	0.127100	0.158600	0.103800	0.110100	0.121300	0.150300	0.171800	0.157400	0.197400	0.078500	0.179400
466032.2	0.148300	0.148900	0.141300	0.138600	0.134000	0.139400	0.142500	0.107100	0.139800	0.109900	0.128000	0.131400	0.121800	0.126400	0.158300	0.101800	0.109000	0.120600	0.149000	0.170600	0.156200	0.194800	0.078300	0.178300
470990.0	0.151200	0.150700	0.142600	0.138800	0.134200	0.140900	0.146100	0.106000	0.139100	0.108900	0.127900	0.130300	0.121900	0.126200	0.160600	0.100000	0.107000	0.119900	0.148100	0.176800	0.164500	0.204500	0.077700	0.177000
475947.8	0.149400	0.149000	0.141600	0.138800	0.133900	0.139300	0.141800	0.107800	0.139200	0.110000	0.127600	0.131500	0.121500	0.125700	0.157700	0.103000	0.109400	0.119800	0.147800	0.170500	0.157200	0.196000	0.081100	0.177900
480905.6	0.150600	0.151600	0.142700	0.139100	0.135100	0.141700	0.146600	0.104100	0.138400	0.108000	0.128100	0.129800	0.122200	0.126000	0.160500	0.097600	0.104900	0.119900	0.146500	0.177000	0.163500	0.204200	0.076200	0.175400
485863.4	0.148200	0.148000	0.140500	0.137400	0.133300	0.138300	0.140400	0.106000	0.138100	0.109200	0.126100	0.130700	0.120300	0.124200	0.156900	0.101600	0.108500	0.118500	0.145700	0.169200	0.154600	0.193000	0.080500	0.175500
490821.2	0.147500	0.147000	0.139800	0.137100	0.132500	0.138100	0.140600	0.105700	0.138200	0.108400	0.126500	0.129800	0.120000	0.123800	0.156100	0.100800	0.106800	0.118300	0.144900	0.167700	0.154100	0.192200	0.078700	0.174800
495778.9	0.146300	0.146700	0.139600	0.137200	0.132100	0.137200	0.137400	0.107300	0.138600	0.110000	0.126700	0.130800	0.119800	0.123200	0.153200	0.103200	0.108300	0.118400	0.145700	0.162600	0.147600	0.185600	0.080400	0.175100
500736.7	0.147300	0.148100	0.140000	0.137600	0.132700	0.137900	0.140000	0.104400	0.137500	0.108200	0.126700	0.129100	0.120000	0.123600	0.154800	0.100100	0.106100	0.118000	0.144800	0.166900	0.152600	0.189800	0.077800	0.173600
505694.5	0.145700	0.145100	0.138200	0.136100	0.131000	0.135200	0.136800	0.106200	0.137600	0.109300	0.125100	0.129800	0.118600	0.122300	0.153900	0.101600	0.107600	0.117100	0.143900	0.162100	0.148200	0.185500	0.082100	0.174200
510652.3	0.145900	0.145400	0.138400	0.136000	0.131100	0.136200	0.137300	0.105400	0.137600	0.109100	0.125000	0.129900	0.118100	0.122300	0.154000	0.101700	0.106700	0.116900	0.143100	0.161700	0.149300	0.185500	0.082100	0.173900
515610.1	0.144900	0.145100	0.137800	0.135400	0.130800	0.136200	0.136100	0.104000	0.136900	0.107700	0.124500	0.128100	0.118000	0.121800	0.152000	0.099300	0.104300	0.116900	0.142900	0.160800	0.147800	0.183100	0.078100	0.171600
520567.9	0.146000	0.146200	0.138400	0.136300	0.130900	0.136900	0.137900	0.103900	0.135900	0.106600	0.124600	0.128000	0.118500	0.121900	0.153300	0.098100	0.102500	0.116700	0.141300	0.163500	0.150900	0.189000	0.075800	0.169900
525525.7	0.142600	0.143200	0.136300	0.134400	0.129200	0.134700	0.133000	0.104200	0.136200	0.106700	0.123200	0.127400	0.117600	0.120800	0.148800	0.101100	0.103900	0.115200	0.139900	0.156500	0.141700	0.177100	0.079600	0.170500
530483.5	0.143700	0.145700	0.137800	0.135900	0.130600	0.136000	0.134600	0.103300	0.135400	0.107000	0.124300	0.127700	0.117900	0.120400	0.149700	0.098600	0.103100	0.115700	0.140400	0.159500	0.146900	0.181000	0.077200	0.168900
535441.3	0.142800	0.143300	0.136400	0.135400	0.129700	0.134300	0.132700	0.104700	0.135800	0.107700	0.123800	0.127600	0.117500	0.120100	0.148300	0.099600	0.104300	0.115700	0.140300	0.155800	0.142100	0.177600	0.079800	0.169600
540399.0	0.143200	0.145000	0.137000	0.134800	0.129700	0.135400	0.135400	0.102000	0.133300	0.105300	0.122700	0.125300	0.117500	0.120000	0.149500	0.097600	0.100700	0.114500	0.138600	0.160400	0.148400	0.182400	0.075100	0.166400
545356.8	0.141700	0.142700	0.135700	0.134400	0.128900	0.133800	0.132400	0.102100	0.132700	0.105400	0.122800	0.124600	0.116700	0.119000	0.148000	0.096800	0.100100	0.113800	0.137400	0.156100	0.143700	0.176800	0.074600	0.165800
550314.6	0.141700	0.143200	0.136700	0.134500	0.129600	0.134000	0.132500	0.101400	0.132500	0.105000	0.122300	0.124600	0.116800	0.118800	0.147600	0.096000	0.100300	0.114000	0.136800	0.156300	0.143700	0.177900	0.075300	0.165400
555272.4	0.140700	0.141100	0.135000	0.133400	0.128200	0.132500	0.130300	0.101700	0.131400	0.104800	0.121700	0.124100	0.116100	0.117700	0.144800	0.095900	0.100100	0.113000	0.136000	0.152000	0.139200	0.172400	0.074900	0.164700
560230.2	0.140200	0.141300	0.134700	0.132900	0.128000	0.132500	0.131200	0.101100	0.130300	0.104200	0.120700	0.123400	0.115400	0.117000	0.146200	0.096000	0.099700	0.111900	0.135200	0.154500	0.143400	0.175300	0.076900	0.163800
565188.0	0.140000	0.141800	0.135000	0.133300	0.128300	0.132300	0.130900	0.099400	0.130200	0.103300	0.120400	0.122700	0.115300	0.117200	0.145900	0.093300	0.097800	0.111900	0.133900	0.155500	0.144600	0.176500	0.073500	0.163000
570145.8	0.139800	0.140600	0.134300	0.132600	0.127600	0.131500	0.128700	0.099000	0.129400	0.102800	0.119900	0.120900	0.115000	0.116600	0.144300	0.093100	0.096600	0.111500	0.133300	0.153400	0.141200	0.172400	0.072400	0.161100
575103.6	0.138900	0.140000	0.133600	0.132500	0.127100	0.130700	0.128100	0.099100	0.129900	0.103200	0.119800	0.122000	0.114800	0.115800	0.144200	0.094200	0.097200	0.111100	0.133600	0.150700	0.139300	0.169600	0.074500	0.161800
580061.4	0.140200	0.140900	0.133900	0.131600	0.127400	0.132100	0.131100	0.098000	0.128900	0.102200	0.119400	0.121300	0.114800	0.115800	0.145500	0.092600	0.095400	0.110600	0.132100	0.154600	0.144100	0.175200	0.073200	0.160000
585019.1	0.139700	0.141300	0.134200	0.132700	0.127600	0.131900	0.129800	0.098000	0.128300	0.101800	0.119700	0.120300	0.115000	0.116000	0.144400	0.092000	0.095400	0.110500	0.132300	0.153400	0.142600	0.174500	0.071100	0.159700
589976.9	0.136800	0.137600	0.132600	0.131400	0.125900	0.128800	0.122500	0.102200	0.131000	0.104500	0.119200	0.123500	0.114100	0.114700	0.140800	0.098200	0.100100	0.110400	0.133100	0.142200	0.129100	0.158800	0.077000	0.162800
594934.7	0.137400	0.137900	0.132200	0.131400	0.125500	0.129500	0.124800	0.100400	0.129600	0.103500	0.118700	0.122500	0.113700	0.114500	0.141300	0.096200	0.098000	0.110200	0.132300	0.145800	0.133600	0.163900	0.075400	0.160800
599892.5	0.138200	0.140000	0.133300	0.131900	0.126500	0.130900	0.128000	0.099300	0.129000	0.102300	0.119200	0.121900	0.114300	0.114500	0.143200	0.094500	0.096500	0.110200	0.131500	0.149900	0.138400	0.168700	0.074600	0.160000
604850.3	0.139300	0.140500	0.134200	0.132300	0.126800	0.131500	0.129200	0.098800	0.128800	0.102300	0.119300	0.121000	0.114700	0.114900	0.143900	0.092600	0.095300	0.110600	0.131300	0.151600	0.140500	0.169900	0.072200	0.158800
609808.1	0.138100	0.138900	0.132800	0.131500	0.126000	0.129800	0.126100	0.099900	0.129400	0.103600	0.118700	0.121900	0.113700	0.113600	0.143300	0.095200	0.098200	0.109900	0.131200	0.147200	0.135500	0.165600	0.078000	0.159800
614765.9	0.137900	0.140100	0.133300	0.132300	0.126500	0.130200	0.126900	0.099000	0.129100	0.102700	0.119500	0.121400	0.114300	0.114000	0.142700	0.094000	0.096200	0.110300	0.130800	0.147600	0.135700	0.165900	0.072800	0.158700
619723.7	0.138200	0.140300	0.133200	0.131700	0.126300	0.130300	0.126900	0.098800	0.128900	0.102200	0.119000	0.120300	0.114300	0.113800	0.143500	0.093100	0.096300	0.109400	0.130700	0.148300	0.137600	0.167400	0.072800	0.156900
624681.4	0.137400	0.139500	0.132900	0.131500	0.125400	0.130000	0.126700	0.097500	0.127700	0.101400	0.118100	0.119000	0.113700	0.113000	0.142900	0.091500	0.093900	0.109200	0.129500	0.148700	0.137900	0.167700	0.070600	0.156300
629639.2	0.136100	0.137300	0.131500	0.131400	0.124500	0.128400	0.124000	0.098300	0.127700	0.101400	0.117300	0.119100	0.113100	0.112300	0.140600	0.093800	0.094800	0.108200	0.128400	0.144200	0.132900	0.160700	0.072200	0.156100
634597.0	0.135500	0.137800	0.131500	0.131100	0.124800	0.128400	0.124600	0.097400	0.126400	0.100100	0.116700	0.118100	0.112600	0.112200	0.140300	0.090500	0.093600	0.107600	0.127900	0.145000	0.133300	0.162100	0.071800	0.156000
639554.8	0.135100	0.136000	0.130800	0.130100	0.123800	0.126600	0.121600	0.098400	0.126900	0.100700	0.116200	0.117700	0.112000	0.111600	0.138600	0.092400	0.093900	0.107400	0.127300	0.141500	0.129700	0.158400	0.072100	0.155900
644512.6	0.132500	0.134900	0.130400	0.129900	0.123500	0.126600	0.120000	0.097600	0.124100	0.099900	0.115700	0.117300	0.111700	0.111200	0.136400	0.091700	0.092800	0.106500	0.126400	0.137800	0.127400	0.154800	0.071500	0.154700
649470.4	0.135400	0.138200	0.132100	0.130500	0.124700	0.128800	0.125400	0.095500	0.122400	0.098400	0.116300	0.115900	0.112500	0.111900	0.140100	0.088400	0.090400	0.107100	0.125400	0.147300	0.137700	0.164500	0.069100	0.153600
654428.2	0.132000	0.133900	0.129700	0.129500	0.122800	0.125500	0.118300	0.096500	0.123100	0.099100	0.115300	0.116800	0.111100	0.110600	0.134300	0.090300	0.091900	0.105900	0.125100	0.138200	0.126900	0.153100	0.070200	0.153700
659386.0	0.133100	0.133800	0.129800	0.129600	0.122700	0.125800	0.119900	0.096900	0.123200	0.099500	0.115500	0.116700	0.110900	0.110100	0.135700	0.090400	0.092300	0.105600	0.125100	0.140300	0.130000	0.156000	0.071700	0.153500
664343.8	0.130400	0.132600	0.128600	0.128900	0.122100	0.124600	0.116100	0.096700	0.123400	0.099100	0.115200	0.116300	0.110800	0.110100	0.133700	0.090800	0.092400	0.105900	0.124500	0.135500	0.124600	0.148900	0.071100	0.153600
669301.5	0.131300	0.133700	0.130100	0.129800	0.123000	0.126000	0.118700	0.095800	0.121800	0.098600	0.115300	0.116000	0.110900	0.110300	0.133800	0.088600	0.091600	0.105100	0.124400	0.138800	0.128500	0.152800	0.071000	0.152500
674259.3	0.131400	0.134200	0.130000	0.129300	0.122500	0.126200	0.120400	0.095300	0.121000	0.097900	0.114700	0.114800	0.111000	0.109700	0.134500	0.088100	0.090600	0.105600	0.123300	0.140100	0.130700	0.155300	0.069200	0.151400
679217.1	0.132100	0.134900	0.130100	0.129600	0.123000	0.126700	0.120000	0.094500	0.120200	0.097800	0.114700	0.114400	0.110800	0.109900	0.134500	0.087800	0.089900	0.105400	0.123500	0.142100	0.132500	0.155900	0.069500	0.151500
684174.9	0.129800	0.132300	0.129400	0.129000	0.121800	0.125100	0.118000	0.094400	0.121100	0.097300	0.113800	0.113400	0.110100	0.109400	0.133500	0.088300	0.089600	0.104800	0.122300	0.139200	0.129600	0.152900	0.069000	0.150600
689132.7	0.130100	0.132300	0.129100	0.128800	0.121400	0.123500	0.116700	0.094500	0.120000	0.097100	0.113500	0.114000	0.110000	0.109100	0.132000	0.087600	0.089800	0.104300	0.121800	0.135500	0.126400	0.149300	0.070300	0.151000
694090.5	0.129300	0.132100	0.128600	0.127600	0.121200	0.123200	0.115900	0.092700	0.116500	0.095600	0.112600	0.113200	0.109300	0.108300	0.131800	0.086600	0.087800	0.103100	0.120000	0.133600	0.125400	0.147100	0.071700	0.150300
699048.3	0.128000	0.130700	0.127800	0.127200	0.120400	0.122800	0.115700	0.092100	0.114500	0.094800	0.112200	0.112700	0.108800	0.107900	0.130900	0.085300	0.086600	0.102000	0.119400	0.133400	0.125500	0.147400	0.069900	0.149400
704006.1	0.127300	0.129700	0.127900	0.126900	0.120200	0.122000	0.114100	0.092800	0.115000	0.095100	0.111900	0.111400	0.108700	0.107800	0.130100	0.085700	0.086900	0.102000	0.119300	0.132600	0.124100	0.144600	0.068000	0.149300
708963.9	0.126400	0.129100	0.127300	0.126400	0.119800	0.121100	0.113500	0.092300	0.115800	0.094400	0.110900	0.109500	0.108400	0.107600	0.129100	0.086400	0.086600	0.101700	0.118500	0.130600	0.123000	0.143300	0.067000	0.147600
713921.6	0.126500	0.128900	0.127600	0.126600	0.119800	0.121300	0.113000	0.092200	0.115800	0.093600	0.109500	0.107900	0.107900	0.107400	0.129200	0.085900	0.085600	0.101300	0.116700	0.131000	0.122400	0.144200	0.066100	0.146600
718879.4	0.126800	0.127300	0.127000	0.125600	0.118900	0.119000	0.111400	0.093000	0.116000	0.094300	0.108400	0.107900	0.106400	0.106400	0.129000	0.087400	0.086900	0.099800	0.115700	0.126600	0.120200	0.139500	0.069200	0.147100
723837.2	0.125800	0.126600	0.126500	0.125700	0.118500	0.118000	0.108100	0.093300	0.116600	0.094900	0.108300	0.108200	0.106400	0.106400	0.128700	0.088000	0.087600	0.099700	0.116100	0.123200	0.115800	0.134200	0.070000	0.148000
728795.0	0.124900	0.124500	0.125700	0.125200	0.118200	0.117000	0.105500	0.093200	0.116900	0.094800	0.108700	0.109800	0.105900	0.105900	0.128300	0.087300	0.087200	0.099800	0.116000	0.122200	0.115000	0.131300	0.069400	0.147500
733752.8	0.124900	0.124900	0.125600	0.125700	0.118100	0.117200	0.106100	0.093100	0.116000	0.094800	0.109200	0.110400	0.106400	0.105400	0.127800	0.086700	0.087500	0.099900	0.116200	0.124700	0.117900	0.133700	0.069900	0.147900
738710.6	0.123600	0.122800	0.125100	0.126600	0.118200	0.116500	0.104200	0.095600	0.118200	0.097200	0.111300	0.113200	0.106700	0.106200	0.125900	0.089000	0.089900	0.101500	0.118900	0.122000	0.113700	0.129000	0.072600	0.150200
743668.4	0.124700	0.124500	0.126000	0.126600	0.118600	0.119000	0.106300	0.094500	0.118500	0.096600	0.111900	0.112800	0.107700	0.106700	0.126600	0.087200	0.088900	0.101800	0.118600	0.126800	0.118300	0.135400	0.070800	0.149100
748626.2	0.124800	0.125900	0.126500	0.126700	0.119100	0.119500	0.107700	0.094300	0.118900	0.096300	0.112200	0.113000	0.107800	0.106500	0.126300	0.087400	0.087800	0.102400	0.119100	0.126400	0.116700	0.135700	0.069300	0.148300
753583.9	0.125100	0.127000	0.127100	0.127200	0.119400	0.120300	0.108700	0.095000	0.118900	0.096600	0.112800	0.113400	0.108300	0.106500	0.127100	0.087900	0.088900	0.102600	0.119600	0.128400	0.119100	0.137400	0.071000	0.149200
758541.7	0.127900	0.129200	0.128000	0.127600	0.120200	0.122200	0.113000	0.093900	0.118700	0.095900	0.113000	0.113200	0.108600	0.107000	0.129300	0.085900	0.087800	0.103100	0.119500	0.132900	0.123800	0.143000	0.070100	0.147700
763499.5	0.126800	0.129100	0.127300	0.126600	0.119300	0.121600	0.112500	0.095200	0.120200	0.097400	0.113100	0.113800	0.108400	0.106100	0.128000	0.088800	0.089500	0.102900	0.119500	0.130700	0.120600	0.141300	0.070200	0.148400
768457.3	0.128100	0.130400	0.128200	0.127800	0.120000	0.122500	0.114200	0.094400	0.121600	0.097300	0.113900	0.113400	0.108700	0.106500	0.129600	0.085800	0.088600	0.103400	0.120400	0.132900	0.123200	0.143300	0.069000	0.147800
773415.1	0.128800	0.131500	0.128000	0.127100	0.119900	0.123000	0.115400	0.095000	0.121300	0.098200	0.114000	0.115100	0.108600	0.106300	0.131700	0.089300	0.089700	0.103800	0.120300	0.133100	0.123300	0.144700	0.072100	0.148900
778372.9	0.128800	0.131200	0.128500	0.128300	0.120200	0.123300	0.114500	0.096200	0.122800	0.099000	0.114400	0.115500	0.108700	0.106200	0.131000	0.089400	0.091500	0.104300	0.121400	0.131500	0.120500	0.142900	0.071000	0.149700
783330.7	0.129500	0.132900	0.128700	0.128000	0.120400	0.123700	0.115800	0.095700	0.122600	0.098200	0.114200	0.114700	0.108700	0.106200	0.133400	0.088900	0.089800	0.104600	0.121100	0.133700	0.123300	0.145300	0.069500	0.148700
788288.5	0.130700	0.133300	0.129200	0.128500	0.120300	0.124200	0.117800	0.095200	0.123400	0.097600	0.114500	0.114700	0.108800	0.106200	0.134600	0.087500	0.089600	0.104200	0.120400	0.135800	0.126000	0.147400	0.070800	0.148100
793246.3	0.130200	0.133400	0.128700	0.128600	0.120500	0.124200	0.117300	0.094700	0.123300	0.097600	0.114400	0.113700	0.108700	0.106100	0.133700	0.087500	0.088500	0.104400	0.120100	0.135300	0.125500	0.147600	0.068100	0.147300
798204.0	0.130400	0.133500	0.129200	0.128100	0.120500	0.124600	0.117400	0.095300	0.123600	0.098400	0.114000	0.114400	0.108900	0.105900	0.134300	0.087100	0.089200	0.104300	0.120300	0.136400	0.125400	0.147700	0.069900	0.147800
803161.8	0.130100	0.132500	0.128100	0.127700	0.119800	0.123800	0.116900	0.096100	0.123900	0.098200	0.114000	0.115400	0.108300	0.105500	0.133500	0.088700	0.090500	0.103800	0.120300	0.133400	0.122600	0.144800	0.070000	0.148700
808119.6	0.131200	0.135200	0.130100	0.128800	0.120900	0.125500	0.119200	0.096000	0.123300	0.098200	0.115200	0.115300	0.109400	0.106100	0.135800	0.087500	0.090000	0.104600	0.120600	0.136900	0.126800	0.149700	0.070100	0.148300
813077.4	0.131300	0.134600	0.129800	0.128900	0.120600	0.124700	0.118400	0.095100	0.123700	0.098100	0.115000	0.114600	0.108900	0.105800	0.134900	0.088300	0.089900	0.105000	0.120900	0.135800	0.125300	0.147000	0.069700	0.147500
818035.2	0.130800	0.133200	0.128800	0.127700	0.119500	0.123700	0.116700	0.095700	0.123500	0.098400	0.114200	0.114500	0.108100	0.105200	0.135100	0.089000	0.090900	0.103700	0.119700	0.134400	0.123200	0.146500	0.071400	0.147300
822993.0	0.130800	0.132600	0.128500	0.127400	0.119500	0.123400	0.115400	0.096500	0.124400	0.099100	0.114100	0.115200	0.107900	0.105200	0.135000	0.090200	0.091200	0.103800	0.120200	0.131700	0.120700	0.143700	0.072700	0.147800
827950.8	0.129700	0.131200	0.127700	0.127900	0.119100	0.122100	0.112800	0.098500	0.125500	0.100400	0.114700	0.116800	0.107900	0.105100	0.133300	0.092700	0.093500	0.103900	0.120700	0.126900	0.115800	0.137800	0.073900	0.149600
832908.6	0.130800	0.132800	0.128500	0.128000	0.119900	0.123500	0.115400	0.096700	0.124600	0.098800	0.114300	0.115100	0.108000	0.105100	0.135700	0.089600	0.091900	0.103900	0.120100	0.131500	0.121200	0.142900	0.071400	0.148100
837866.4	0.132300	0.134000	0.129700	0.128800	0.120200	0.124600	0.117900	0.094800	0.123300	0.097900	0.114600	0.114600	0.108900	0.105800	0.136900	0.087100	0.089000	0.104800	0.119900	0.135400	0.124300	0.147300	0.068000	0.147000
842824.1	0.131100	0.132200	0.128600	0.128200	0.119800	0.123300	0.115400	0.096600	0.125200	0.099000	0.115000	0.116000	0.108500	0.105200	0.135300	0.088700	0.091100	0.104600	0.120100	0.130400	0.120000	0.142000	0.070500	0.148000
847781.9	0.131500	0.133100	0.129000	0.128200	0.119600	0.123600	0.117100	0.096700	0.124000	0.098900	0.115200	0.116100	0.108100	0.105200	0.136300	0.090300	0.091800	0.104400	0.120400	0.134200	0.123200	0.145100	0.071700	0.148100
852739.7	0.132100	0.134600	0.129500	0.128600	0.120100	0.124900	0.118900	0.096000	0.123600	0.098700	0.115200	0.115300	0.109000	0.105100	0.137400	0.088300	0.090800	0.104400	0.120100	0.136300	0.125200	0.148100	0.070100	0.147300
857697.5	0.132700	0.135300	0.130400	0.129000	0.120600	0.125200	0.119300	0.096300	0.124600	0.098700	0.115700	0.115900	0.108900	0.105600	0.136900	0.088500	0.090200	0.104800	0.120500	0.135900	0.125300	0.147200	0.070300	0.147700
862655.3	0.130700	0.133700	0.129300	0.128500	0.119500	0.124200	0.115900	0.096200	0.124900	0.099200	0.115500	0.115700	0.108400	0.105300	0.136200	0.088300	0.091100	0.105000	0.120900	0.132300	0.121100	0.143800	0.069900	0.147200
867613.1	0.132200	0.134300	0.129500	0.128500	0.119900	0.124300	0.117500	0.096100	0.125200	0.098600	0.115300	0.115800	0.108600	0.105200	0.137200	0.088800	0.090600	0.104700	0.120600	0.134300	0.122500	0.145700	0.069500	0.147100
872570.9	0.133300	0.135900	0.130400	0.129600	0.120500	0.125300	0.119400	0.095600	0.124900	0.099000	0.115800	0.115500	0.108900	0.105500	0.139000	0.088200	0.090700	0.105400	0.120500	0.137100	0.126700	0.148600	0.068500	0.147400
877528.7	0.133500	0.135500	0.129600	0.129100	0.120000	0.125100	0.118900	0.095400	0.125400	0.098000	0.115800	0.115000	0.108500	0.105000	0.138700	0.087600	0.089500	0.104900	0.120300	0.136600	0.124900	0.148800	0.067800	0.146100
882486.5	0.132600	0.134500	0.129500	0.128100	0.119800	0.124500	0.118200	0.096200	0.124800	0.099100	0.115300	0.115800	0.108100	0.105100	0.137700	0.088100	0.090500	0.105000	0.120100	0.134100	0.123500	0.145900	0.069300	0.147500
887444.2	0.132400	0.133700	0.129100	0.128300	0.119300	0.124000	0.116800	0.096900	0.126400	0.099300	0.115300	0.116000	0.108200	0.104800	0.137200	0.090000	0.091200	0.105200	0.120700	0.132700	0.120800	0.143200	0.070700	0.148000
892402.0	0.131700	0.133500	0.129400	0.128100	0.119500	0.123700	0.116300	0.097600	0.126600	0.099800	0.116000	0.116200	0.108200	0.104900	0.136500	0.090500	0.091900	0.105200	0.120500	0.131400	0.119500	0.141300	0.070300	0.147900
897359.8	0.132700	0.133800	0.128700	0.127800	0.119500	0.123700	0.117100	0.098400	0.126200	0.100600	0.114800	0.116700	0.107700	0.104600	0.138000	0.091000	0.092900	0.104900	0.120800	0.132700	0.121600	0.143700	0.074000	0.148500
902317.6	0.132000	0.133300	0.129700	0.129000	0.119900	0.123600	0.115400	0.098200	0.127000	0.100100	0.115800	0.116200	0.107900	0.104700	0.136400	0.091200	0.092600	0.105300	0.120700	0.129800	0.118000	0.140300	0.070900	0.147900
907275.4	0.133200	0.135300	0.129900	0.128900	0.120200	0.124700	0.119200	0.096300	0.125200	0.098300	0.115300	0.115300	0.108400	0.104900	0.138900	0.087600	0.090700	0.104700	0.119800	0.135800	0.124500	0.147100	0.069900	0.146300
912233.2	0.133600	0.135400	0.130300	0.128400	0.120100	0.125400	0.119900	0.096400	0.125100	0.099000	0.115200	0.115200	0.108400	0.105000	0.140700	0.088800	0.090400	0.105000	0.120100	0.136900	0.126100	0.147900	0.070700	0.146800
917191.0	0.133800	0.134900	0.130500	0.128900	0.119900	0.125300	0.118800	0.097200	0.125600	0.099300	0.115400	0.115600	0.108200	0.105000	0.139000	0.087900	0.091000	0.105300	0.120200	0.135300	0.123700	0.146600	0.070400	0.147300
922148.8	0.132900	0.134800	0.130300	0.129300	0.119700	0.124000	0.117500	0.096900	0.125900	0.099500	0.115600	0.115600	0.107800	0.104600	0.138900	0.089800	0.091700	0.105100	0.120400	0.134100	0.122600	0.144200	0.069000	0.147000
927106.5	0.131700	0.132500	0.128900	0.127900	0.118500	0.123100	0.115500	0.097800	0.126800	0.099900	0.114500	0.115900	0.107200	0.104100	0.137300	0.091700	0.092600	0.104300	0.119800	0.130500	0.119000	0.139500	0.072000	0.148000
932064.3	0.134100	0.135500	0.130500	0.129000	0.120200	0.125100	0.119300	0.096900	0.125600	0.099100	0.115500	0.115200	0.108500	0.105100	0.139800	0.088100	0.090900	0.105000	0.120600	0.136400	0.125400	0.146700	0.068900	0.147100
937022.1	0.132500	0.132900	0.129400	0.128200	0.118900	0.122900	0.115800	0.098700	0.126700	0.100300	0.114800	0.115700	0.107700	0.104100	0.138200	0.091400	0.092100	0.104800	0.119800	0.130700	0.118500	0.140000	0.071500	0.147700
941979.9	0.132800	0.132500	0.128900	0.127300	0.118700	0.123600	0.115900	0.097400	0.126000	0.099700	0.114400	0.115700	0.107600	0.104100	0.137900	0.091300	0.092100	0.104200	0.119600	0.131800	0.119600	0.140500	0.072600	0.147600
946937.7	0.132700	0.133100	0.129600	0.127900	0.119300	0.123400	0.116100	0.097700	0.126500	0.099400	0.114800	0.115500	0.107700	0.104500	0.137700	0.089700	0.091500	0.104500	0.120100	0.130900	0.119600	0.141000	0.069900	0.147200
951895.5	0.133800	0.134800	0.130500	0.128900	0.119600	0.124500	0.118400	0.096200	0.124500	0.099100	0.114800	0.114500	0.108100	0.104700	0.139700	0.087000	0.090400	0.104100	0.119500	0.135800	0.124700	0.146000	0.067900	0.146200
956853.3	0.133700	0.134800	0.130700	0.128700	0.119400	0.124700	0.119500	0.095600	0.124400	0.097700	0.114600	0.114000	0.108100	0.104200	0.140000	0.086600	0.089600	0.104400	0.118600	0.136100	0.124600	0.146000	0.069100	0.145500
961811.1	0.133900	0.134800	0.130500	0.128700	0.119400	0.124600	0.118700	0.097100	0.125800	0.098900	0.114800	0.114900	0.108200	0.104700	0.140000	0.088600	0.090200	0.104800	0.119300	0.135600	0.124000	0.145700	0.069900	0.146900
966768.9	0.132600	0.132400	0.129800	0.128200	0.118800	0.123400	0.116700	0.095600	0.125400	0.097900	0.114300	0.113500	0.107500	0.104000	0.137900	0.086500	0.089300	0.104000	0.118300	0.133200	0.121400	0.143300	0.067500	0.145300
971726.6	0.133700	0.133800	0.130000	0.128800	0.119300	0.124300	0.116800	0.096300	0.124600	0.098400	0.114200	0.114000	0.107800	0.104100	0.139000	0.089100	0.090300	0.103400	0.118100	0.134100	0.122600	0.142900	0.068900	0.145500
976684.4	0.132900	0.133600	0.130700	0.128700	0.119200	0.123900	0.117200	0.096600	0.124700	0.098800	0.114500	0.114500	0.108000	0.104400	0.138200	0.088400	0.091100	0.104200	0.118300	0.133100	0.122100	0.143300	0.069300	0.146400
981642.2	0.133600	0.134100	0.130500	0.128800	0.119400	0.124700	0.118700	0.095400	0.123800	0.097300	0.113900	0.112800	0.108000	0.104300	0.139100	0.085600	0.088500	0.103900	0.118400	0.135800	0.124600	0.146200	0.066900	0.145200
986600.0	0.132400	0.132200	0.129700	0.127500	0.118300	0.122900	0.117200	0.096200	0.123700	0.098200	0.113400	0.114300	0.107300	0.103800	0.138000	0.089000	0.090500	0.103300	0.117800	0.132800	0.121300	0.141500	0.070700	0.146400
991557.8	0.134200	0.134300	0.130400	0.127700	0.119100	0.124900	0.120800	0.094000	0.121600	0.096400	0.113300	0.111900	0.107900	0.104100	0.140100	0.084900	0.087500	0.103500	0.116300	0.138500	0.128300	0.148500	0.067300	0.144000
996515.6	0.132300	0.133300	0.130600	0.128400	0.119100	0.124000	0.117900	0.095300	0.123000	0.097500	0.113700	0.113300	0.107800	0.104000	0.138100	0.086900	0.089100	0.103500	0.117900	0.134000	0.121900	0.142600	0.069100	0.145300
1001473.4	0.132800	0.132800	0.130000	0.127600	0.118800	0.124100	0.117900	0.094900	0.122600	0.097100	0.114000	0.113500	0.108000	0.104400	0.138400	0.085900	0.087700	0.103500	0.117900	0.134700	0.123700	0.143600	0.067600	0.145300
1006431.2	0.132200	0.131500	0.129600	0.127600	0.118500	0.122900	0.116400	0.095400	0.122600	0.097300	0.113100	0.113000	0.107100	0.104000	0.137000	0.087400	0.089400	0.103200	0.117100	0.133300	0.121900	0.142300	0.068100	0.145300
1011389.0	0.130500	0.130100	0.128800	0.127500	0.117700	0.122100	0.114500	0.096200	0.122700	0.097100	0.113100	0.113200	0.106800	0.103400	0.135300	0.088000	0.089500	0.102600	0.117000	0.130400	0.118600	0.138800	0.069200	0.145100
1016346.7	0.131500	0.129700	0.128900	0.127200	0.117700	0.121900	0.115600	0.095900	0.123000	0.097600	0.112600	0.113800	0.106700	0.103400	0.136100	0.088700	0.090200	0.102300	0.116700	0.130200	0.118900	0.138600	0.070900	0.145800
1021304.5	0.131500	0.131000	0.128900	0.126700	0.117500	0.122900	0.115800	0.094200	0.121600	0.096200	0.112900	0.112100	0.107200	0.103600	0.136800	0.087100	0.089100	0.102300	0.115800	0.132600	0.121800	0.140400	0.067800	0.144100
1026262.3	0.130300	0.130000	0.128900	0.126700	0.117400	0.122000	0.115100	0.094600	0.121300	0.096400	0.112500	0.111400	0.106800	0.103300	0.136300	0.086300	0.088300	0.101900	0.116100	0.131100	0.119100	0.138400	0.067200	0.143900
1031220.1	0.129500	0.128200	0.127800	0.125600	0.116300	0.119700	0.111300	0.097300	0.122800	0.098700	0.111900	0.114200	0.106000	0.102500	0.133600	0.091000	0.092500	0.101600	0.116700	0.126200	0.115000	0.134000	0.074900	0.147200
1036177.9	0.131300	0.130100	0.129100	0.126500	0.117500	0.122600	0.116000	0.095100	0.120700	0.096400	0.111800	0.111800	0.106800	0.103500	0.136200	0.086600	0.089100	0.101900	0.115700	0.131900	0.121700	0.139500	0.068600	0.144400
1041135.7	0.132000	0.130700	0.129500	0.126400	0.117400	0.122600	0.117000	0.092800	0.119800	0.094600	0.111900	0.110600	0.106700	0.103300	0.136700	0.084100	0.085300	0.101500	0.115000	0.134000	0.123400	0.141900	0.065800	0.142700
1046093.5	0.130000	0.127900	0.127400	0.126000	0.116000	0.119800	0.111300	0.095700	0.120700	0.096900	0.111300	0.112200	0.105500	0.102100	0.133600	0.089400	0.089900	0.100700	0.115700	0.125700	0.115100	0.132700	0.071300	0.144800
1051051.3	0.129600	0.127800	0.128300	0.126800	0.116700	0.120500	0.111900	0.095000	0.121100	0.095400	0.111800	0.111400	0.106000	0.103000	0.133200	0.087300	0.088100	0.101200	0.115200	0.126500	0.115200	0.133000	0.067200	0.143800
1056009.1	0.128500	0.126600	0.127500	0.125800	0.115700	0.119100	0.110300	0.095100	0.121100	0.095800	0.111100	0.111200	0.105600	0.102400	0.131600	0.087900	0.088100	0.100400	0.114800	0.123700	0.113000	0.129900	0.067400	0.144200
1060966.8	0.129500	0.127700	0.128300	0.125900	0.116200	0.119400	0.112100	0.094800	0.120000	0.095600	0.110700	0.111100	0.105500	0.101800	0.133700	0.086700	0.087900	0.100400	0.114700	0.128000	0.117800	0.134200	0.069000	0.143600
1065924.6	0.126800	0.124500	0.126600	0.125300	0.115100	0.117500	0.107900	0.096600	0.121000	0.097300	0.110400	0.112200	0.104500	0.101500	0.130000	0.090700	0.090400	0.100300	0.114800	0.121500	0.110200	0.126600	0.073100	0.145500
1070882.4	0.127900	0.125300	0.127200	0.125200	0.115500	0.118900	0.110700	0.095100	0.119700	0.095600	0.110300	0.111100	0.104900	0.101800	0.132200	0.087700	0.088200	0.099900	0.114300	0.125400	0.114100	0.130900	0.070200	0.144000
1075840.2	0.128800	0.126900	0.127900	0.125600	0.115800	0.120100	0.112800	0.093000	0.117800	0.093800	0.110700	0.109700	0.105500	0.102300	0.132800	0.084500	0.086000	0.100700	0.114000	0.128800	0.117600	0.135200	0.065400	0.142500
1080798.0	0.128300	0.126500	0.127800	0.125400	0.115800	0.119800	0.112300	0.094100	0.118500	0.095300	0.110900	0.111000	0.105600	0.102300	0.131600	0.086800	0.087500	0.100600	0.114700	0.125500	0.114700	0.131300	0.069700	0.144100
1085755.8	0.127500	0.126500	0.128100	0.125800	0.116000	0.119300	0.110800	0.095400	0.119200	0.095800	0.110400	0.110800	0.105300	0.102100	0.131400	0.087400	0.087800	0.100200	0.114100	0.125100	0.114500	0.131300	0.070000	0.143900
1090713.6	0.128200	0.127500	0.128400	0.125600	0.116200	0.120400	0.113000	0.092400	0.118000	0.093800	0.110200	0.108800	0.105400	0.102000	0.132600	0.083100	0.085000	0.100100	0.113300	0.129500	0.119300	0.134800	0.066100	0.141800
1095671.4	0.128400	0.125900	0.127800	0.125500	0.115300	0.119400	0.112100	0.093600	0.118400	0.094400	0.109500	0.109000	0.105400	0.101700	0.132200	0.084700	0.085800	0.099800	0.113400	0.127700	0.116500	0.133800	0.067200	0.142300
1100629.1	0.127700	0.125200	0.127800	0.125100	0.115400	0.119400	0.111800	0.093300	0.117600	0.094200	0.110200	0.109000	0.105400	0.102000	0.132100	0.084200	0.086100	0.099800	0.113400	0.127100	0.115500	0.132200	0.066900	0.142600
1105586.9	0.127900	0.125300	0.127700	0.125400	0.115200	0.119300	0.111600	0.094100	0.118500	0.094400	0.110000	0.109500	0.105500	0.101900	0.131300	0.085300	0.086300	0.099800	0.113900	0.126000	0.114700	0.131100	0.067900	0.143500
1110544.7	0.127000	0.124900	0.127600	0.124900	0.115500	0.119000	0.110900	0.093700	0.117900	0.094200	0.109400	0.108900	0.105300	0.101500	0.130800	0.084100	0.086100	0.099800	0.113300	0.124800	0.113300	0.129200	0.067500	0.142700
1115502.5	0.126800	0.124600	0.127600	0.125200	0.115100	0.118000	0.108800	0.093700	0.118400	0.094300	0.109100	0.108900	0.104800	0.101700	0.130400	0.085800	0.086600	0.099500	0.113000	0.122200	0.110800	0.126100	0.067800	0.142800
1120460.3	0.126800	0.125300	0.127600	0.125100	0.115200	0.118400	0.110500	0.092700	0.116600	0.093900	0.108400	0.107800	0.104400	0.101500	0.131000	0.084100	0.085600	0.099100	0.112600	0.124400	0.115000	0.130100	0.067400	0.142400
1125418.1	0.127500	0.125800	0.128200	0.125500	0.115600	0.118300	0.109700	0.094000	0.118100	0.095200	0.109000	0.108600	0.104900	0.101800	0.131100	0.086000	0.087000	0.099100	0.113100	0.123900	0.113900	0.128100	0.069200	0.143400
1130375.9	0.126500	0.123500	0.127400	0.124900	0.114900	0.116800	0.107600	0.094100	0.117300	0.094400	0.108400	0.108100	0.104200	0.101100	0.130900	0.085500	0.086500	0.098900	0.112700	0.121300	0.111100	0.125300	0.068200	0.142500
1135333.7	0.126800	0.123900	0.127100	0.124600	0.114900	0.117500	0.108100	0.092700	0.116500	0.093400	0.107600	0.106400	0.104000	0.101200	0.130600	0.084300	0.086000	0.098700	0.111500	0.122000	0.112400	0.125400	0.067700	0.141400
1140291.5	0.125600	0.122400	0.126800	0.124800	0.114700	0.116600	0.107000	0.092100	0.116000	0.093100	0.107900	0.106400	0.103900	0.101400	0.130800	0.083700	0.084500	0.098700	0.111400	0.121000	0.112000	0.123800	0.066500	0.140900
1145249.2	0.125600	0.122300	0.126600	0.124600	0.114600	0.116700	0.105700	0.092400	0.115100	0.092800	0.107500	0.106400	0.103900	0.101600	0.130300	0.083300	0.084200	0.098400	0.111300	0.119900	0.111200	0.122600	0.066400	0.141200
1150207.0	0.123600	0.119300	0.125400	0.124100	0.113600	0.113400	0.101100	0.092700	0.114900	0.093500	0.106400	0.106600	0.102700	0.100700	0.128100	0.085400	0.086200	0.097500	0.110900	0.115900	0.107200	0.116900	0.070700	0.141900
1155164.8	0.121500	0.116700	0.124300	0.123200	0.112700	0.112600	0.098800	0.091100	0.113200	0.091800	0.105700	0.105000	0.102600	0.100200	0.125500	0.084400	0.083800	0.096800	0.109700	0.114900	0.106700	0.115500	0.066400	0.140100
1160122.6	0.120500	0.115300	0.123600	0.122900	0.112400	0.112000	0.098100	0.092900	0.114100	0.093100	0.106300	0.106900	0.102700	0.100100	0.123800	0.086100	0.085600	0.096800	0.110000	0.114500	0.105400	0.114600	0.070300	0.142100
1165080.4	0.119900	0.115000	0.124400	0.122700	0.112700	0.113400	0.100400	0.091300	0.112700	0.091600	0.106100	0.105500	0.103000	0.100700	0.123800	0.082400	0.083800	0.096500	0.109500	0.118100	0.110200	0.119100	0.067200	0.140400
1170038.2	0.118900	0.114700	0.124500	0.122700	0.112800	0.113500	0.100900	0.091400	0.112400	0.091700	0.106600	0.105900	0.103100	0.100700	0.120800	0.083600	0.084400	0.097000	0.110100	0.118300	0.110500	0.119400	0.067100	0.141000
1174996.0	0.117100	0.115100	0.123800	0.122200	0.112600	0.113800	0.101700	0.091200	0.111200	0.091900	0.107000	0.106500	0.103100	0.100300	0.119000	0.083900	0.084400	0.096600	0.110000	0.118500	0.110600	0.120000	0.069300	0.141300
1179953.8	0.137900	0.137200	0.133100	0.130100	0.120100	0.127000	0.122200	0.102100	0.132600	0.103800	0.117000	0.118200	0.109000	0.104800	0.146400	0.094200	0.097300	0.106100	0.122900	0.135700	0.124000	0.142100	0.074800	0.148100
1184911.5	0.138800	0.139600	0.134300	0.130100	0.120800	0.128700	0.125300	0.101500	0.132600	0.103800	0.117100	0.118600	0.109600	0.104600	0.148100	0.092100	0.096800	0.106400	0.123200	0.139300	0.126900	0.147000	0.071800	0.146900
1189869.3	0.141000	0.141400	0.134100	0.130100	0.120300	0.130100	0.127600	0.103200	0.133000	0.105900	0.117400	0.122000	0.109800	0.104800	0.147300	0.095800	0.099600	0.107200	0.124000	0.140600	0.128000	0.148100	0.074500	0.151200
1194827.1	0.140900	0.141500	0.133000	0.129100	0.120000	0.130400	0.126700	0.100300	0.132200	0.103800	0.116700	0.120400	0.109000	0.103700	0.148200	0.092400	0.096900	0.107100	0.123200	0.142100	0.130700	0.151700	0.072100	0.147800
1199784.9	0.141200	0.143200	0.132900	0.128400	0.119600	0.130700	0.127300	0.099900	0.131700	0.103300	0.116500	0.119600	0.109100	0.103200	0.147800	0.094500	0.097700	0.106400	0.123600	0.141900	0.130100	0.150600	0.073000	0.146400
1204742.7	0.138300	0.140400	0.131700	0.128000	0.118600	0.128000	0.123000	0.101800	0.132800	0.104800	0.116500	0.120300	0.108200	0.102700	0.144100	0.096100	0.097900	0.106500	0.123700	0.135100	0.122900	0.143100	0.074700	0.146600
1209700.5	0.138900	0.142500	0.132100	0.128100	0.119600	0.128700	0.123100	0.100600	0.133000	0.105100	0.116600	0.120300	0.108500	0.102100	0.144900	0.097200	0.098200	0.106600	0.123800	0.136500	0.124500	0.144400	0.074000	0.145700
1214658.3	0.138200	0.141200	0.131300	0.127400	0.118700	0.128800	0.121500	0.103100	0.134300	0.106000	0.117100	0.121200	0.108800	0.102100	0.142000	0.098900	0.099600	0.107100	0.124700	0.133600	0.120000	0.140100	0.076100	0.147000
1219616.1	0.140000	0.144700	0.133000	0.128800	0.119900	0.130900	0.127000	0.100000	0.132000	0.103800	0.117000	0.119800	0.110000	0.102800	0.145500	0.093900	0.095600	0.107800	0.123100	0.139900	0.127400	0.147000	0.071800	0.144500
1224573.9	0.137600	0.141600	0.130800	0.127000	0.117700	0.129000	0.122600	0.101200	0.132900	0.104200	0.116600	0.120200	0.109700	0.102000	0.143200	0.097200	0.097500	0.107200	0.123900	0.134300	0.120200	0.140700	0.073100	0.145100
1229531.6	0.139800	0.144700	0.132400	0.128500	0.119600	0.131100	0.126200	0.099700	0.130800	0.103600	0.117300	0.119200	0.111300	0.103000	0.144500	0.094900	0.097600	0.107700	0.123700	0.140400	0.128100	0.147100	0.072200	0.144600
1234489.4	0.186400	0.159500	0.167100	0.142200	0.146200	0.165600	0.144700	0.126700	0.172800	0.129500	0.131900	0.131500	0.136600	0.117500	0.206900	0.116700	0.132400	0.127600	0.137100	0.192900	0.181300	0.177300	0.090100	0.157100
1239447.2	0.303900	0.193700	0.236400	0.167200	0.202500	0.239900	0.182300	0.183100	0.279600	0.204900	0.173800	0.160000	0.187400	0.149000	0.349700	0.175800	0.180600	0.173700	0.172400	0.304100	0.283700	0.227100	0.139000	0.189300
1244405.0	0.374200	0.247900	0.273400	0.191100	0.237100	0.287800	0.214400	0.212800	0.332700	0.254600	0.214500	0.188900	0.215700	0.185000	0.400300	0.215600	0.197400	0.217900	0.207400	0.356000	0.321500	0.254400	0.178100	0.218500
1249362.8	0.399400	0.365500	0.283500	0.210400	0.253200	0.306400	0.236800	0.224600	0.354200	0.274300	0.239300	0.209600	0.227100	0.205200	0.425400	0.234400	0.208800	0.237400	0.226600	0.375300	0.336300	0.272800	0.201900	0.231600
1254320.6	0.420500	0.445400	0.290300	0.232400	0.264200	0.321300	0.257200	0.229900	0.366400	0.280600	0.255000	0.222600	0.236000	0.219300	0.452700	0.242600	0.214000	0.252300	0.236000	0.408300	0.365300	0.308100	0.218000	0.239100
1259278.4	0.435200	0.481900	0.297800	0.250300	0.275300	0.331100	0.271200	0.230600	0.373800	0.284200	0.266500	0.228400	0.242600	0.229700	0.465200	0.242700	0.213300	0.265900	0.243700	0.433300	0.384900	0.337700	0.215300	0.242300
1264236.2	0.440700	0.487600	0.295000	0.257900	0.277200	0.334200	0.273000	0.233900	0.385700	0.290000	0.273400	0.231200	0.244900	0.235200	0.472400	0.246100	0.217100	0.276400	0.248700	0.439400	0.389800	0.349700	0.226500	0.246200
1269194.0	0.443500	0.490500	0.294200	0.261800	0.279500	0.334200	0.271900	0.239700	0.393500	0.296000	0.279400	0.236500	0.246700	0.239100	0.471800	0.256800	0.225400	0.284000	0.253500	0.438100	0.387500	0.356900	0.238700	0.252000
1274151.7	0.458100	0.502200	0.302700	0.266900	0.284700	0.347300	0.286100	0.235400	0.400600	0.294500	0.287000	0.236400	0.252100	0.244600	0.486300	0.247500	0.221400	0.289500	0.248200	0.465700	0.412300	0.387900	0.227000	0.250600
1279109.5	0.461600	0.505400	0.306100	0.270800	0.287000	0.349000	0.285100	0.241300	0.404800	0.301200	0.296700	0.238000	0.256100	0.248000	0.487200	0.253800	0.228000	0.294700	0.249600	0.467000	0.412700	0.392200	0.230100	0.255300
1284067.3	0.465000	0.505000	0.308300	0.274200	0.287800	0.352000	0.285400	0.239800	0.403600	0.301400	0.300800	0.235800	0.257300	0.250300	0.492600	0.248300	0.222300	0.296700	0.249300	0.476400	0.421700	0.407300	0.225200	0.253700
1289025.1	0.466500	0.502700	0.306800	0.274900	0.287200	0.352500	0.286600	0.243500	0.410300	0.305700	0.305200	0.237300	0.257200	0.252100	0.489400	0.252200	0.223600	0.298900	0.250300	0.470100	0.415400	0.400700	0.228900	0.255800
1293982.9	0.469000	0.499800	0.306900	0.270800	0.288300	0.353100	0.289400	0.248100	0.413800	0.307600	0.306300	0.237800	0.258200	0.253300	0.491300	0.257500	0.228300	0.299000	0.251000	0.469700	0.417200	0.403600	0.235800	0.258300
1298940.7	0.472100	0.504600	0.309800	0.271100	0.292400	0.356400	0.289100	0.246400	0.411400	0.305400	0.314100	0.240000	0.261700	0.257000	0.494100	0.257800	0.229300	0.301000	0.252800	0.475300	0.421000	0.406800	0.237100	0.260300
1303898.5	0.474800	0.500500	0.308300	0.270900	0.293300	0.356000	0.281600	0.245200	0.413200	0.306000	0.320400	0.241200	0.261900	0.260400	0.499600	0.255400	0.224800	0.304700	0.260900	0.481700	0.426700	0.410500	0.231800	0.261800
1308856.3	0.478500	0.501100	0.309000	0.270500	0.295100	0.356100	0.289300	0.251700	0.418500	0.315700	0.324400	0.240800	0.263500	0.261600	0.501700	0.262200	0.238900	0.307700	0.269900	0.477400	0.427600	0.406700	0.248900	0.266100
1313814.0	0.482000	0.507700	0.311200	0.271200	0.294500	0.360900	0.298000	0.245600	0.414600	0.310800	0.328000	0.237700	0.266900	0.265900	0.509600	0.248700	0.229500	0.311700	0.275000	0.491800	0.440400	0.416900	0.228800	0.262700
1318771.8	0.481300	0.503700	0.310600	0.270200	0.293400	0.360400	0.297200	0.250400	0.418300	0.316700	0.326900	0.239600	0.266900	0.267300	0.511800	0.258300	0.236600	0.314000	0.278200	0.481700	0.436600	0.407700	0.243800	0.266800
1323729.6	0.477700	0.497000	0.308000	0.272600	0.293700	0.357600	0.293700	0.251900	0.417200	0.319100	0.328800	0.241500	0.269100	0.270000	0.505300	0.260100	0.238300	0.314300	0.281500	0.470900	0.419500	0.394200	0.238200	0.268300
1328687.4	0.486300	0.500900	0.311500	0.273800	0.296700	0.361500	0.301500	0.251100	0.413300	0.317300	0.332800	0.239000	0.272200	0.273700	0.516300	0.255100	0.237000	0.316000	0.281100	0.483000	0.436200	0.407400	0.235500	0.267200
1333645.2	0.489200	0.503000	0.311200	0.271400	0.299300	0.363200	0.305400	0.249800	0.411400	0.316100	0.336500	0.239600	0.273500	0.276800	0.519300	0.255600	0.237800	0.316600	0.282100	0.491100	0.443700	0.415400	0.235300	0.268400
1338603.0	0.493900	0.506700	0.315200	0.270800	0.301600	0.366700	0.309800	0.250700	0.412300	0.318200	0.341300	0.240600	0.275600	0.282100	0.524600	0.258700	0.241300	0.319600	0.283900	0.493700	0.447400	0.415400	0.240700	0.270100
1343560.8	0.497700	0.510800	0.319000	0.272600	0.303100	0.369400	0.308800	0.248900	0.416000	0.319600	0.346000	0.242400	0.278300	0.285800	0.526000	0.257200	0.240200	0.321300	0.286000	0.496000	0.452100	0.415400	0.242300	0.272300
1348518.6	0.464400	0.485100	0.287100	0.259500	0.279600	0.342500	0.287200	0.229800	0.371100	0.294500	0.327900	0.231900	0.260600	0.274600	0.484000	0.235600	0.222100	0.306900	0.269200	0.470100	0.427000	0.388200	0.226100	0.259400
1353476.4	0.386700	0.449500	0.244200	0.234200	0.238200	0.292100	0.258700	0.192600	0.277500	0.235100	0.278600	0.207900	0.225800	0.246600	0.394600	0.197600	0.182900	0.267200	0.235100	0.435000	0.390400	0.353200	0.186900	0.230300
1358434.1	0.318700	0.412400	0.219000	0.215700	0.213500	0.255200	0.231800	0.175200	0.232700	0.205200	0.238400	0.194000	0.202000	0.222800	0.325300	0.182800	0.164800	0.230400	0.216500	0.394500	0.337100	0.312100	0.167100	0.215800
1363391.9	0.275400	0.376800	0.203000	0.202900	0.197900	0.232400	0.215300	0.159600	0.202100	0.182800	0.211700	0.180300	0.186600	0.204700	0.279100	0.164300	0.147200	0.203400	0.203500	0.367800	0.302200	0.284500	0.143400	0.202200
1368349.7	0.247300	0.353700	0.192900	0.193200	0.187000	0.217700	0.206000	0.151000	0.186800	0.170800	0.193000	0.172700	0.175000	0.190700	0.253200	0.155800	0.138800	0.185300	0.195700	0.349100	0.274900	0.267900	0.133300	0.193900
1373307.5	0.221600	0.320800	0.181200	0.183100	0.175300	0.201000	0.191100	0.144900	0.173800	0.160600	0.176800	0.166500	0.163700	0.178300	0.225900	0.152700	0.135100	0.168700	0.187800	0.314700	0.236600	0.239300	0.129800	0.189500
1378265.3	0.205700	0.298500	0.173100	0.175900	0.167100	0.190200	0.184100	0.137400	0.165100	0.150500	0.165300	0.159800	0.156100	0.169300	0.210300	0.145200	0.127600	0.158000	0.180600	0.298200	0.221100	0.228300	0.118600	0.182700
1383223.1	0.196600	0.288600	0.169200	0.170800	0.162200	0.185700	0.186200	0.127800	0.155600	0.140100	0.157000	0.152700	0.150800	0.162400	0.204500	0.133200	0.118600	0.149100	0.173100	0.299300	0.223400	0.233700	0.108900	0.175100
1388180.9	0.185800	0.273300	0.164100	0.164900	0.155900	0.177300	0.178100	0.123600	0.152300	0.134200	0.150300	0.148200	0.145800	0.155800	0.194400	0.127600	0.114700	0.143100	0.168500	0.282000	0.208700	0.221500	0.101400	0.171200
1393138.7	0.177400	0.258200	0.158900	0.159500	0.150500	0.169900	0.170200	0.120600	0.149300	0.130700	0.145400	0.145200	0.141200	0.150400	0.186800	0.124300	0.111700	0.138300	0.164700	0.263700	0.196200	0.208500	0.098700	0.168800
1398096.5	0.172100	0.249600	0.155500	0.155200	0.147200	0.164700	0.166900	0.117600	0.147000	0.126500	0.141700	0.141900	0.137700	0.146400	0.181700	0.121200	0.109900	0.133900	0.160800	0.253700	0.188200	0.203200	0.093400	0.165500
1403054.2	0.166900	0.240000	0.152500	0.151600	0.143400	0.160600	0.163400	0.116300	0.145200	0.125000	0.138000	0.140100	0.134200	0.141800	0.177100	0.122600	0.110500	0.130400	0.158100	0.243300	0.181700	0.197700	0.095400	0.164300
1408012.0	0.164100	0.234000	0.150300	0.149600	0.141300	0.157200	0.161500	0.113500	0.143700	0.122100	0.135700	0.137500	0.132600	0.139200	0.174700	0.117100	0.106800	0.128200	0.154500	0.239500	0.178700	0.194800	0.090700	0.161600
1412969.8	0.160300	0.228300	0.148300	0.146500	0.139200	0.154500	0.157500	0.110000	0.143500	0.119400	0.134200	0.134900	0.130200	0.136400	0.171600	0.115100	0.103400	0.126500	0.151800	0.230100	0.173200	0.189400	0.086300	0.159100
1417927.6	0.156900	0.218900	0.144900	0.143500	0.136100	0.149700	0.150200	0.112400	0.142900	0.120500	0.131700	0.136200	0.127800	0.133700	0.167000	0.117400	0.106900	0.124100	0.150600	0.216500	0.162400	0.179100	0.091500	0.160400
1422885.4	0.155600	0.217200	0.144100	0.142800	0.135100	0.148900	0.150800	0.109900	0.141200	0.117700	0.130300	0.132700	0.126800	0.131500	0.166000	0.115200	0.104200	0.122600	0.147200	0.217300	0.164600	0.179500	0.086200	0.156500
1427843.2	0.154500	0.213800	0.143300	0.141000	0.133500	0.147400	0.150000	0.109300	0.139800	0.116600	0.130200	0.132600	0.125500	0.130000	0.165300	0.113300	0.103200	0.121200	0.146100	0.215100	0.164100	0.178800	0.087000	0.156500
1432801.0	0.153200	0.209700	0.141300	0.138800	0.131800	0.145200	0.148200	0.108200	0.139000	0.115200	0.129200	0.130900	0.124400	0.128700	0.163200	0.111300	0.101600	0.120300	0.145000	0.211100	0.162300	0.176400	0.083400	0.155500
1437758.8	0.151400	0.205100	0.140000	0.137900	0.131300	0.143300	0.144500	0.108200	0.139600	0.114700	0.127900	0.130100	0.123100	0.127100	0.161400	0.111000	0.101800	0.119400	0.142300	0.205900	0.157300	0.171000	0.083200	0.154200
1442716.6	0.151600	0.204900	0.140900	0.137500	0.130900	0.144000	0.146600	0.106100	0.137300	0.112600	0.128200	0.128000	0.123000	0.126400	0.162700	0.106700	0.099400	0.118500	0.140400	0.209400	0.161900	0.174900	0.080300	0.151900
1447674.3	0.149100	0.197800	0.137900	0.135500	0.129100	0.140300	0.141200	0.106200	0.138200	0.112600	0.126800	0.128600	0.121300	0.125100	0.159400	0.108800	0.102100	0.117300	0.138600	0.199000	0.153800	0.165500	0.081400	0.152200
1452632.1	0.148800	0.197200	0.137700	0.134300	0.128500	0.140200	0.141500	0.104900	0.137100	0.110500	0.126500	0.126600	0.121400	0.124600	0.159300	0.106400	0.099300	0.117500	0.137800	0.200100	0.154300	0.166500	0.078100	0.150800
1457589.9	0.147800	0.196900	0.137600	0.133500	0.127800	0.138900	0.140000	0.105600	0.137300	0.111300	0.125700	0.126900	0.120400	0.123200	0.158500	0.108900	0.101700	0.116700	0.137000	0.198600	0.153400	0.164700	0.079700	0.150700
1462547.8	0.147900	0.196900	0.137400	0.133300	0.127600	0.138600	0.140300	0.104700	0.137900	0.111000	0.125300	0.126000	0.119700	0.122400	0.158600	0.106100	0.100700	0.116700	0.136400	0.198800	0.155200	0.166400	0.079200	0.149700
1467505.5	0.146400	0.191900	0.135800	0.131600	0.126400	0.136700	0.136300	0.105900	0.138200	0.111400	0.125200	0.127400	0.119300	0.121700	0.156100	0.108400	0.101700	0.117100	0.136400	0.190700	0.147500	0.158400	0.080400	0.150600
1472463.3	0.148800	0.195800	0.137900	0.131400	0.127400	0.138800	0.144300	0.102500	0.135200	0.108000	0.125100	0.123900	0.120200	0.122000	0.160300	0.102300	0.098300	0.116200	0.133800	0.202200	0.159500	0.169900	0.076600	0.146600
1477421.1	0.146800	0.190000	0.136100	0.131000	0.126300	0.136400	0.137000	0.105300	0.137500	0.110800	0.125000	0.126700	0.118500	0.120600	0.156100	0.107800	0.101300	0.116300	0.134500	0.190000	0.148600	0.157500	0.080700	0.150000
1482378.9	0.145600	0.187000	0.135600	0.130400	0.126300	0.135000	0.134700	0.105600	0.137800	0.111200	0.125200	0.126600	0.117800	0.119800	0.155300	0.108800	0.102200	0.115600	0.133900	0.185700	0.145000	0.153300	0.082400	0.150000
1487336.7	0.146900	0.188000	0.136400	0.130300	0.126500	0.136000	0.137100	0.104200	0.137200	0.109300	0.124800	0.124900	0.117600	0.119900	0.156800	0.105200	0.100500	0.115600	0.132800	0.188500	0.149900	0.158200	0.079100	0.148100
1492294.4	0.147400	0.186800	0.135500	0.130400	0.126300	0.135500	0.139600	0.103500	0.136500	0.108500	0.124400	0.124300	0.117200	0.119300	0.158800	0.105200	0.099100	0.115500	0.131700	0.191100	0.152300	0.160500	0.077400	0.147100
1497252.2	0.145100	0.182800	0.133800	0.129500	0.124800	0.134000	0.134000	0.104700	0.136400	0.109600	0.124000	0.124200	0.116100	0.118500	0.155100	0.107300	0.100600	0.114300	0.130800	0.183000	0.146400	0.152800	0.079700	0.146900
1502210.0	0.144900	0.181700	0.134000	0.130000	0.125500	0.133900	0.134000	0.105000	0.137000	0.109700	0.124600	0.124300	0.116000	0.118200	0.155000	0.106400	0.100300	0.114400	0.131400	0.181700	0.144700	0.151200	0.078600	0.147300
