VERSION	1200
Time[MSec.]	Ratio	Ratio	Ratio	Ratio	Ratio	Ratio	Ratio	Ratio	Ratio	Ratio
%.1f	%.4f	%.4f	%.4f	%.4f	%.4f	%.4f	%.4f	%.4f	%.4f	%.4f
Time	ROI(1-1)	ROI(1-2)	ROI(1-3)	ROI(1-4)	ROI(1-5)	ROI(1-6)	ROI(1-7)	ROI(1-8)	ROI(1-9)	ROI(1-10)
GraphNo	1	2	3	4	5	6	7	8	9	10
0.0	0.167700	0.179300	0.146800	0.173000	0.188000	0.226000	0.226700	0.246200	0.159300	0.278000
5164.4	0.170800	0.179900	0.147900	0.173900	0.190200	0.228200	0.227100	0.254600	0.159400	0.280000
10328.7	0.170200	0.177900	0.146900	0.171300	0.190200	0.224900	0.219700	0.248800	0.157700	0.283500
15493.1	0.170300	0.174000	0.145300	0.172200	0.187600	0.224800	0.224900	0.257500	0.155300	0.279200
20657.5	0.169700	0.171600	0.145400	0.170500	0.189500	0.225300	0.223900	0.261400	0.156800	0.279700
25821.8	0.169300	0.169500	0.142700	0.170100	0.193000	0.226300	0.230400	0.266700	0.157000	0.279800
30986.2	0.168300	0.172200	0.144400	0.171300	0.197100	0.224700	0.221900	0.262400	0.157000	0.279500
36150.6	0.167100	0.170100	0.144100	0.171400	0.197400	0.221100	0.219100	0.258700	0.156900	0.278700
41314.9	0.171700	0.169500	0.143600	0.171000	0.198100	0.219400	0.222500	0.262200	0.157700	0.276200
46479.3	0.169800	0.170000	0.145600	0.167800	0.190500	0.215000	0.213300	0.250100	0.160600	0.275600
51643.7	0.172600	0.165400	0.143700	0.171400	0.199700	0.216100	0.224500	0.262500	0.158700	0.270200
56808.0	0.170900	0.169100	0.145400	0.172400	0.202900	0.216000	0.218100	0.257800	0.161400	0.270500
61972.4	0.174600	0.167400	0.145300	0.172500	0.206300	0.212800	0.218500	0.257400	0.162000	0.275600
67136.8	0.170900	0.168500	0.146800	0.171000	0.206800	0.211900	0.210300	0.247100	0.162200	0.279600
72301.1	0.171400	0.165800	0.145500	0.172800	0.211100	0.213400	0.225900	0.266500	0.159800	0.274900
77465.5	0.167500	0.168400	0.149500	0.171400	0.210900	0.212700	0.211700	0.252400	0.160500	0.272700
82629.9	0.165800	0.165700	0.156600	0.171800	0.215500	0.212400	0.220400	0.260100	0.163200	0.269000
87794.2	0.162200	0.167900	0.161000	0.170300	0.217100	0.210100	0.207000	0.246000	0.166700	0.265600
92958.6	0.164900	0.165100	0.163100	0.170500	0.218000	0.207700	0.213600	0.253200	0.169300	0.265600
98123.0	0.167500	0.166300	0.162200	0.171100	0.219400	0.208500	0.208900	0.250700	0.171000	0.266400
103287.3	0.182600	0.165500	0.162100	0.171800	0.233500	0.207100	0.205000	0.249300	0.178500	0.261300
108451.7	0.231900	0.163000	0.168400	0.174400	0.275900	0.211700	0.216000	0.260900	0.191800	0.255300
113616.1	0.244700	0.165400	0.198600	0.179000	0.288800	0.251400	0.222900	0.267900	0.201500	0.257800
118780.4	0.235500	0.166300	0.218100	0.187800	0.281300	0.328900	0.227300	0.268700	0.198700	0.256200
123944.8	0.232300	0.167100	0.210300	0.224100	0.275500	0.313700	0.242200	0.294000	0.194000	0.251000
129109.2	0.224800	0.169500	0.211300	0.286700	0.276400	0.299100	0.253400	0.291400	0.191500	0.250300
134273.5	0.213900	0.168700	0.203100	0.268600	0.270300	0.289500	0.254100	0.286800	0.185500	0.249500
139437.9	0.213000	0.168400	0.195100	0.245100	0.261000	0.293000	0.257700	0.301600	0.182200	0.250700
144602.3	0.206800	0.171000	0.193500	0.227700	0.255300	0.280000	0.234800	0.282700	0.178300	0.249100
149766.6	0.202000	0.173600	0.193500	0.212500	0.253100	0.263800	0.230300	0.278800	0.174300	0.247800
154931.0	0.196100	0.173700	0.195400	0.206500	0.242200	0.254800	0.231100	0.273500	0.171200	0.246000
160095.4	0.191800	0.174500	0.198500	0.197100	0.226900	0.248300	0.224000	0.264700	0.167400	0.244600
165259.7	0.189600	0.175200	0.186900	0.186600	0.218000	0.242500	0.227300	0.270600	0.163800	0.241000
170424.1	0.184200	0.173100	0.174300	0.179100	0.214400	0.239200	0.220400	0.265000	0.160800	0.234900
175588.5	0.180600	0.174600	0.172800	0.176800	0.208100	0.234500	0.210300	0.252500	0.160300	0.236000
180752.8	0.177600	0.177900	0.167600	0.171100	0.203100	0.227700	0.206500	0.248300	0.156900	0.231300
185917.2	0.175600	0.175000	0.164200	0.170000	0.203200	0.224600	0.202000	0.246500	0.155100	0.229400
191081.6	0.172800	0.176800	0.163300	0.169000	0.207100	0.223600	0.196400	0.240700	0.153700	0.228000
196245.9	0.172300	0.176700	0.163200	0.169000	0.210900	0.220600	0.199900	0.243900	0.151900	0.225400
201410.3	0.171400	0.177000	0.167500	0.172600	0.216400	0.222300	0.200000	0.245800	0.151600	0.224700
206574.7	0.170800	0.177200	0.169400	0.173600	0.222200	0.222400	0.207700	0.256900	0.149300	0.222100
211739.0	0.168700	0.180500	0.173700	0.176700	0.224200	0.222700	0.201000	0.246400	0.148100	0.221300
216903.4	0.168800	0.183000	0.178700	0.181700	0.224200	0.223700	0.203300	0.254200	0.148100	0.220200
222067.7	0.167300	0.186400	0.185500	0.185000	0.222500	0.222600	0.200500	0.248500	0.148000	0.218700
227232.1	0.167700	0.183500	0.187500	0.190900	0.221800	0.223800	0.210000	0.262100	0.147400	0.217700
232396.5	0.166500	0.182600	0.187100	0.196900	0.218800	0.221000	0.210900	0.260500	0.145500	0.214900
237560.8	0.164800	0.182200	0.186800	0.207900	0.216800	0.218800	0.210200	0.260300	0.145100	0.214200
242725.2	0.165300	0.181400	0.185300	0.218500	0.214700	0.218100	0.213000	0.264900	0.144300	0.213900
247889.6	0.162500	0.180100	0.184100	0.226300	0.211300	0.214900	0.208700	0.255200	0.143200	0.211700
253053.9	0.161500	0.180000	0.184800	0.236200	0.209800	0.211700	0.203800	0.248500	0.145200	0.213700
258218.3	0.157900	0.184600	0.184000	0.231700	0.204600	0.207700	0.187700	0.229600	0.146300	0.215000
263382.7	0.157600	0.178800	0.179700	0.226300	0.202000	0.205500	0.194800	0.236800	0.143100	0.210400
268547.0	0.159200	0.173100	0.176600	0.224400	0.201400	0.207600	0.203000	0.249400	0.141400	0.208100
273711.4	0.156900	0.175000	0.175900	0.218900	0.197600	0.204700	0.196700	0.239500	0.142000	0.207500
278875.8	0.156800	0.171900	0.172800	0.218800	0.197300	0.203500	0.201100	0.244200	0.141400	0.206200
284040.1	0.155800	0.170400	0.172100	0.213100	0.193700	0.199000	0.193700	0.233200	0.141000	0.204500
289204.5	0.155000	0.167200	0.170100	0.211100	0.193000	0.198800	0.196200	0.237400	0.140600	0.203900
294368.9	0.153300	0.169700	0.169500	0.207800	0.190000	0.196100	0.188900	0.230200	0.140600	0.204900
299533.2	0.153100	0.167000	0.167400	0.204300	0.187200	0.194200	0.187100	0.225000	0.141100	0.202700
304697.6	0.152800	0.165100	0.165000	0.199700	0.185100	0.191300	0.185400	0.222400	0.140100	0.201200
309861.9	0.149200	0.166600	0.166700	0.196700	0.182800	0.189500	0.176800	0.212600	0.141400	0.203600
315026.3	0.149700	0.167000	0.165300	0.197500	0.185200	0.191800	0.184300	0.220100	0.141800	0.202100
320190.7	0.150000	0.160600	0.159800	0.192000	0.181200	0.189800	0.191100	0.232100	0.138700	0.197100
325355.0	0.149900	0.159200	0.159400	0.192300	0.180300	0.189000	0.188600	0.225500	0.139100	0.197300
330519.4	0.150800	0.157000	0.155500	0.188100	0.179500	0.187000	0.194000	0.231000	0.137200	0.194700
335683.8	0.147800	0.157300	0.156000	0.185100	0.176000	0.182700	0.181200	0.216600	0.137700	0.195700
340848.1	0.147200	0.154500	0.152100	0.183000	0.175200	0.184000	0.187500	0.219000	0.135300	0.191000
346012.5	0.145400	0.155500	0.153700	0.181700	0.175000	0.182400	0.175800	0.207900	0.137200	0.194000
351176.9	0.146300	0.152500	0.150900	0.179600	0.173500	0.181700	0.183000	0.215100	0.135700	0.191800
356341.2	0.144300	0.152900	0.151600	0.177500	0.172500	0.181300	0.174400	0.205800	0.136100	0.190900
361505.6	0.142700	0.153400	0.151100	0.176000	0.170900	0.179600	0.168300	0.198500	0.137800	0.193100
366670.0	0.144700	0.152900	0.150300	0.176500	0.171600	0.179900	0.173300	0.202300	0.137500	0.192700
371834.3	0.145500	0.149200	0.147500	0.173000	0.169100	0.178100	0.175500	0.204200	0.136200	0.190600
376998.7	0.145700	0.149400	0.148400	0.174500	0.170100	0.180400	0.179000	0.206100	0.136500	0.190100
382163.0	0.145100	0.150500	0.146700	0.172200	0.169300	0.178900	0.175500	0.200800	0.135900	0.189800
387327.4	0.141900	0.148900	0.146800	0.169700	0.167200	0.177100	0.167900	0.193500	0.136000	0.190000
392491.8	0.142000	0.148200	0.146100	0.169000	0.167300	0.177200	0.171400	0.197000	0.135900	0.189500
397656.1	0.140600	0.147800	0.143800	0.166300	0.165700	0.175700	0.165500	0.191300	0.134900	0.188400
402820.5	0.140500	0.148100	0.145200	0.166800	0.166200	0.177000	0.163700	0.188700	0.136300	0.189600
407984.9	0.142200	0.146900	0.143100	0.166200	0.166000	0.176400	0.171000	0.195400	0.135300	0.188300
413149.2	0.141500	0.143200	0.141500	0.165400	0.165000	0.176700	0.174600	0.200600	0.133900	0.186000
418313.6	0.141800	0.144600	0.140500	0.163400	0.164400	0.174800	0.173000	0.195500	0.133600	0.185600
423478.0	0.141100	0.144700	0.141100	0.163600	0.164700	0.175300	0.168900	0.191000	0.134000	0.187600
428642.3	0.140700	0.144500	0.139800	0.163200	0.164200	0.175200	0.169000	0.192700	0.134400	0.185700
433806.7	0.139400	0.145000	0.140900	0.162700	0.164000	0.174900	0.164500	0.185700	0.135000	0.188600
438971.0	0.140200	0.143900	0.140200	0.161700	0.163300	0.174300	0.166000	0.188900	0.133900	0.186700
444135.4	0.137100	0.145300	0.140600	0.160000	0.162400	0.172600	0.157400	0.178400	0.135000	0.187600
449299.8	0.138500	0.144300	0.139300	0.159700	0.162500	0.173400	0.163300	0.182300	0.133600	0.186300
454464.1	0.136600	0.143900	0.139900	0.159700	0.161500	0.172800	0.156500	0.176700	0.134300	0.187400
459628.5	0.136800	0.142600	0.137500	0.158500	0.161000	0.172000	0.158000	0.177300	0.133600	0.185000
464792.9	0.136600	0.143300	0.137800	0.156900	0.160800	0.170800	0.158100	0.179500	0.133200	0.184700
469957.2	0.137800	0.140100	0.135900	0.157800	0.161200	0.172300	0.164900	0.182100	0.132200	0.184600
475121.6	0.136600	0.142200	0.137000	0.157300	0.160100	0.170900	0.158800	0.177400	0.133600	0.184800
480286.0	0.137500	0.141500	0.135300	0.156100	0.159000	0.169500	0.162400	0.181400	0.131700	0.182700
485450.3	0.138600	0.141300	0.135900	0.157200	0.159600	0.169500	0.161900	0.179900	0.133300	0.184300
490614.7	0.135600	0.141900	0.136500	0.155500	0.158500	0.167800	0.155300	0.174600	0.133300	0.184100
495779.1	0.138300	0.138400	0.132800	0.155500	0.158800	0.169400	0.173900	0.190600	0.132200	0.181400
500943.4	0.137500	0.141900	0.135300	0.155100	0.158000	0.168300	0.160000	0.178600	0.133800	0.183700
506107.8	0.135700	0.141100	0.135300	0.153800	0.157800	0.167300	0.154800	0.171700	0.132900	0.183900
511272.1	0.138200	0.138800	0.133800	0.153600	0.157200	0.167300	0.162200	0.176100	0.132200	0.181600
516436.5	0.139400	0.138400	0.133800	0.154000	0.158000	0.167800	0.164200	0.180600	0.132300	0.182000
521600.9	0.138300	0.138000	0.133700	0.153400	0.157100	0.167200	0.162900	0.180200	0.131200	0.180900
526765.2	0.137500	0.139500	0.133000	0.152900	0.157000	0.166400	0.161300	0.177200	0.131900	0.181700
531929.6	0.137200	0.139500	0.133400	0.150800	0.156200	0.165600	0.158100	0.174000	0.131300	0.181800
537094.0	0.139900	0.136300	0.130800	0.151500	0.155900	0.165800	0.167000	0.182200	0.129800	0.179600
542258.3	0.138100	0.137300	0.132800	0.151900	0.156300	0.165600	0.163800	0.177400	0.131800	0.181600
547422.7	0.137100	0.138000	0.132300	0.150700	0.154800	0.164500	0.157700	0.170700	0.131300	0.181800
552587.1	0.137300	0.137700	0.131900	0.150400	0.155500	0.165300	0.164600	0.177700	0.130800	0.179900
557751.4	0.137600	0.136900	0.131900	0.150500	0.155500	0.165000	0.166000	0.178600	0.130500	0.179700
562915.8	0.135700	0.136800	0.131700	0.149100	0.154600	0.163500	0.158900	0.171600	0.130300	0.179600
568080.2	0.137700	0.136600	0.129700	0.148700	0.154800	0.163800	0.163100	0.175600	0.129700	0.179200
573244.5	0.136200	0.136900	0.131700	0.147900	0.154400	0.162500	0.157900	0.169600	0.129700	0.179300
578408.9	0.135700	0.138400	0.132500	0.148300	0.154100	0.161800	0.151000	0.160900	0.131300	0.182400
583573.2	0.136600	0.138000	0.131700	0.149100	0.155200	0.163000	0.155200	0.168400	0.131300	0.182100
588737.6	0.138500	0.135400	0.131600	0.149500	0.155300	0.164100	0.166000	0.177900	0.130500	0.179400
593902.0	0.139300	0.135300	0.129700	0.148400	0.154800	0.163000	0.164200	0.172800	0.130500	0.180000
599066.3	0.134700	0.139500	0.132200	0.146900	0.153500	0.160900	0.152700	0.164500	0.131600	0.181400
604230.7	0.135800	0.137300	0.130100	0.147000	0.154300	0.160900	0.156200	0.166700	0.130400	0.180300
609395.1	0.135700	0.137100	0.131000	0.147000	0.153700	0.161000	0.156000	0.165400	0.129900	0.179500
614559.4	0.136200	0.137300	0.131500	0.147700	0.153800	0.162000	0.156900	0.168200	0.130700	0.180500
619723.8	0.134800	0.139000	0.131600	0.146800	0.153400	0.160700	0.154800	0.165600	0.129900	0.180300
624888.1	0.137200	0.136100	0.129500	0.146900	0.153600	0.161200	0.158000	0.167600	0.129600	0.179400
630052.5	0.137100	0.134600	0.129200	0.146500	0.153900	0.160800	0.162000	0.170500	0.129500	0.179100
635216.9	0.135600	0.137900	0.129700	0.145900	0.153400	0.159800	0.155300	0.164100	0.130100	0.180100
640381.2	0.134900	0.135100	0.129200	0.146600	0.154100	0.161800	0.161800	0.172300	0.128400	0.178200
645545.6	0.136900	0.136000	0.129500	0.146200	0.153100	0.159800	0.157500	0.165400	0.129300	0.179000
650710.0	0.135200	0.136700	0.129300	0.146500	0.153000	0.160100	0.153100	0.163500	0.129800	0.179200
655874.3	0.134100	0.135200	0.127800	0.145500	0.152400	0.159200	0.155500	0.161400	0.128600	0.178100
661038.7	0.136200	0.136800	0.129800	0.145000	0.152600	0.158300	0.154100	0.161700	0.129800	0.179300
666203.1	0.134000	0.135500	0.128800	0.144900	0.152100	0.159000	0.154000	0.161100	0.129500	0.178400
671367.4	0.136000	0.136500	0.129200	0.145600	0.153000	0.159600	0.155100	0.164900	0.129800	0.179100
676531.8	0.134300	0.138600	0.130900	0.144600	0.151800	0.157500	0.147300	0.156000	0.130000	0.181600
681696.1	0.135100	0.138000	0.128900	0.145500	0.152700	0.158200	0.155100	0.162200	0.129000	0.179100
686860.5	0.136500	0.133600	0.125500	0.145700	0.152900	0.159500	0.165200	0.172200	0.127700	0.177800
692024.9	0.135100	0.134400	0.127900	0.145300	0.151900	0.157900	0.154800	0.160700	0.128700	0.178500
697189.2	0.133400	0.136000	0.127500	0.144200	0.152200	0.156900	0.149500	0.157600	0.128600	0.179300
702353.6	0.131900	0.136500	0.127200	0.143500	0.151300	0.156800	0.150000	0.155500	0.128000	0.179300
707518.0	0.133200	0.134600	0.127300	0.144900	0.152000	0.157000	0.150400	0.156900	0.128800	0.179100
712682.3	0.136800	0.132900	0.125900	0.143900	0.151400	0.157200	0.160700	0.166100	0.127000	0.178000
717846.7	0.134000	0.136700	0.128900	0.144600	0.151200	0.157000	0.149500	0.156300	0.129000	0.180600
723011.1	0.135800	0.135400	0.127900	0.144000	0.151300	0.156400	0.150500	0.156600	0.129100	0.180700
728175.4	0.135000	0.135600	0.127400	0.144700	0.151500	0.157500	0.153000	0.158200	0.128900	0.179900
733339.8	0.134100	0.135800	0.127900	0.144600	0.151500	0.157300	0.151000	0.154600	0.128200	0.180700
738504.1	0.136400	0.132300	0.125400	0.144400	0.152300	0.158100	0.160300	0.164500	0.126700	0.178700
743668.5	0.134600	0.134200	0.127000	0.143600	0.150800	0.156300	0.152500	0.156300	0.128400	0.179800
748832.9	0.134300	0.135900	0.127900	0.144100	0.151200	0.157300	0.152600	0.156800	0.129100	0.180600
753997.2	0.135200	0.133600	0.126800	0.143900	0.151800	0.157000	0.156100	0.159800	0.127600	0.179100
759161.6	0.132600	0.134400	0.125500	0.142900	0.150200	0.156100	0.154000	0.158200	0.126000	0.178300
764326.0	0.132900	0.133700	0.126700	0.143100	0.151000	0.156400	0.155000	0.158900	0.126800	0.178900
769490.3	0.135200	0.132600	0.125500	0.143600	0.151200	0.156800	0.160000	0.164100	0.126500	0.178900
774654.7	0.136200	0.134200	0.126100	0.141800	0.150200	0.155200	0.155200	0.158500	0.127300	0.179500
779819.0	0.134700	0.132600	0.126100	0.143600	0.150800	0.157000	0.157000	0.161900	0.127300	0.179400
784983.4	0.134400	0.133900	0.126700	0.142300	0.150300	0.156400	0.152400	0.156800	0.127600	0.181200
790147.8	0.136700	0.131300	0.124500	0.142900	0.151100	0.156300	0.157600	0.162700	0.126500	0.178400
795312.1	0.133000	0.135700	0.126300	0.143200	0.150300	0.155900	0.151400	0.156100	0.126600	0.179800
800476.5	0.134500	0.133600	0.125500	0.142800	0.151000	0.156700	0.154300	0.158700	0.127100	0.180200
805640.9	0.133100	0.135200	0.125800	0.142300	0.150900	0.156600	0.152800	0.157700	0.126700	0.180100
810805.2	0.135000	0.134400	0.125600	0.143600	0.150600	0.156500	0.154300	0.156000	0.128600	0.180900
815969.6	0.135800	0.131300	0.123300	0.143500	0.151600	0.157700	0.163900	0.167900	0.125900	0.178300
821134.0	0.134700	0.132400	0.124300	0.142800	0.150800	0.156400	0.154900	0.158700	0.125600	0.179500
826298.3	0.132900	0.135900	0.125900	0.142600	0.150200	0.156300	0.147800	0.152000	0.128000	0.182300
831462.7	0.134200	0.135400	0.125100	0.142000	0.151000	0.156900	0.153900	0.157500	0.126800	0.181900
836627.0	0.135800	0.129800	0.123700	0.143100	0.150500	0.157600	0.160000	0.163600	0.125700	0.180400
841791.4	0.132300	0.135000	0.125400	0.141600	0.149800	0.156400	0.148600	0.151900	0.127300	0.182000
846955.8	0.132800	0.135200	0.125900	0.141800	0.150300	0.156200	0.149900	0.153700	0.127500	0.182500
852120.1	0.133000	0.133500	0.124200	0.142200	0.150500	0.157100	0.155600	0.158700	0.125600	0.180600
857284.5	0.132700	0.133800	0.126200	0.142900	0.150700	0.157600	0.153100	0.157300	0.127700	0.183800
862448.9	0.134100	0.131900	0.123900	0.141200	0.149200	0.156700	0.152800	0.155800	0.125500	0.181100
867613.2	0.134100	0.133700	0.124600	0.141200	0.149900	0.156500	0.152500	0.154500	0.127500	0.182300
872777.6	0.133700	0.132500	0.123800	0.141500	0.150400	0.157000	0.157300	0.159800	0.124900	0.180200
877942.0	0.129600	0.136000	0.125700	0.140700	0.149300	0.155400	0.144800	0.147100	0.127200	0.183800
883106.3	0.134000	0.130800	0.123200	0.142800	0.150300	0.158100	0.162200	0.166100	0.125300	0.180700
888270.7	0.133100	0.133100	0.124600	0.141400	0.149700	0.157100	0.150000	0.153700	0.125400	0.182000
893435.0	0.134500	0.131500	0.123800	0.142200	0.150000	0.157100	0.156700	0.159600	0.125500	0.181800
898599.4	0.132800	0.133200	0.123500	0.141100	0.149200	0.156500	0.153900	0.155700	0.125000	0.181600
903763.8	0.134100	0.133000	0.124300	0.141500	0.149600	0.156300	0.152700	0.155000	0.126100	0.182900
908928.1	0.134400	0.129700	0.122700	0.142600	0.150200	0.158100	0.167400	0.169000	0.125000	0.181000
914092.5	0.134300	0.133100	0.123400	0.140700	0.148600	0.155800	0.152000	0.155000	0.125500	0.181800
919256.9	0.133100	0.132800	0.124600	0.142800	0.149900	0.156800	0.149800	0.152900	0.127000	0.185000
924421.2	0.133100	0.132000	0.123700	0.141000	0.149600	0.156200	0.153400	0.154300	0.125700	0.183100
929585.6	0.135000	0.130000	0.122200	0.140600	0.149100	0.155700	0.160700	0.161800	0.124600	0.181400
934749.9	0.134100	0.134000	0.123900	0.139900	0.148900	0.154300	0.154000	0.153400	0.125400	0.183800
939914.3	0.128300	0.136000	0.126600	0.141300	0.148600	0.156100	0.142200	0.143300	0.127900	0.187900
945078.7	0.133800	0.131900	0.124300	0.142200	0.149700	0.155700	0.154000	0.156300	0.126000	0.184500
950243.0	0.133500	0.130700	0.122700	0.141700	0.148900	0.156500	0.156600	0.159900	0.125000	0.182100
955407.4	0.131400	0.133800	0.125000	0.140700	0.149000	0.155300	0.149300	0.151100	0.126900	0.184700
960571.8	0.133100	0.133600	0.124700	0.140900	0.148800	0.154400	0.147600	0.149200	0.126100	0.185000
965736.1	0.134800	0.130300	0.122700	0.141100	0.149300	0.156500	0.158500	0.160900	0.124600	0.183500
970900.5	0.133600	0.131100	0.122700	0.141800	0.149700	0.156800	0.160500	0.162900	0.124400	0.183400
976064.9	0.134600	0.128500	0.122200	0.140900	0.149200	0.155800	0.158300	0.159000	0.124900	0.183300
981229.2	0.135600	0.129600	0.122200	0.140900	0.148900	0.155900	0.160700	0.162100	0.124500	0.183600
986393.6	0.133700	0.129000	0.122400	0.140300	0.149100	0.155700	0.159300	0.160400	0.124600	0.183500
991557.9	0.133400	0.129900	0.123100	0.140300	0.149100	0.155600	0.153400	0.154600	0.125400	0.185400
996722.3	0.132700	0.132000	0.123800	0.140400	0.148300	0.154700	0.149600	0.152000	0.126200	0.186400
1001886.7	0.133100	0.129700	0.123700	0.140800	0.149500	0.156700	0.159000	0.161500	0.124400	0.184800
1007051.0	0.132400	0.131800	0.123300	0.140500	0.147900	0.155500	0.149800	0.153300	0.124300	0.185100
1012215.4	0.131700	0.132000	0.125000	0.140200	0.148600	0.155000	0.148900	0.151700	0.124900	0.187100
1017379.8	0.133000	0.131500	0.122800	0.140000	0.148600	0.155500	0.155700	0.156600	0.125700	0.186000
1022544.1	0.131000	0.133600	0.124100	0.138700	0.147700	0.153200	0.148300	0.148100	0.126000	0.186400
1027708.5	0.131700	0.132700	0.124500	0.140600	0.148800	0.154700	0.147200	0.150700	0.125700	0.186400
1032872.9	0.131700	0.129400	0.123300	0.140600	0.149200	0.156400	0.158700	0.160300	0.125100	0.186000
1038037.2	0.132200	0.129400	0.122400	0.140100	0.148300	0.156300	0.157100	0.158000	0.124000	0.184700
1043201.6	0.131900	0.131400	0.123300	0.140800	0.149000	0.155700	0.154700	0.155800	0.124800	0.185500
1048365.9	0.130000	0.132000	0.124500	0.138800	0.147300	0.154000	0.147000	0.148600	0.124600	0.186800
1053530.3	0.131300	0.132900	0.123900	0.139500	0.147400	0.154200	0.146600	0.149200	0.124800	0.187300
1058694.7	0.132300	0.132500	0.125300	0.139500	0.148500	0.155000	0.147400	0.149900	0.125700	0.187100
1063859.0	0.131500	0.130700	0.123300	0.139600	0.148300	0.155300	0.150900	0.152300	0.124900	0.186400
1069023.4	0.130200	0.130300	0.121500	0.138900	0.147600	0.155400	0.153700	0.156000	0.122500	0.183900
1074187.8	0.132400	0.132500	0.123100	0.140100	0.148500	0.156000	0.153800	0.154600	0.124500	0.186200
1079352.1	0.133200	0.130100	0.123000	0.139700	0.147500	0.156300	0.156900	0.157900	0.123800	0.186900
1084516.5	0.134300	0.129400	0.122100	0.139500	0.148800	0.155800	0.160300	0.160300	0.123900	0.186900
1089680.8	0.132000	0.131500	0.123300	0.139700	0.148200	0.156100	0.154300	0.155000	0.124400	0.188000
1094845.2	0.131500	0.130200	0.123100	0.138300	0.147600	0.155400	0.149600	0.153400	0.124300	0.187700
1100009.6	0.133600	0.131400	0.122900	0.139500	0.147600	0.155200	0.151100	0.154800	0.124900	0.189200
1105173.9	0.132700	0.130700	0.123100	0.139500	0.147600	0.155200	0.150600	0.151800	0.124900	0.188500
1110338.3	0.131900	0.130800	0.123900	0.139300	0.146700	0.155300	0.149300	0.151000	0.124400	0.189700
1115502.7	0.131400	0.132000	0.125100	0.140000	0.147900	0.155700	0.149300	0.152100	0.125700	0.190900
1120667.0	0.133000	0.132900	0.123500	0.139200	0.147600	0.155900	0.148300	0.150700	0.124800	0.190300
1125831.4	0.132100	0.128700	0.122500	0.138300	0.147200	0.155900	0.152600	0.153900	0.123700	0.187500
1130995.7	0.134500	0.128500	0.121400	0.139600	0.148300	0.157000	0.163700	0.163300	0.123500	0.187900
1136160.1	0.131600	0.130300	0.122900	0.138600	0.147100	0.154900	0.155200	0.156100	0.123900	0.188700
1141324.5	0.132500	0.129100	0.122000	0.139900	0.147500	0.156200	0.156100	0.157900	0.123400	0.188600
1146488.8	0.133400	0.129700	0.122000	0.139000	0.147100	0.155200	0.153600	0.155800	0.123500	0.189500
1151653.2	0.131700	0.130600	0.122600	0.139600	0.147200	0.156000	0.153400	0.156200	0.123900	0.190800
1156817.6	0.132400	0.131200	0.123800	0.139400	0.146800	0.155300	0.148600	0.148000	0.125100	0.190700
1161981.9	0.131900	0.129400	0.121500	0.138500	0.145700	0.154900	0.152100	0.155200	0.123100	0.189300
1167146.3	0.131000	0.131700	0.124100	0.139400	0.146800	0.155700	0.149400	0.151900	0.124900	0.191500
1172310.7	0.132500	0.132100	0.125300	0.139600	0.148000	0.157000	0.145400	0.148100	0.126200	0.197400
1177475.2	0.132600	0.134300	0.126000	0.139700	0.147500	0.157200	0.146600	0.149600	0.127300	0.197600
1182639.4	0.134700	0.133800	0.126800	0.141300	0.148900	0.158900	0.154400	0.155500	0.127700	0.200000
1187803.7	0.135600	0.131700	0.124800	0.137400	0.148600	0.157800	0.156100	0.158500	0.126400	0.197500
1192968.1	0.132700	0.132100	0.125200	0.140200	0.148300	0.156700	0.151600	0.151200	0.125000	0.199700
1198132.5	0.133100	0.132400	0.125200	0.140800	0.148100	0.156200	0.151800	0.152800	0.126500	0.199000
1203296.8	0.132800	0.131900	0.124800	0.140800	0.149300	0.156700	0.152400	0.152800	0.126700	0.198400
1208461.2	0.134300	0.131800	0.124900	0.141000	0.148800	0.156800	0.154100	0.156300	0.124900	0.198500
1213625.6	0.132200	0.131500	0.123000	0.139900	0.148100	0.155900	0.154300	0.156400	0.125100	0.197100
1218789.9	0.133800	0.130700	0.123500	0.141500	0.148500	0.157400	0.163100	0.163600	0.124900	0.197800
1223954.3	0.132700	0.133400	0.125500	0.141000	0.147700	0.155100	0.149000	0.151900	0.125800	0.200600
1229118.7	0.133600	0.131900	0.124700	0.140000	0.147800	0.154600	0.149200	0.151900	0.126700	0.199500
1234283.0	0.135800	0.130500	0.123700	0.141100	0.147800	0.155200	0.154100	0.156600	0.125800	0.199200
1239447.4	0.133900	0.131700	0.124000	0.140500	0.148100	0.155900	0.154500	0.155800	0.125500	0.200300
1244611.7	0.132500	0.131100	0.123900	0.139600	0.147900	0.154000	0.151300	0.154700	0.125600	0.199200
1249776.1	0.134200	0.129400	0.121500	0.140100	0.147700	0.155000	0.154000	0.156400	0.124900	0.199400
1254940.5	0.133100	0.136700	0.127900	0.139900	0.147200	0.152900	0.141000	0.143900	0.128500	0.205600
1260104.8	0.132700	0.132100	0.124500	0.139600	0.146300	0.153600	0.145500	0.147000	0.126500	0.202700
1265269.2	0.142000	0.135600	0.127200	0.146200	0.150800	0.161800	0.162400	0.160800	0.127800	0.201500
1270433.6	0.159100	0.159400	0.142200	0.162200	0.156900	0.179300	0.168200	0.160200	0.133900	0.202900
1275597.9	0.197800	0.186500	0.161200	0.185400	0.170400	0.213600	0.212700	0.194400	0.142500	0.202400
1280762.3	0.237400	0.238300	0.193800	0.217900	0.185600	0.257500	0.244400	0.210600	0.155000	0.203900
1285926.6	0.271800	0.301000	0.231700	0.259600	0.205000	0.310200	0.294600	0.247900	0.171900	0.206000
1291091.0	0.300200	0.371100	0.274900	0.304600	0.225900	0.365700	0.355900	0.297700	0.190200	0.207300
1296255.4	0.326200	0.413200	0.311400	0.336300	0.249100	0.410300	0.454300	0.406600	0.205600	0.205800
1301419.7	0.335200	0.467800	0.351300	0.358500	0.274600	0.428500	0.457500	0.462000	0.230400	0.212400
1306584.1	0.348000	0.480900	0.374500	0.380800	0.310500	0.449700	0.528800	0.564900	0.247300	0.209800
1311748.5	0.349000	0.498100	0.395100	0.392500	0.340400	0.460500	0.563300	0.587700	0.264100	0.210400
1316912.8	0.350000	0.525600	0.421600	0.405900	0.373500	0.468200	0.581700	0.613800	0.276500	0.213000
1322077.2	0.359000	0.528900	0.433900	0.413700	0.395900	0.477200	0.613800	0.657900	0.284200	0.213400
1327241.6	0.363400	0.535400	0.437900	0.420400	0.418400	0.482300	0.656500	0.722200	0.288800	0.213400
1332405.9	0.361800	0.547600	0.445900	0.430200	0.437800	0.497400	0.644500	0.710500	0.298400	0.216000
1337570.3	0.368300	0.555700	0.450400	0.429900	0.445000	0.499600	0.648900	0.715800	0.298100	0.214200
1342734.6	0.359600	0.567100	0.457200	0.430400	0.455200	0.501700	0.648500	0.720100	0.301100	0.216200
1347899.0	0.369900	0.562100	0.462500	0.437200	0.468200	0.513300	0.686500	0.750800	0.300400	0.215700
1353063.4	0.366900	0.565700	0.463600	0.432500	0.475900	0.519300	0.672400	0.734300	0.299300	0.216200
1358227.7	0.369000	0.571500	0.472600	0.441200	0.491600	0.526200	0.665800	0.721900	0.303700	0.218000
1363392.1	0.363300	0.561800	0.464100	0.434400	0.496100	0.531300	0.681000	0.704300	0.302600	0.217000
1368556.5	0.367700	0.581000	0.472800	0.433400	0.499800	0.527600	0.668800	0.714900	0.307800	0.221200
1373720.8	0.362000	0.592700	0.480900	0.432100	0.502300	0.531000	0.680600	0.720700	0.310200	0.222500
1378885.2	0.371200	0.578900	0.472300	0.434600	0.508600	0.538100	0.712900	0.743900	0.304500	0.222200
1384049.5	0.370600	0.590400	0.477000	0.428400	0.504000	0.530900	0.668600	0.698700	0.307400	0.223700
1389213.9	0.370600	0.566000	0.468700	0.422200	0.503500	0.536400	0.713400	0.743200	0.301000	0.223000
1394378.3	0.359600	0.556900	0.462700	0.405400	0.484600	0.524500	0.674600	0.701800	0.298000	0.224900
1399542.6	0.344400	0.538200	0.449000	0.384000	0.457500	0.503700	0.648500	0.667900	0.291900	0.225700
1404707.0	0.325300	0.497400	0.420900	0.361900	0.439300	0.482200	0.659400	0.680100	0.278800	0.225400
1409871.4	0.294800	0.450900	0.389100	0.333600	0.409800	0.447000	0.603500	0.635400	0.266400	0.225400
1415035.7	0.279700	0.381400	0.331600	0.300600	0.371600	0.408200	0.624400	0.682100	0.244400	0.224100
1420200.1	0.256200	0.343300	0.297600	0.270400	0.331500	0.364200	0.548500	0.630100	0.229100	0.222900
1425364.5	0.238100	0.315300	0.271200	0.251000	0.304500	0.333600	0.491900	0.599900	0.218000	0.224800
1430528.8	0.225800	0.292500	0.248000	0.230400	0.280900	0.306600	0.433700	0.557000	0.208500	0.224600
1435693.2	0.218000	0.269000	0.230800	0.219200	0.264800	0.289100	0.415900	0.567400	0.199400	0.223500
1440857.5	0.209300	0.251800	0.215000	0.207100	0.249100	0.273000	0.389400	0.554800	0.192400	0.221800
1446021.9	0.201200	0.236400	0.205000	0.200300	0.238500	0.263800	0.375900	0.563600	0.184000	0.220100
1451186.3	0.196700	0.231500	0.198700	0.192700	0.228100	0.249800	0.335000	0.527700	0.181100	0.224800
1456350.6	0.192700	0.215300	0.189700	0.187100	0.221000	0.242700	0.335000	0.543800	0.174700	0.222400
1461515.0	0.186200	0.212400	0.184100	0.179100	0.211900	0.233200	0.301100	0.506800	0.171600	0.223200
1466679.4	0.180800	0.207800	0.180500	0.175400	0.205000	0.224500	0.277200	0.478500	0.168400	0.224500
1471843.7	0.176700	0.193700	0.172000	0.172500	0.200900	0.221600	0.292800	0.512500	0.161500	0.218700
1477008.1	0.173200	0.191700	0.169800	0.169800	0.196300	0.215500	0.271400	0.494300	0.159700	0.220000
1482172.4	0.170900	0.185200	0.166700	0.166200	0.192600	0.210500	0.264600	0.484100	0.157000	0.219500
1487336.8	0.166600	0.185200	0.165000	0.164500	0.189400	0.206700	0.249700	0.464700	0.156800	0.223500
1492501.2	0.162600	0.180500	0.162300	0.162900	0.186000	0.203000	0.241700	0.456500	0.153900	0.221500
1497665.5	0.166200	0.175000	0.158700	0.160500	0.182400	0.198300	0.246300	0.467300	0.150600	0.220200
1502829.9	0.161000	0.173600	0.157500	0.159000	0.179300	0.196300	0.235700	0.452300	0.149400	0.221500
1507994.3	0.160200	0.170000	0.154900	0.156900	0.177100	0.193200	0.234200	0.450000	0.146600	0.220100
1513158.6	0.159600	0.165000	0.152800	0.156400	0.176600	0.192800	0.246000	0.474900	0.145300	0.219400
1518323.0	0.156000	0.166100	0.152100	0.154600	0.172400	0.187700	0.219900	0.427200	0.144000	0.220500
1523487.4	0.155700	0.160700	0.149200	0.153900	0.172000	0.187700	0.231900	0.445800	0.142100	0.218100
1528651.7	0.153100	0.165000	0.152300	0.153100	0.170200	0.184500	0.205900	0.405800	0.143400	0.224200
1533816.1	0.153900	0.160300	0.149800	0.152200	0.168600	0.182600	0.211500	0.413500	0.141500	0.222000
1538980.4	0.151600	0.160300	0.149100	0.151900	0.167600	0.181800	0.212800	0.413300	0.140000	0.221600
1544144.8	0.150500	0.159300	0.147700	0.152000	0.166100	0.180300	0.208700	0.405500	0.139900	0.220500
1549309.2	0.148300	0.156700	0.148400	0.151300	0.165700	0.179100	0.199600	0.390500	0.140100	0.222400
1554473.5	0.148200	0.158200	0.148800	0.150700	0.165100	0.178400	0.197700	0.385100	0.140400	0.224300
1559637.9	0.150300	0.153600	0.146200	0.150000	0.163800	0.177200	0.205400	0.395500	0.136900	0.221400
