VERSION	1200
Time[MSec.]	Ratio	Ratio	Ratio	Ratio	Ratio	Ratio	Ratio	Ratio	Ratio	Ratio	Ratio	Ratio	Ratio	Ratio	Ratio	Ratio	Ratio	Ratio	Ratio	Ratio	Ratio	Ratio	Ratio	Ratio	Ratio	Ratio	Ratio	Ratio	Ratio	Ratio	Ratio	Ratio	Ratio
%.1f	%.4f	%.4f	%.4f	%.4f	%.4f	%.4f	%.4f	%.4f	%.4f	%.4f	%.4f	%.4f	%.4f	%.4f	%.4f	%.4f	%.4f	%.4f	%.4f	%.4f	%.4f	%.4f	%.4f	%.4f	%.4f	%.4f	%.4f	%.4f	%.4f	%.4f	%.4f	%.4f	%.4f
Time	ROI(1-1)	ROI(1-2)	ROI(1-3)	ROI(1-4)	ROI(1-5)	ROI(1-6)	ROI(1-7)	ROI(1-8)	ROI(1-9)	ROI(1-10)	ROI(1-11)	ROI(1-12)	ROI(1-13)	ROI(1-14)	ROI(1-15)	ROI(1-16)	ROI(1-17)	ROI(1-18)	ROI(1-19)	ROI(1-20)	ROI(1-21)	ROI(1-22)	ROI(1-23)	ROI(1-24)	ROI(1-25)	ROI(1-26)	ROI(1-27)	ROI(1-28)	ROI(1-29)	ROI(1-30)	ROI(1-31)	ROI(1-32)	ROI(1-33)
GraphNo	1	2	3	4	5	6	7	8	9	10	11	12	13	14	15	16	17	18	19	20	21	22	23	24	25	26	27	28	29	30	31	32	33
0.0	0.375400	0.300900	0.197900	0.340700	0.221800	0.353900	0.325200	0.247200	0.401600	0.348100	0.296900	0.311100	0.228100	0.165700	0.265300	0.263000	0.196200	0.206200	0.305800	0.248800	0.209100	0.224100	0.242500	0.235600	0.146100	0.184600	0.161800	0.111600	0.117400	0.117700	0.226400	0.111100	0.277600
5095.5	0.376900	0.299500	0.196400	0.335200	0.220900	0.355400	0.325500	0.248500	0.405100	0.348000	0.297300	0.309300	0.228400	0.166600	0.260800	0.261800	0.198200	0.206800	0.305200	0.250000	0.208500	0.226300	0.245200	0.237900	0.144600	0.184200	0.166200	0.107000	0.115400	0.114900	0.227400	0.106800	0.276600
10191.0	0.373500	0.297300	0.195100	0.307200	0.219100	0.356500	0.330200	0.251200	0.418500	0.358100	0.303300	0.318500	0.232800	0.171900	0.255300	0.248800	0.192200	0.196000	0.297700	0.255700	0.205100	0.223700	0.242500	0.237600	0.155400	0.188800	0.176400	0.119300	0.123200	0.127100	0.226100	0.119700	0.277300
15286.5	0.365600	0.296300	0.198200	0.288700	0.216900	0.359300	0.331600	0.254600	0.419300	0.359100	0.304500	0.323300	0.235300	0.170100	0.245000	0.239800	0.195700	0.197600	0.311700	0.254700	0.209000	0.227000	0.246100	0.237500	0.152700	0.187500	0.173400	0.118200	0.122500	0.123200	0.219000	0.112000	0.276000
20382.0	0.374500	0.303800	0.198200	0.293900	0.217700	0.357300	0.332000	0.255800	0.418500	0.360400	0.306300	0.321900	0.235700	0.169300	0.241900	0.233400	0.197400	0.200000	0.311600	0.254600	0.208100	0.228400	0.246300	0.238000	0.151100	0.189000	0.173400	0.115300	0.120800	0.123500	0.217100	0.112800	0.274700
25477.5	0.384900	0.308000	0.198000	0.303100	0.216900	0.350200	0.323300	0.254700	0.412900	0.358900	0.305000	0.321600	0.235500	0.170300	0.243700	0.230800	0.187100	0.187700	0.305700	0.254600	0.202200	0.223100	0.240500	0.235000	0.154000	0.191400	0.177500	0.120200	0.125000	0.126400	0.219300	0.115500	0.274100
30573.0	0.402800	0.317100	0.198700	0.333400	0.219000	0.354600	0.318900	0.252200	0.404600	0.353500	0.299900	0.315200	0.232400	0.166300	0.247400	0.229100	0.196000	0.202300	0.332300	0.249000	0.206900	0.227600	0.245500	0.236300	0.144700	0.187700	0.166900	0.110800	0.117800	0.117700	0.219500	0.105600	0.278600
35668.5	0.396100	0.319200	0.198200	0.341900	0.217900	0.354200	0.316800	0.253200	0.407500	0.353100	0.299100	0.315300	0.233200	0.166300	0.255600	0.242000	0.194900	0.196300	0.325400	0.251000	0.204300	0.226000	0.244600	0.236800	0.150500	0.188000	0.168100	0.118700	0.122500	0.121600	0.222900	0.113400	0.284500
40764.0	0.399500	0.315700	0.197200	0.333500	0.214800	0.355600	0.320100	0.251600	0.412300	0.355100	0.302400	0.316500	0.234500	0.167600	0.267000	0.256700	0.191200	0.197400	0.320000	0.252000	0.199500	0.222400	0.243000	0.237400	0.152200	0.189500	0.166900	0.117800	0.122900	0.120000	0.223900	0.113900	0.286800
45859.5	0.404200	0.311900	0.198900	0.322100	0.215300	0.356400	0.321700	0.253900	0.420300	0.362900	0.306700	0.321200	0.236800	0.170600	0.273300	0.277200	0.188300	0.191300	0.303000	0.256800	0.199000	0.222900	0.244500	0.237400	0.152600	0.192200	0.169800	0.120500	0.124600	0.123600	0.226600	0.113600	0.288100
50955.0	0.411600	0.318200	0.201200	0.315900	0.220100	0.364200	0.323200	0.253000	0.418800	0.358000	0.306700	0.321700	0.237400	0.168300	0.284800	0.267300	0.202200	0.204600	0.330200	0.256100	0.207200	0.230800	0.252100	0.242700	0.147500	0.188700	0.162300	0.113900	0.119800	0.117000	0.225000	0.110000	0.292400
56050.6	0.399900	0.313600	0.203300	0.323200	0.223100	0.372400	0.326700	0.256200	0.419500	0.359500	0.311400	0.326900	0.239100	0.168800	0.309100	0.253000	0.208100	0.210000	0.327400	0.259200	0.210800	0.235900	0.257200	0.246900	0.148100	0.190600	0.164100	0.113600	0.120900	0.115700	0.224500	0.108400	0.302500
61146.1	0.393700	0.307700	0.201800	0.320600	0.224000	0.370600	0.327400	0.259300	0.420700	0.359400	0.310900	0.331500	0.238000	0.170400	0.328800	0.245500	0.202800	0.203100	0.320700	0.259500	0.207800	0.233800	0.255200	0.244500	0.154700	0.192900	0.170900	0.120100	0.126200	0.123400	0.229800	0.118100	0.302700
66241.6	0.389600	0.305600	0.199500	0.335100	0.221500	0.369000	0.327400	0.260300	0.421000	0.355000	0.307500	0.325300	0.235400	0.168300	0.337700	0.240200	0.199700	0.203000	0.325200	0.256200	0.206700	0.231800	0.250700	0.242400	0.148700	0.189200	0.172300	0.116000	0.121300	0.120900	0.231400	0.113700	0.305700
71337.1	0.385300	0.296600	0.196700	0.335900	0.220100	0.365600	0.327700	0.263400	0.424000	0.358100	0.308000	0.326200	0.234100	0.171200	0.295200	0.228000	0.189800	0.188900	0.319400	0.260500	0.200300	0.225800	0.248000	0.239400	0.155200	0.189700	0.184900	0.124800	0.126900	0.128100	0.229200	0.120400	0.295900
76432.6	0.379100	0.303800	0.206300	0.351800	0.229100	0.378200	0.332300	0.270200	0.428500	0.358600	0.306200	0.328400	0.237800	0.168300	0.297900	0.225100	0.210600	0.215600	0.336500	0.262200	0.211700	0.240300	0.259800	0.248500	0.145200	0.188200	0.180700	0.110000	0.119600	0.111600	0.223900	0.101700	0.304100
81528.1	0.376300	0.292800	0.197500	0.332300	0.218200	0.357000	0.324700	0.267600	0.421100	0.360300	0.306900	0.325700	0.234500	0.172600	0.292200	0.224000	0.187300	0.185700	0.314600	0.259900	0.199700	0.224400	0.247800	0.239000	0.159500	0.191200	0.190500	0.130000	0.131800	0.133500	0.228500	0.123800	0.298400
86623.6	0.379900	0.298900	0.204800	0.342600	0.229400	0.371900	0.331100	0.272300	0.427400	0.366200	0.310300	0.334900	0.239000	0.171700	0.277300	0.229800	0.201000	0.198200	0.325100	0.261000	0.209500	0.234900	0.255400	0.248300	0.149700	0.190800	0.176100	0.114000	0.125800	0.116000	0.228300	0.106200	0.301400
91719.1	0.373800	0.291000	0.201100	0.339800	0.226000	0.368400	0.327600	0.268600	0.421500	0.368000	0.306400	0.328800	0.235000	0.171400	0.251300	0.270100	0.199200	0.199500	0.316400	0.261900	0.206000	0.231800	0.252100	0.246600	0.151400	0.192400	0.171700	0.115200	0.123700	0.120400	0.227700	0.107900	0.290300
96814.6	0.368200	0.288100	0.203100	0.350300	0.228500	0.366800	0.324600	0.268600	0.415700	0.361600	0.304600	0.326800	0.234500	0.170200	0.237700	0.297800	0.201900	0.201000	0.332700	0.256600	0.206400	0.231800	0.252500	0.248100	0.148100	0.193000	0.168900	0.114000	0.121900	0.117600	0.228600	0.108200	0.284300
101910.1	0.351300	0.279400	0.197500	0.339000	0.224600	0.358700	0.320800	0.265700	0.411900	0.357400	0.301000	0.325400	0.232000	0.172000	0.229900	0.263400	0.191900	0.186000	0.304000	0.251400	0.200800	0.223000	0.245100	0.242700	0.155600	0.192600	0.172400	0.124100	0.128500	0.129200	0.233200	0.117700	0.276400
107005.6	0.334900	0.275300	0.199600	0.327200	0.227500	0.358400	0.321800	0.263400	0.404400	0.352900	0.296400	0.322700	0.230500	0.169400	0.225800	0.241200	0.195700	0.192100	0.294600	0.245400	0.203400	0.225100	0.245900	0.242700	0.146100	0.190300	0.166600	0.113100	0.121900	0.117300	0.232900	0.107500	0.272600
112101.1	0.315400	0.269300	0.198100	0.317500	0.226900	0.351500	0.318400	0.255900	0.390800	0.347300	0.288000	0.315700	0.229000	0.167400	0.219600	0.222000	0.196400	0.191700	0.283600	0.237500	0.201600	0.224800	0.245300	0.242900	0.146500	0.188300	0.163300	0.112400	0.122700	0.117500	0.232200	0.108300	0.267900
117196.6	0.300600	0.266100	0.203100	0.321100	0.226700	0.355500	0.318400	0.252800	0.378900	0.337800	0.282500	0.313400	0.229100	0.166200	0.218100	0.218000	0.206900	0.202900	0.296300	0.232200	0.208100	0.231500	0.247900	0.245800	0.140000	0.186100	0.154500	0.104000	0.116900	0.107300	0.230100	0.096500	0.266400
122292.1	0.282200	0.252100	0.197200	0.296600	0.221600	0.333400	0.310800	0.247500	0.363100	0.331300	0.277400	0.307000	0.224600	0.166000	0.208800	0.221200	0.193200	0.185100	0.262500	0.226400	0.198500	0.221000	0.236900	0.236900	0.150200	0.186900	0.162900	0.118700	0.125400	0.120700	0.236800	0.112200	0.255500
127387.6	0.267900	0.244900	0.195800	0.284500	0.218600	0.326100	0.308500	0.244500	0.357700	0.330000	0.276900	0.304700	0.224800	0.168400	0.210600	0.227200	0.186100	0.177100	0.251500	0.224200	0.192700	0.216200	0.233800	0.233500	0.149400	0.186500	0.163700	0.118600	0.124500	0.119300	0.233900	0.114900	0.252400
132483.1	0.255700	0.240600	0.198500	0.272100	0.220800	0.326600	0.308800	0.244700	0.351100	0.323100	0.271900	0.301400	0.223000	0.165300	0.212800	0.219200	0.193400	0.186300	0.258700	0.220300	0.196800	0.220900	0.236900	0.234400	0.147300	0.184000	0.156400	0.114300	0.122600	0.119600	0.227700	0.110600	0.250000
137578.6	0.247700	0.240000	0.200600	0.274200	0.222800	0.331800	0.309800	0.242500	0.348700	0.320700	0.269500	0.301000	0.223000	0.164900	0.213800	0.221300	0.201300	0.194800	0.258100	0.219100	0.205100	0.226000	0.239400	0.235800	0.141100	0.182000	0.154100	0.110000	0.118800	0.108700	0.219500	0.102700	0.249800
142674.1	0.240800	0.238700	0.199200	0.265800	0.221900	0.328600	0.308700	0.241000	0.342100	0.318900	0.266900	0.299800	0.222400	0.166100	0.213000	0.211500	0.197700	0.189300	0.242700	0.216400	0.199700	0.224300	0.239200	0.232300	0.142000	0.181300	0.156200	0.107700	0.119900	0.113800	0.210900	0.102500	0.246300
147769.6	0.232600	0.231600	0.197800	0.258400	0.220400	0.318500	0.307500	0.239800	0.335500	0.318000	0.266900	0.299400	0.220000	0.166200	0.212300	0.215100	0.193800	0.185100	0.224300	0.216400	0.196000	0.220600	0.233400	0.228300	0.143600	0.180800	0.160300	0.108500	0.122600	0.116300	0.204700	0.106100	0.242200
152865.2	0.228600	0.230800	0.198500	0.249100	0.218100	0.315300	0.305100	0.239000	0.330500	0.316000	0.266200	0.299300	0.221200	0.167600	0.212900	0.218800	0.187400	0.177300	0.212000	0.216100	0.192600	0.217000	0.232400	0.225000	0.147100	0.183000	0.166700	0.115800	0.123900	0.118600	0.201400	0.111700	0.238900
157960.7	0.225300	0.231800	0.199000	0.249200	0.218600	0.318300	0.307800	0.240500	0.328600	0.314300	0.264900	0.298600	0.221100	0.166200	0.214100	0.226200	0.194700	0.187300	0.216900	0.215100	0.197600	0.220300	0.234400	0.225800	0.142200	0.181400	0.164000	0.108900	0.120000	0.114500	0.201600	0.109200	0.238900
163056.2	0.222000	0.234400	0.200900	0.250400	0.220100	0.320100	0.306800	0.240700	0.327900	0.312100	0.265900	0.299000	0.222900	0.166200	0.215200	0.240000	0.196000	0.188500	0.216700	0.216300	0.197600	0.221700	0.234700	0.228400	0.142500	0.182600	0.172800	0.108500	0.120300	0.111400	0.202100	0.107200	0.239900
168151.7	0.217500	0.229000	0.195300	0.244200	0.216900	0.309100	0.302000	0.240600	0.325400	0.306800	0.265200	0.293200	0.220900	0.167700	0.225100	0.231300	0.191000	0.181300	0.211800	0.214000	0.193000	0.216200	0.230400	0.223600	0.144100	0.182100	0.186300	0.112100	0.121300	0.115300	0.205200	0.111400	0.238000
173247.2	0.213600	0.226100	0.193200	0.239100	0.214500	0.306000	0.303700	0.241200	0.325600	0.308900	0.264300	0.295800	0.220500	0.167500	0.255700	0.212600	0.182100	0.172900	0.210100	0.214600	0.190300	0.212600	0.225900	0.221100	0.150600	0.182500	0.195300	0.121600	0.127500	0.123900	0.211300	0.125900	0.244200
178342.7	0.211000	0.225900	0.194700	0.238800	0.215800	0.311800	0.304700	0.240300	0.323500	0.306700	0.264600	0.291800	0.220300	0.166100	0.254300	0.205300	0.189800	0.181800	0.216600	0.212300	0.194000	0.216100	0.229100	0.222600	0.145300	0.181500	0.187400	0.114200	0.122000	0.116400	0.213500	0.128700	0.244400
183438.2	0.211000	0.225900	0.196200	0.235300	0.217900	0.314700	0.306500	0.242600	0.326400	0.308700	0.266200	0.297900	0.223100	0.167400	0.235400	0.201200	0.189200	0.181600	0.213700	0.217500	0.194200	0.218900	0.231800	0.226400	0.143300	0.184000	0.183900	0.111900	0.122900	0.111300	0.212700	0.130800	0.240800
188533.7	0.206900	0.226800	0.199100	0.229000	0.221000	0.315700	0.305400	0.241700	0.321800	0.301900	0.264400	0.299700	0.223300	0.165300	0.220500	0.190000	0.200500	0.191400	0.217300	0.214200	0.199300	0.224600	0.236000	0.227000	0.140800	0.181000	0.168000	0.107000	0.119100	0.109000	0.204400	0.116200	0.235000
193629.2	0.204200	0.220800	0.194600	0.220900	0.216300	0.304300	0.301300	0.240400	0.316800	0.297000	0.265000	0.297600	0.222100	0.168200	0.210900	0.187700	0.185600	0.172400	0.204900	0.213500	0.191200	0.215400	0.228200	0.221300	0.147000	0.182500	0.167300	0.116300	0.124900	0.116000	0.201400	0.119700	0.228200
198724.7	0.202200	0.224400	0.198200	0.224200	0.218100	0.309700	0.305500	0.243700	0.315800	0.297000	0.262800	0.299200	0.223600	0.165800	0.207500	0.185600	0.193300	0.184700	0.208400	0.211300	0.199600	0.219300	0.233100	0.223000	0.142800	0.181400	0.158100	0.112700	0.123300	0.110500	0.198100	0.111700	0.228000
203820.2	0.201500	0.223900	0.197700	0.224600	0.218200	0.305700	0.309000	0.244800	0.315100	0.298700	0.263000	0.295600	0.225200	0.167600	0.216700	0.187300	0.187100	0.178000	0.207500	0.210600	0.191600	0.216700	0.228100	0.223000	0.148000	0.182500	0.161300	0.113800	0.125100	0.113800	0.204400	0.112500	0.230500
208915.7	0.205600	0.237500	0.215300	0.239400	0.228900	0.328000	0.329200	0.256300	0.324400	0.303800	0.263600	0.306300	0.235100	0.168200	0.257600	0.199700	0.213600	0.208900	0.236900	0.210100	0.213400	0.233900	0.241400	0.236900	0.143000	0.185800	0.156900	0.106800	0.123000	0.105100	0.214300	0.104000	0.247900
214011.2	0.211300	0.248000	0.224100	0.238400	0.228000	0.334900	0.349900	0.273600	0.341700	0.317800	0.270600	0.321700	0.249300	0.178000	0.285200	0.226500	0.210900	0.201400	0.233000	0.214700	0.214600	0.237200	0.243800	0.247600	0.150700	0.196700	0.176300	0.112900	0.131300	0.113000	0.225900	0.115400	0.261000
219106.7	0.214000	0.254800	0.234300	0.237400	0.230200	0.338600	0.375700	0.290300	0.355900	0.330300	0.275100	0.337600	0.262600	0.186600	0.292000	0.255500	0.214700	0.201500	0.233400	0.217200	0.223500	0.244600	0.249200	0.260700	0.161200	0.204900	0.192400	0.122700	0.142900	0.117900	0.236600	0.125100	0.269500
224202.2	0.215700	0.266200	0.246400	0.236900	0.232700	0.343500	0.400900	0.306100	0.367100	0.341900	0.278500	0.349700	0.274200	0.193600	0.289100	0.298600	0.217300	0.198000	0.235100	0.220000	0.231700	0.253900	0.252700	0.273000	0.168500	0.214000	0.213400	0.129900	0.153500	0.129800	0.247900	0.137600	0.273100
229297.7	0.214500	0.272500	0.252500	0.232100	0.235200	0.343800	0.422600	0.323800	0.377000	0.353000	0.283500	0.364700	0.289100	0.205400	0.282500	0.288500	0.217400	0.197000	0.231600	0.220700	0.236900	0.258300	0.254400	0.282600	0.174200	0.223300	0.223900	0.132100	0.161900	0.132000	0.250900	0.142300	0.274800
234393.2	0.214000	0.279700	0.264900	0.231500	0.235700	0.349900	0.448300	0.332100	0.385400	0.359600	0.284400	0.375200	0.299400	0.211100	0.276600	0.278400	0.229600	0.201900	0.232400	0.219100	0.248200	0.271300	0.261700	0.295100	0.180300	0.227000	0.220500	0.140200	0.169800	0.138700	0.251500	0.149300	0.274300
239488.7	0.212900	0.279800	0.271900	0.229900	0.237100	0.349500	0.469000	0.340300	0.390000	0.364700	0.286500	0.383000	0.309100	0.217000	0.268900	0.269900	0.231300	0.204100	0.229700	0.219300	0.254100	0.279100	0.265300	0.304400	0.178000	0.234200	0.211400	0.133200	0.170300	0.134700	0.247800	0.140100	0.274100
244584.3	0.211100	0.277400	0.280400	0.227500	0.236700	0.355100	0.481900	0.342900	0.391900	0.362600	0.286800	0.386400	0.314100	0.219500	0.261200	0.256800	0.241200	0.206400	0.229200	0.216400	0.262400	0.285600	0.267100	0.310100	0.184700	0.237400	0.207000	0.139200	0.174000	0.144900	0.245500	0.144500	0.272400
249679.8	0.208100	0.277200	0.283700	0.221700	0.234400	0.343300	0.489600	0.344200	0.395000	0.363800	0.291300	0.390100	0.319700	0.224200	0.252400	0.245800	0.231600	0.191700	0.216600	0.217700	0.257000	0.285400	0.264700	0.311700	0.188400	0.240800	0.205400	0.139700	0.179400	0.150400	0.238400	0.141000	0.267100
254775.3	0.206000	0.279500	0.290400	0.223600	0.238100	0.350100	0.497800	0.341000	0.392300	0.356300	0.286300	0.389500	0.321400	0.220300	0.249100	0.235600	0.250100	0.212000	0.224700	0.212300	0.263800	0.298600	0.271800	0.318700	0.181100	0.240300	0.194900	0.132800	0.171300	0.137300	0.233200	0.128800	0.264700
259870.8	0.205800	0.282800	0.290100	0.219200	0.234500	0.344400	0.503800	0.341400	0.395300	0.360600	0.289000	0.396400	0.324000	0.225100	0.243100	0.232900	0.241800	0.196300	0.214400	0.214500	0.262100	0.299200	0.268900	0.319800	0.190500	0.244800	0.195600	0.140200	0.180100	0.149100	0.231600	0.136500	0.263100
264966.3	0.205000	0.285000	0.302000	0.223600	0.240000	0.351800	0.511500	0.344000	0.398900	0.360700	0.290700	0.402100	0.330500	0.224700	0.240100	0.226700	0.263200	0.215000	0.225500	0.213800	0.270700	0.315700	0.278200	0.329400	0.181300	0.247400	0.180900	0.125700	0.169100	0.133300	0.225600	0.116300	0.263600
270061.8	0.202700	0.279100	0.302100	0.220000	0.237300	0.343500	0.502600	0.336700	0.388700	0.350900	0.285800	0.394800	0.329400	0.226100	0.235100	0.220300	0.257700	0.209200	0.218700	0.211500	0.267000	0.313200	0.274600	0.325100	0.184100	0.248100	0.178900	0.129700	0.172600	0.136900	0.223100	0.117400	0.258600
275157.3	0.199800	0.278300	0.299900	0.216400	0.235800	0.338800	0.490600	0.330400	0.384800	0.348000	0.285300	0.390900	0.326900	0.227100	0.230400	0.214300	0.251100	0.201700	0.210200	0.212200	0.262200	0.310200	0.272500	0.322200	0.186400	0.251800	0.178900	0.134800	0.175300	0.140700	0.218500	0.122900	0.254200
280252.8	0.197400	0.269800	0.294600	0.212200	0.231000	0.327100	0.476700	0.322100	0.377400	0.340000	0.281900	0.385700	0.324500	0.224500	0.223900	0.208500	0.252000	0.202200	0.209700	0.207000	0.256000	0.309700	0.270000	0.317700	0.181100	0.249700	0.173600	0.128500	0.167800	0.134100	0.214500	0.115000	0.246200
285348.3	0.195600	0.268500	0.287300	0.208600	0.227500	0.319500	0.461400	0.313800	0.371800	0.335300	0.279700	0.380600	0.320600	0.227200	0.220100	0.205400	0.241000	0.191500	0.198900	0.208200	0.252500	0.302300	0.263600	0.312100	0.187700	0.253500	0.178900	0.139200	0.176200	0.146700	0.212200	0.124600	0.242300
290443.8	0.194700	0.266000	0.287300	0.207300	0.226700	0.316000	0.450900	0.310500	0.367700	0.331400	0.279700	0.378100	0.319300	0.226400	0.216400	0.202500	0.241500	0.192600	0.199200	0.206700	0.251100	0.305100	0.264100	0.311200	0.183600	0.256000	0.172200	0.131200	0.170500	0.141900	0.210700	0.118800	0.239800
295539.3	0.191900	0.261000	0.287000	0.208300	0.230900	0.317400	0.442000	0.302700	0.363000	0.322700	0.277200	0.373700	0.318000	0.222100	0.211300	0.197400	0.250900	0.202800	0.203400	0.203000	0.254800	0.310000	0.265600	0.310000	0.178700	0.252200	0.165600	0.126500	0.164500	0.134600	0.204500	0.114500	0.237000
300634.8	0.190500	0.258700	0.284100	0.205000	0.227100	0.311400	0.426900	0.297100	0.357000	0.318600	0.272800	0.369000	0.314200	0.222700	0.208400	0.196300	0.245900	0.199400	0.198700	0.202800	0.249500	0.306800	0.262800	0.305300	0.179200	0.252600	0.165500	0.128200	0.166000	0.136600	0.202200	0.113200	0.232900
305730.3	0.189900	0.262000	0.288600	0.207300	0.229500	0.317100	0.420500	0.290800	0.351500	0.312300	0.272800	0.365200	0.311700	0.220300	0.208000	0.193200	0.257200	0.212900	0.206400	0.201100	0.255800	0.314000	0.265700	0.308900	0.170000	0.250000	0.156700	0.118100	0.156400	0.124000	0.199000	0.100700	0.231900
310825.8	0.187200	0.253000	0.283600	0.201800	0.224100	0.305500	0.406700	0.284700	0.344700	0.307400	0.270800	0.357000	0.306100	0.221800	0.204600	0.190700	0.240100	0.197900	0.194700	0.199600	0.246100	0.300700	0.255800	0.296500	0.174100	0.251200	0.158900	0.122800	0.160800	0.128300	0.198300	0.107100	0.225800
315921.3	0.185800	0.249100	0.276400	0.198600	0.220000	0.298700	0.394800	0.276800	0.337600	0.303100	0.269900	0.349700	0.302600	0.217800	0.200000	0.188100	0.234700	0.190900	0.188500	0.197300	0.243100	0.295500	0.251800	0.291300	0.175400	0.250200	0.162100	0.130200	0.163400	0.134500	0.197000	0.114400	0.221600
321016.8	0.186500	0.251200	0.278600	0.200700	0.221900	0.299900	0.390400	0.275100	0.335900	0.300500	0.268800	0.347800	0.298600	0.217900	0.200900	0.187300	0.239100	0.199700	0.190800	0.198100	0.242100	0.299600	0.252500	0.292600	0.170500	0.249300	0.156100	0.120200	0.158300	0.129300	0.194200	0.104700	0.221900
326112.3	0.185300	0.247800	0.278700	0.200700	0.223800	0.300000	0.387300	0.272000	0.333600	0.297400	0.267200	0.348200	0.297400	0.216700	0.199300	0.186700	0.242900	0.205500	0.194000	0.197500	0.242200	0.301700	0.254600	0.292600	0.168500	0.248800	0.155500	0.119500	0.155500	0.126000	0.192200	0.102100	0.220100
331207.8	0.184200	0.243400	0.274300	0.196700	0.219900	0.292100	0.377000	0.264800	0.328900	0.294100	0.265000	0.340500	0.292600	0.215100	0.196100	0.184000	0.238500	0.203800	0.192400	0.195700	0.240200	0.296000	0.249400	0.284600	0.171800	0.250600	0.157000	0.127400	0.160000	0.133400	0.194300	0.110700	0.216200
336303.3	0.183900	0.245200	0.275000	0.199300	0.222900	0.294900	0.376600	0.265000	0.329700	0.293100	0.264600	0.341800	0.292800	0.213800	0.195600	0.183200	0.239900	0.203900	0.192600	0.196500	0.240600	0.297600	0.251000	0.284600	0.168300	0.248100	0.152600	0.120800	0.156200	0.124900	0.190800	0.103500	0.216200
341398.9	0.182300	0.240900	0.271100	0.195200	0.219600	0.285300	0.369100	0.260400	0.326000	0.291100	0.264500	0.338000	0.288600	0.215600	0.192700	0.181600	0.229600	0.195100	0.184800	0.199900	0.231500	0.290400	0.246100	0.280000	0.169800	0.249800	0.154700	0.123100	0.157200	0.130400	0.190300	0.105500	0.211700
346494.4	0.182700	0.239800	0.269200	0.194000	0.218500	0.285200	0.366100	0.257300	0.323800	0.289400	0.264200	0.334300	0.284800	0.215300	0.192600	0.180900	0.229100	0.192800	0.184700	0.200000	0.232000	0.288100	0.243900	0.276400	0.169500	0.249000	0.155700	0.123000	0.156300	0.130100	0.190300	0.106800	0.210700
351589.9	0.182000	0.238600	0.267800	0.195200	0.219600	0.282800	0.363900	0.255100	0.322000	0.288000	0.262600	0.335500	0.284700	0.214400	0.192400	0.180100	0.226000	0.190500	0.183000	0.200300	0.231100	0.289500	0.244500	0.275800	0.168900	0.249300	0.154000	0.123700	0.156400	0.127100	0.186900	0.105800	0.210500
356685.4	0.181000	0.238100	0.265700	0.195500	0.220100	0.285300	0.360600	0.252200	0.319000	0.285900	0.260200	0.331000	0.282100	0.213300	0.191100	0.179200	0.232300	0.201200	0.185800	0.198600	0.231500	0.289500	0.244500	0.274000	0.164300	0.247000	0.150300	0.115200	0.151600	0.120700	0.187000	0.101200	0.207700
361780.9	0.180200	0.235700	0.263100	0.192300	0.218500	0.278900	0.354900	0.250000	0.316700	0.284400	0.258000	0.328300	0.279200	0.214800	0.189900	0.178100	0.224200	0.189500	0.181300	0.197200	0.224500	0.283900	0.240200	0.270200	0.167200	0.247300	0.151800	0.124000	0.155600	0.126900	0.186500	0.104500	0.206000
366876.4	0.180200	0.233500	0.260100	0.189100	0.216200	0.277700	0.351000	0.247000	0.315500	0.283700	0.259900	0.326600	0.277800	0.214700	0.188200	0.177800	0.217800	0.184300	0.177900	0.195700	0.221800	0.278000	0.237800	0.266200	0.171900	0.248500	0.155100	0.126400	0.162000	0.129700	0.187500	0.108400	0.204800
371971.9	0.179600	0.231400	0.257400	0.188900	0.217400	0.273700	0.347900	0.243900	0.312200	0.281500	0.257100	0.323400	0.274400	0.214100	0.187700	0.176100	0.215100	0.182800	0.174900	0.195100	0.220700	0.276500	0.236500	0.263200	0.167300	0.246800	0.154200	0.125000	0.160000	0.127100	0.185900	0.108200	0.201900
377067.4	0.179000	0.232200	0.259900	0.192000	0.218900	0.279500	0.349600	0.242700	0.311000	0.277600	0.256400	0.321100	0.272500	0.210600	0.186400	0.175000	0.227600	0.198600	0.184200	0.192300	0.226800	0.285200	0.240300	0.265000	0.164200	0.245600	0.149100	0.120300	0.154800	0.123000	0.184500	0.102100	0.202200
382162.9	0.178100	0.231500	0.255600	0.190000	0.217300	0.274200	0.346000	0.240400	0.309900	0.276100	0.254700	0.318200	0.270300	0.208700	0.186200	0.174600	0.221400	0.193300	0.180300	0.190700	0.222700	0.280000	0.237700	0.261600	0.161400	0.246300	0.148900	0.116200	0.153200	0.121700	0.184100	0.101000	0.200900
387258.4	0.178600	0.229400	0.256700	0.192300	0.221400	0.278400	0.344200	0.238300	0.307400	0.273500	0.252800	0.317000	0.267500	0.205500	0.185800	0.172800	0.228600	0.202900	0.185300	0.189500	0.227100	0.283700	0.239900	0.261100	0.157400	0.244000	0.145000	0.115000	0.149000	0.116400	0.182200	0.097400	0.200600
392353.9	0.178300	0.228200	0.254100	0.189600	0.218800	0.278000	0.341500	0.237000	0.304600	0.273400	0.253000	0.314200	0.265400	0.209700	0.184600	0.173300	0.222900	0.193700	0.182100	0.189800	0.221800	0.277500	0.237300	0.257500	0.161600	0.246100	0.147200	0.119800	0.153600	0.120900	0.182600	0.101400	0.199500
397449.4	0.177200	0.226600	0.253900	0.190900	0.220700	0.275700	0.338900	0.233500	0.303200	0.270800	0.251300	0.314800	0.266600	0.204900	0.183600	0.171700	0.225200	0.198700	0.184700	0.188000	0.221400	0.279700	0.238700	0.256900	0.155900	0.244300	0.143900	0.115400	0.147700	0.116500	0.181200	0.096300	0.198500
402544.9	0.176800	0.227600	0.253100	0.191200	0.224600	0.280200	0.338200	0.233100	0.303600	0.268500	0.250900	0.311100	0.263100	0.204300	0.183100	0.170700	0.230600	0.206100	0.186700	0.187400	0.226700	0.284000	0.240800	0.257100	0.153900	0.241100	0.141600	0.111700	0.144200	0.111000	0.179900	0.093000	0.198300
407640.4	0.177100	0.224100	0.250900	0.188500	0.219500	0.271200	0.331800	0.230900	0.299500	0.268800	0.249700	0.309100	0.261300	0.206000	0.183200	0.171300	0.220600	0.195000	0.180400	0.186900	0.222400	0.274600	0.235500	0.252000	0.156100	0.244800	0.143100	0.112900	0.146500	0.112600	0.179900	0.098700	0.196400
412735.9	0.175100	0.221500	0.248200	0.188200	0.219600	0.271300	0.328200	0.228900	0.296800	0.264700	0.248500	0.306800	0.258900	0.202700	0.181600	0.170000	0.220200	0.195500	0.179600	0.185800	0.220500	0.274800	0.235100	0.249400	0.154800	0.241900	0.143300	0.114600	0.144300	0.116400	0.179700	0.097200	0.194700
417831.4	0.176400	0.217500	0.241700	0.183700	0.215700	0.263700	0.323100	0.225500	0.294700	0.266400	0.248600	0.303500	0.256400	0.206700	0.179100	0.169700	0.205100	0.179400	0.170300	0.186700	0.210900	0.263100	0.227300	0.243100	0.161900	0.243300	0.148900	0.122000	0.151400	0.124100	0.181100	0.106500	0.192900
422926.9	0.175800	0.220600	0.245500	0.187600	0.220600	0.272200	0.324600	0.225900	0.293400	0.263200	0.248400	0.303500	0.256300	0.201200	0.181000	0.169100	0.220200	0.199500	0.182300	0.184900	0.219700	0.272900	0.234200	0.246200	0.153700	0.239400	0.142300	0.112300	0.143900	0.112900	0.178600	0.097700	0.193200
428022.4	0.175900	0.220400	0.247700	0.188400	0.222300	0.270700	0.322100	0.224000	0.292900	0.262100	0.245800	0.300500	0.254500	0.201300	0.181100	0.169200	0.225200	0.202400	0.184100	0.184400	0.220300	0.273500	0.234800	0.246000	0.152000	0.238100	0.139100	0.112700	0.143900	0.113200	0.179700	0.094200	0.192900
433118.0	0.176200	0.221700	0.249100	0.190100	0.224900	0.275900	0.321900	0.222200	0.290700	0.261200	0.245800	0.300600	0.253800	0.199200	0.180800	0.167900	0.229800	0.209600	0.188400	0.184200	0.221900	0.277800	0.236400	0.248300	0.145900	0.236400	0.135400	0.105200	0.138100	0.103600	0.177500	0.090400	0.193500
438213.5	0.175100	0.219800	0.242400	0.187500	0.221200	0.268900	0.317100	0.220900	0.289500	0.260400	0.246000	0.297900	0.253500	0.201100	0.180400	0.169100	0.212600	0.191000	0.177500	0.184800	0.212000	0.264500	0.230400	0.239700	0.154200	0.238200	0.142100	0.115500	0.147500	0.115400	0.177900	0.097400	0.192500
443309.0	0.174600	0.215600	0.237100	0.184300	0.217800	0.262400	0.317000	0.218700	0.287500	0.258700	0.244600	0.294700	0.251700	0.199500	0.179000	0.168100	0.210400	0.187700	0.174800	0.184100	0.209400	0.263400	0.228600	0.238300	0.154700	0.235800	0.141700	0.115800	0.145200	0.116400	0.178600	0.098000	0.189500
448404.5	0.174500	0.213100	0.238100	0.184400	0.220600	0.263200	0.315700	0.217700	0.286100	0.258900	0.243400	0.293200	0.250500	0.199800	0.178700	0.167900	0.210200	0.189800	0.175500	0.184300	0.211100	0.262600	0.228200	0.237500	0.149500	0.235600	0.139600	0.111100	0.141000	0.109500	0.177300	0.093900	0.189900
453500.0	0.175300	0.215000	0.240200	0.186700	0.222500	0.267600	0.314800	0.216800	0.286100	0.258300	0.244600	0.293200	0.249500	0.197300	0.179000	0.167600	0.217900	0.195300	0.180200	0.183700	0.214700	0.266300	0.231600	0.238400	0.149000	0.234300	0.138700	0.111200	0.140100	0.110600	0.177000	0.094200	0.190400
458595.5	0.174900	0.212500	0.235300	0.185000	0.221500	0.266000	0.312700	0.215300	0.283800	0.257000	0.242900	0.290400	0.248100	0.195400	0.177300	0.166200	0.214900	0.195100	0.179500	0.182700	0.210700	0.264300	0.228600	0.235400	0.146500	0.233100	0.136400	0.107100	0.135400	0.104100	0.177800	0.091500	0.189400
463691.0	0.172600	0.208100	0.229000	0.180700	0.217400	0.257500	0.307800	0.212900	0.280800	0.256300	0.240900	0.285600	0.244400	0.197300	0.174800	0.166200	0.198800	0.178100	0.166300	0.183400	0.202500	0.252100	0.222100	0.228200	0.155900	0.232000	0.144100	0.120200	0.145200	0.119900	0.176800	0.103700	0.188000
468786.5	0.174400	0.214500	0.236800	0.187600	0.224200	0.268700	0.310900	0.213700	0.282200	0.253400	0.241300	0.286300	0.247000	0.193100	0.177300	0.165600	0.222800	0.205300	0.183800	0.181200	0.215100	0.266800	0.231200	0.235500	0.140300	0.229000	0.132600	0.102700	0.131900	0.101000	0.174300	0.086300	0.189900
473882.0	0.173800	0.208800	0.231200	0.183500	0.222100	0.260000	0.307000	0.211800	0.279600	0.253200	0.241400	0.284900	0.244400	0.194600	0.175500	0.165200	0.208600	0.189700	0.173700	0.182500	0.206600	0.256500	0.225100	0.229600	0.147500	0.230800	0.137400	0.109300	0.136800	0.108100	0.176600	0.094800	0.186800
478977.5	0.173200	0.209900	0.231700	0.184400	0.223100	0.263400	0.304600	0.211700	0.280200	0.253000	0.240900	0.283400	0.244400	0.194100	0.175100	0.165600	0.210100	0.191900	0.175100	0.181800	0.208300	0.256000	0.224000	0.228800	0.142700	0.229800	0.136400	0.105400	0.133400	0.104600	0.176100	0.089200	0.187400
484073.0	0.173300	0.208100	0.231000	0.182400	0.221800	0.259200	0.302000	0.209200	0.277900	0.252100	0.239700	0.281900	0.242900	0.194300	0.175000	0.165100	0.205600	0.190000	0.173300	0.182500	0.206200	0.253000	0.223600	0.225700	0.148900	0.230000	0.139400	0.112800	0.138000	0.109300	0.176200	0.096000	0.185400
489168.5	0.173300	0.207600	0.227800	0.181100	0.221400	0.257700	0.301100	0.208600	0.276500	0.252600	0.240000	0.280300	0.242200	0.192700	0.174800	0.165700	0.203100	0.185800	0.170200	0.182100	0.203100	0.250200	0.223000	0.224900	0.146200	0.231500	0.136700	0.109300	0.134900	0.108500	0.176100	0.093700	0.185400
494264.0	0.172100	0.205500	0.226200	0.182800	0.222600	0.260100	0.299700	0.207100	0.272600	0.250200	0.238900	0.279700	0.241000	0.193000	0.172500	0.163900	0.205400	0.188700	0.174500	0.181100	0.207200	0.252000	0.223100	0.224100	0.146400	0.228700	0.135800	0.108700	0.133700	0.107500	0.174800	0.093000	0.184300
499359.5	0.173200	0.210900	0.235500	0.188200	0.231200	0.272600	0.302000	0.208200	0.275800	0.249200	0.237900	0.279100	0.241900	0.188000	0.176500	0.164900	0.227800	0.216900	0.188900	0.179300	0.219400	0.265900	0.232400	0.230800	0.134600	0.226000	0.127400	0.096700	0.125100	0.093100	0.174700	0.080700	0.188900
504455.0	0.172200	0.205100	0.223600	0.181300	0.222900	0.256100	0.296600	0.205400	0.272900	0.249200	0.237800	0.275000	0.238000	0.192000	0.173000	0.165200	0.200300	0.185200	0.169400	0.180000	0.199800	0.247100	0.219900	0.220900	0.142200	0.227100	0.134300	0.106600	0.132400	0.104700	0.174500	0.093300	0.184000
509550.5	0.172100	0.205100	0.223200	0.181300	0.223600	0.256300	0.293200	0.205000	0.273300	0.248900	0.237900	0.274700	0.239000	0.193400	0.172800	0.163900	0.198000	0.180600	0.170500	0.181100	0.201500	0.246300	0.219100	0.219500	0.147800	0.226500	0.136800	0.111700	0.136600	0.111000	0.174700	0.095700	0.183700
514646.0	0.172300	0.204000	0.224700	0.182200	0.224600	0.258000	0.293700	0.202800	0.271000	0.246900	0.237600	0.272300	0.237300	0.188300	0.173100	0.163800	0.206300	0.193600	0.173800	0.179700	0.204400	0.250300	0.222200	0.219600	0.140600	0.223600	0.132600	0.102700	0.128900	0.102000	0.173100	0.089100	0.183300
519741.5	0.172400	0.206200	0.226200	0.182400	0.226300	0.261100	0.294600	0.203700	0.271600	0.247900	0.237700	0.274200	0.238100	0.189400	0.174000	0.164000	0.208600	0.192300	0.175500	0.179800	0.204400	0.250600	0.222900	0.221000	0.139200	0.224600	0.132100	0.104200	0.128200	0.100400	0.173800	0.088500	0.184400
524837.0	0.171900	0.201000	0.220000	0.179600	0.221100	0.249900	0.289800	0.200700	0.269900	0.247000	0.237200	0.271700	0.235100	0.190000	0.171500	0.163500	0.195300	0.178300	0.166000	0.180500	0.196000	0.241500	0.216900	0.215800	0.142700	0.224700	0.136400	0.106800	0.130800	0.105700	0.172400	0.093000	0.181300
529932.6	0.170200	0.200000	0.219300	0.179700	0.222400	0.253900	0.288400	0.199400	0.270900	0.245000	0.235300	0.267300	0.236200	0.187100	0.171200	0.162200	0.200000	0.185800	0.170400	0.178800	0.198800	0.244000	0.217100	0.215000	0.140600	0.220900	0.133000	0.106300	0.128300	0.104200	0.171400	0.091800	0.181300
535028.1	0.170700	0.199300	0.215900	0.176400	0.218700	0.247500	0.285600	0.198700	0.269600	0.245600	0.236300	0.268400	0.234200	0.191000	0.169800	0.162500	0.186800	0.172000	0.161900	0.180800	0.191700	0.234900	0.212100	0.210600	0.148300	0.222900	0.139600	0.116500	0.136900	0.112400	0.173100	0.099200	0.179500
540123.6	0.170600	0.197200	0.214200	0.176200	0.219300	0.246300	0.284000	0.198500	0.268500	0.244000	0.235200	0.266300	0.233000	0.189200	0.169000	0.162200	0.187300	0.172600	0.160800	0.179700	0.191800	0.233400	0.210100	0.209100	0.149000	0.221900	0.138400	0.116600	0.136500	0.113300	0.171700	0.099500	0.179400
545219.1	0.170900	0.201700	0.217800	0.179700	0.223400	0.256100	0.286600	0.198100	0.270500	0.244200	0.236400	0.267300	0.233300	0.185900	0.171400	0.162700	0.201700	0.191100	0.172400	0.178200	0.198600	0.244000	0.216900	0.213600	0.138000	0.219800	0.131200	0.105100	0.127100	0.102100	0.171000	0.087700	0.181400
550314.6	0.171900	0.205900	0.223600	0.185100	0.230000	0.263500	0.290700	0.200500	0.272000	0.244900	0.235800	0.269800	0.236400	0.184100	0.174200	0.163300	0.216900	0.205600	0.182800	0.179500	0.209900	0.253000	0.224300	0.218200	0.134800	0.219400	0.126500	0.100300	0.124600	0.095200	0.172100	0.083800	0.185200
555410.1	0.171000	0.199400	0.214300	0.180400	0.223100	0.255600	0.285100	0.198500	0.267800	0.244100	0.235500	0.265800	0.232300	0.187300	0.170300	0.162900	0.196100	0.181600	0.168800	0.179600	0.197000	0.239400	0.214800	0.211300	0.137400	0.218800	0.131200	0.102900	0.126800	0.098700	0.170200	0.088000	0.181400
560505.6	0.171100	0.199600	0.217200	0.181500	0.226400	0.260800	0.284300	0.198300	0.269200	0.242400	0.234900	0.267100	0.232000	0.184600	0.171000	0.161700	0.208300	0.197900	0.178700	0.178400	0.202700	0.245800	0.218700	0.212800	0.135900	0.217000	0.128300	0.102300	0.124400	0.097000	0.169800	0.087200	0.182600
565601.1	0.170600	0.199700	0.216000	0.179100	0.225100	0.254500	0.282700	0.197500	0.265400	0.241200	0.234100	0.264000	0.230100	0.183300	0.169800	0.161400	0.198100	0.188000	0.170100	0.177600	0.199200	0.238400	0.215600	0.210500	0.133600	0.215500	0.129200	0.101200	0.123000	0.095700	0.169000	0.086900	0.180400
570696.6	0.170300	0.200200	0.216000	0.181300	0.226600	0.259400	0.282200	0.196100	0.264700	0.240600	0.233400	0.262600	0.228700	0.182400	0.169800	0.160200	0.209900	0.200100	0.181300	0.177100	0.203300	0.243200	0.216300	0.210200	0.135400	0.213800	0.127000	0.102900	0.124200	0.097100	0.171700	0.084800	0.180700
575792.1	0.170500	0.198300	0.214200	0.180600	0.226400	0.257200	0.281800	0.197100	0.263700	0.241100	0.233400	0.262000	0.228400	0.181500	0.169500	0.161300	0.202200	0.190900	0.173300	0.178500	0.199900	0.239000	0.215500	0.208900	0.130400	0.213500	0.126300	0.098900	0.119800	0.092700	0.169500	0.083400	0.180300
580887.6	0.171000	0.196600	0.212400	0.179600	0.226500	0.253100	0.281100	0.196500	0.263400	0.240100	0.233400	0.262700	0.227200	0.183600	0.170000	0.161300	0.198400	0.189200	0.171600	0.178900	0.198100	0.236900	0.212400	0.206800	0.137100	0.216000	0.132400	0.107200	0.126800	0.101000	0.171000	0.090300	0.181300
585983.1	0.169300	0.193800	0.209300	0.177000	0.222000	0.249700	0.278300	0.195200	0.259300	0.238600	0.231600	0.259100	0.224500	0.183900	0.167800	0.160200	0.192800	0.182700	0.168200	0.178000	0.192900	0.231700	0.208600	0.203400	0.139800	0.213100	0.132400	0.110100	0.127100	0.103100	0.171100	0.091300	0.178900
591078.6	0.168700	0.194500	0.207800	0.178300	0.222800	0.252400	0.280000	0.194800	0.260100	0.237200	0.232200	0.259700	0.225500	0.180600	0.166800	0.160600	0.195000	0.185500	0.169600	0.178300	0.193200	0.233000	0.210100	0.204800	0.131100	0.212200	0.127900	0.098500	0.119900	0.094400	0.168100	0.086600	0.178700
596174.1	0.169700	0.197500	0.210300	0.179400	0.227400	0.255600	0.278900	0.195600	0.261000	0.239000	0.232900	0.259500	0.225600	0.180500	0.169100	0.160600	0.198000	0.191000	0.173500	0.178400	0.197300	0.235700	0.212600	0.205500	0.131100	0.211400	0.127600	0.101600	0.120400	0.094600	0.168900	0.085100	0.179200
601269.6	0.169700	0.194100	0.205900	0.176200	0.223000	0.248100	0.278200	0.195000	0.259800	0.238900	0.232500	0.259800	0.223100	0.181800	0.166800	0.160600	0.190600	0.180800	0.168300	0.179200	0.192100	0.229200	0.208200	0.202800	0.133800	0.210100	0.130500	0.103800	0.123300	0.097800	0.168300	0.087700	0.178300
606365.1	0.169000	0.193000	0.205200	0.174700	0.222800	0.246700	0.275300	0.194100	0.258200	0.239900	0.231400	0.257200	0.222200	0.182800	0.166700	0.161200	0.184200	0.173300	0.162200	0.180500	0.189600	0.224700	0.205000	0.200000	0.138600	0.211000	0.134900	0.111400	0.128600	0.103100	0.169300	0.095400	0.177300
611460.6	0.169600	0.195300	0.207400	0.178400	0.226500	0.251400	0.278400	0.195300	0.258300	0.237900	0.230900	0.257600	0.222900	0.177800	0.168200	0.160700	0.195600	0.190500	0.172200	0.178300	0.194200	0.231800	0.209800	0.203200	0.128900	0.208100	0.125000	0.097400	0.118100	0.090700	0.168000	0.084600	0.178000
616556.1	0.168800	0.193000	0.205800	0.177100	0.224700	0.249900	0.276500	0.193900	0.256600	0.237500	0.230300	0.255400	0.221100	0.180100	0.166900	0.159900	0.193000	0.187200	0.169400	0.178600	0.193300	0.229300	0.208400	0.201600	0.131000	0.207400	0.127500	0.101600	0.120900	0.094700	0.168500	0.085700	0.177700
621651.6	0.168800	0.193600	0.204400	0.175800	0.223100	0.246900	0.275600	0.193400	0.255800	0.237700	0.229800	0.254500	0.220200	0.179900	0.166300	0.160000	0.188300	0.178800	0.164200	0.177800	0.189500	0.225200	0.206000	0.199500	0.134300	0.206400	0.130100	0.107100	0.124100	0.096600	0.167100	0.088200	0.177300
626747.1	0.168900	0.192800	0.205900	0.177900	0.225700	0.251300	0.275100	0.193200	0.254900	0.236300	0.230400	0.254300	0.219500	0.179600	0.166900	0.160500	0.194600	0.188300	0.171300	0.177900	0.193600	0.228600	0.207100	0.200400	0.129200	0.206900	0.126300	0.098800	0.120300	0.093200	0.167500	0.083700	0.177300
631842.7	0.169000	0.191200	0.202700	0.174000	0.223300	0.245500	0.273300	0.192900	0.253400	0.237000	0.229100	0.253000	0.218600	0.179200	0.166400	0.160400	0.183700	0.177800	0.162800	0.178500	0.189300	0.221500	0.203800	0.198200	0.133300	0.206100	0.130300	0.102700	0.121800	0.096700	0.168200	0.092200	0.176600
636938.2	0.167300	0.189200	0.200200	0.173500	0.222200	0.243300	0.271100	0.191700	0.251700	0.236000	0.228400	0.251900	0.216900	0.178600	0.165800	0.159800	0.181100	0.172800	0.161500	0.179600	0.186800	0.218500	0.201200	0.195700	0.137500	0.205600	0.132800	0.109700	0.126100	0.103000	0.167200	0.092800	0.175000
642033.7	0.169200	0.192900	0.203300	0.177000	0.225200	0.249500	0.273100	0.192800	0.252900	0.236200	0.229600	0.253200	0.217900	0.176900	0.167300	0.159600	0.189600	0.183900	0.168900	0.179700	0.193100	0.224700	0.205700	0.198400	0.131400	0.204000	0.127100	0.102500	0.121800	0.094000	0.167700	0.085500	0.178000
647129.2	0.167700	0.191700	0.203800	0.177500	0.227500	0.251800	0.270800	0.192500	0.250800	0.234500	0.226700	0.249500	0.215800	0.175300	0.165600	0.158400	0.192800	0.189200	0.170100	0.177600	0.193600	0.224700	0.206400	0.197700	0.130500	0.201800	0.125500	0.103000	0.118700	0.093800	0.166500	0.085500	0.176800
652224.7	0.168100	0.191000	0.199400	0.174600	0.224000	0.247400	0.270900	0.191000	0.251600	0.236000	0.228200	0.251600	0.216000	0.177300	0.166000	0.159900	0.184100	0.177900	0.164200	0.179400	0.187900	0.219000	0.202400	0.195500	0.129900	0.201900	0.128100	0.101100	0.120500	0.095000	0.166000	0.087000	0.175800
657320.2	0.168900	0.192600	0.204000	0.177000	0.228700	0.255700	0.272400	0.192200	0.251300	0.236500	0.227500	0.251600	0.216800	0.174800	0.165800	0.160000	0.193500	0.191100	0.170100	0.179500	0.193300	0.224400	0.205400	0.197700	0.129800	0.201500	0.125000	0.102000	0.119700	0.092400	0.167600	0.083900	0.177400
662415.7	0.167800	0.189900	0.199700	0.175500	0.225100	0.249900	0.268800	0.190600	0.249000	0.234100	0.226100	0.248700	0.213600	0.175200	0.164700	0.158800	0.188400	0.185200	0.168600	0.178100	0.188700	0.220400	0.203400	0.194900	0.129200	0.198700	0.126100	0.100400	0.118700	0.095400	0.166300	0.085200	0.175600
667511.2	0.168700	0.190500	0.199000	0.176100	0.226600	0.252800	0.269100	0.190900	0.249100	0.234600	0.226100	0.247500	0.213100	0.173900	0.164600	0.158400	0.189200	0.188200	0.168400	0.177300	0.189800	0.220200	0.202000	0.194400	0.127800	0.198800	0.125600	0.100100	0.118200	0.093900	0.166900	0.084900	0.176000
672606.7	0.167000	0.189200	0.198800	0.175700	0.224500	0.250100	0.268300	0.189300	0.247400	0.232900	0.225500	0.248000	0.211000	0.171400	0.164600	0.158300	0.189500	0.186900	0.167500	0.178400	0.189900	0.219800	0.203400	0.194800	0.126400	0.197000	0.123800	0.098500	0.115600	0.092700	0.165700	0.082900	0.175200
677702.2	0.168500	0.191700	0.201800	0.176900	0.228500	0.253400	0.273000	0.190800	0.249700	0.233900	0.226200	0.250900	0.213200	0.172500	0.165400	0.157800	0.193100	0.189700	0.171800	0.179700	0.191800	0.222100	0.204100	0.196400	0.123800	0.197800	0.122100	0.096100	0.114600	0.088000	0.165100	0.082600	0.176300
682797.7	0.168100	0.190700	0.202200	0.177000	0.227800	0.255900	0.273200	0.191100	0.249600	0.233800	0.225500	0.249800	0.212400	0.172400	0.166000	0.157900	0.194000	0.194400	0.172000	0.179400	0.193400	0.222800	0.203800	0.195400	0.128400	0.197500	0.124900	0.102200	0.118000	0.091600	0.166300	0.084300	0.176900
687893.2	0.167900	0.188400	0.195800	0.173900	0.225400	0.251200	0.270000	0.190500	0.247400	0.234300	0.226400	0.247500	0.210500	0.174200	0.164400	0.158500	0.182900	0.181300	0.164900	0.179500	0.184800	0.214700	0.199500	0.192200	0.131700	0.196900	0.127900	0.106200	0.120100	0.098800	0.166200	0.089400	0.175600
692988.7	0.166900	0.188900	0.197900	0.176200	0.226200	0.254300	0.272500	0.191600	0.248300	0.233000	0.225700	0.248300	0.211200	0.171800	0.163000	0.157300	0.188400	0.188900	0.168800	0.179900	0.188800	0.218600	0.202200	0.194100	0.127200	0.194000	0.123300	0.099600	0.116400	0.091500	0.164200	0.084000	0.175800
698084.2	0.167900	0.190500	0.199000	0.177000	0.226600	0.254800	0.271500	0.190300	0.247200	0.232800	0.225900	0.247600	0.210000	0.170900	0.163400	0.158400	0.188900	0.190700	0.170400	0.180600	0.189200	0.218000	0.201600	0.193100	0.123300	0.194300	0.121000	0.094100	0.113500	0.086600	0.165100	0.080900	0.176700
703179.7	0.166500	0.188200	0.197000	0.175900	0.228900	0.251800	0.270200	0.190500	0.247200	0.232900	0.224300	0.247400	0.209900	0.169100	0.164000	0.156200	0.188000	0.188800	0.168900	0.178400	0.191000	0.217800	0.201700	0.193700	0.119900	0.193000	0.121300	0.094300	0.112200	0.087900	0.162300	0.082600	0.175600
708275.2	0.167400	0.188100	0.195100	0.174200	0.226200	0.249800	0.268800	0.190400	0.246400	0.233500	0.224300	0.246100	0.208600	0.172100	0.163600	0.158200	0.182200	0.181600	0.164000	0.180900	0.186300	0.213400	0.199000	0.191000	0.129900	0.195600	0.127200	0.106400	0.120800	0.097200	0.165100	0.089800	0.176000
713370.7	0.167400	0.184800	0.191700	0.172300	0.222600	0.245600	0.267900	0.189100	0.244900	0.232500	0.223900	0.245000	0.208200	0.173300	0.162700	0.157000	0.173400	0.171300	0.157500	0.179500	0.179000	0.207700	0.194700	0.188300	0.134300	0.194800	0.130300	0.111400	0.123400	0.101600	0.165600	0.093600	0.173700
718466.2	0.166800	0.188100	0.196300	0.175800	0.229600	0.251600	0.270300	0.188900	0.245800	0.232600	0.224600	0.246000	0.207500	0.167600	0.164000	0.157200	0.185400	0.187100	0.167600	0.179300	0.188700	0.214900	0.201500	0.192200	0.123000	0.191700	0.122400	0.097500	0.113600	0.089200	0.163400	0.083200	0.175700
723561.7	0.167300	0.189100	0.193200	0.174800	0.225400	0.248400	0.268800	0.188400	0.243600	0.232900	0.224900	0.244600	0.207200	0.169900	0.163200	0.157500	0.182200	0.181900	0.165300	0.178700	0.185100	0.211700	0.196700	0.189800	0.124500	0.192200	0.123200	0.098400	0.113900	0.091400	0.163700	0.085300	0.174600
728657.3	0.167400	0.189100	0.194500	0.173500	0.225900	0.249800	0.268000	0.188400	0.245200	0.232100	0.225900	0.245900	0.206700	0.169700	0.163100	0.157500	0.182200	0.182300	0.165100	0.178600	0.186200	0.211600	0.197500	0.190000	0.126200	0.191500	0.124100	0.102000	0.116700	0.090800	0.163700	0.085500	0.174900
733752.8	0.167600	0.190300	0.197800	0.177300	0.228800	0.252600	0.269100	0.189100	0.245700	0.233200	0.225200	0.246300	0.206700	0.168400	0.164100	0.156500	0.188300	0.191600	0.170500	0.178400	0.190100	0.215800	0.200500	0.191800	0.121500	0.190600	0.120200	0.095200	0.112600	0.088300	0.162600	0.083100	0.175800
738848.3	0.167300	0.188300	0.193200	0.174800	0.227100	0.248700	0.266400	0.189500	0.243700	0.231500	0.224200	0.246500	0.205200	0.167400	0.163100	0.156200	0.185900	0.186400	0.167500	0.177900	0.186500	0.212600	0.199600	0.190200	0.122400	0.189000	0.120500	0.097000	0.113200	0.089200	0.163900	0.084700	0.175000
743943.8	0.166900	0.187900	0.193700	0.174900	0.225700	0.250800	0.265200	0.188200	0.243400	0.232700	0.224000	0.246100	0.205400	0.168800	0.163700	0.156800	0.185400	0.189100	0.167400	0.177600	0.185000	0.212200	0.197700	0.189800	0.123700	0.190200	0.123400	0.099300	0.115200	0.090300	0.165100	0.085300	0.174000
749039.3	0.166700	0.186600	0.191900	0.174500	0.225800	0.247100	0.264800	0.189300	0.243300	0.233400	0.224500	0.246100	0.204600	0.168100	0.162400	0.156200	0.182100	0.181300	0.165300	0.178500	0.184400	0.210000	0.197900	0.188600	0.124300	0.189100	0.123100	0.099500	0.113800	0.089900	0.163100	0.085100	0.174100
754134.8	0.167100	0.185800	0.189800	0.172600	0.225200	0.247200	0.264100	0.187600	0.241700	0.233400	0.224500	0.245200	0.203700	0.168200	0.161900	0.156900	0.181500	0.183300	0.163600	0.178200	0.181800	0.209500	0.195800	0.188400	0.122800	0.189900	0.122400	0.099300	0.112900	0.087200	0.163800	0.083700	0.173800
759230.3	0.165500	0.181900	0.187200	0.169500	0.221800	0.237800	0.260900	0.187000	0.240600	0.232700	0.223900	0.242800	0.201800	0.168600	0.160000	0.156200	0.168000	0.164800	0.154300	0.178900	0.175700	0.200400	0.190400	0.183800	0.132400	0.189200	0.129100	0.112300	0.122200	0.103200	0.164200	0.093800	0.172200
764325.8	0.166600	0.188100	0.194200	0.175300	0.228400	0.248500	0.264900	0.188700	0.242400	0.232900	0.224700	0.245600	0.204200	0.166100	0.163000	0.156800	0.185200	0.188900	0.166600	0.177800	0.186300	0.211300	0.198600	0.189400	0.121400	0.187600	0.121000	0.097500	0.110200	0.086600	0.162900	0.082900	0.174000
769421.3	0.166300	0.184100	0.188200	0.172500	0.225700	0.242100	0.263100	0.187100	0.241900	0.234100	0.224800	0.244500	0.202200	0.168300	0.161500	0.157100	0.177000	0.178100	0.161800	0.178900	0.179300	0.205400	0.194400	0.186800	0.124000	0.188300	0.123500	0.099400	0.114400	0.090200	0.162600	0.085300	0.173400
774516.8	0.166200	0.186200	0.190900	0.173800	0.226400	0.244100	0.263100	0.186000	0.240700	0.233100	0.223300	0.243500	0.202100	0.164900	0.162100	0.156800	0.181300	0.182400	0.164700	0.178500	0.182700	0.207700	0.197300	0.187200	0.123900	0.187500	0.122600	0.101900	0.113500	0.088300	0.163500	0.084000	0.172700
779612.3	0.166000	0.184300	0.189700	0.172200	0.225800	0.242600	0.261400	0.186700	0.239500	0.231400	0.221400	0.242700	0.200600	0.165000	0.160700	0.156200	0.178200	0.183700	0.162800	0.178500	0.182500	0.205700	0.195300	0.185500	0.128400	0.186800	0.124800	0.108000	0.118800	0.097600	0.163800	0.088500	0.173100
784707.8	0.165900	0.185200	0.189100	0.173000	0.225400	0.243700	0.262500	0.186200	0.239100	0.232800	0.221700	0.243400	0.200500	0.166400	0.160900	0.155700	0.177900	0.179300	0.162700	0.178100	0.181800	0.206400	0.195200	0.186000	0.121400	0.185000	0.121100	0.098300	0.112200	0.088600	0.163100	0.082700	0.172900
789803.3	0.166900	0.186500	0.190900	0.173600	0.227400	0.245600	0.263200	0.186500	0.240100	0.233100	0.222800	0.243800	0.202100	0.166100	0.162900	0.156900	0.182100	0.183700	0.165300	0.178600	0.183300	0.206400	0.197300	0.187000	0.124000	0.185800	0.121400	0.101400	0.114700	0.088700	0.164100	0.084000	0.172700
794898.8	0.166400	0.185000	0.189000	0.172700	0.226300	0.242300	0.261800	0.186500	0.239600	0.233600	0.222000	0.243600	0.201000	0.164900	0.160900	0.156800	0.177600	0.178900	0.163000	0.177700	0.179100	0.205000	0.195100	0.186700	0.122300	0.185100	0.122200	0.100300	0.112000	0.088900	0.163500	0.082900	0.172700
799994.3	0.165000	0.182700	0.188500	0.171000	0.222900	0.239400	0.260700	0.185900	0.238300	0.234600	0.222300	0.242800	0.199300	0.163000	0.161100	0.156800	0.174700	0.174300	0.160400	0.177700	0.177300	0.201700	0.193300	0.185100	0.125200	0.184800	0.123700	0.102500	0.113900	0.091200	0.162900	0.085600	0.172500
805089.8	0.165300	0.183000	0.188100	0.173200	0.225800	0.241300	0.261000	0.186600	0.238600	0.234300	0.221900	0.242000	0.198800	0.164700	0.160400	0.156500	0.178100	0.180100	0.164200	0.177700	0.180900	0.203800	0.194700	0.185500	0.124200	0.183300	0.121100	0.100700	0.114600	0.090600	0.162800	0.084400	0.172800
810185.3	0.164400	0.182800	0.186200	0.171500	0.224000	0.238700	0.258900	0.185600	0.239600	0.235100	0.221400	0.241400	0.198400	0.164600	0.160500	0.155800	0.173700	0.175400	0.160400	0.177100	0.178000	0.201800	0.193300	0.185200	0.124400	0.183600	0.122800	0.103000	0.113700	0.091400	0.162000	0.089100	0.171800
815280.8	0.165300	0.183600	0.187100	0.172300	0.225700	0.242400	0.261100	0.186800	0.238800	0.235600	0.222500	0.243000	0.199700	0.162600	0.160500	0.156400	0.180100	0.184900	0.165600	0.176800	0.180400	0.204300	0.194900	0.186600	0.121100	0.182800	0.120500	0.098600	0.111600	0.088500	0.162500	0.081200	0.172800
820376.3	0.165400	0.180600	0.186500	0.170900	0.223300	0.238700	0.258800	0.185900	0.237200	0.234600	0.221100	0.242100	0.198100	0.163700	0.159900	0.154900	0.173800	0.173700	0.160200	0.176900	0.177600	0.201500	0.191800	0.184400	0.125000	0.183100	0.123200	0.103100	0.114000	0.091500	0.161900	0.086300	0.172000
825471.8	0.165600	0.183900	0.187800	0.173100	0.227300	0.242900	0.260000	0.186000	0.238100	0.233900	0.220500	0.241800	0.198000	0.161500	0.160300	0.155100	0.182900	0.188300	0.167300	0.175900	0.183300	0.206100	0.195500	0.186300	0.117900	0.181200	0.117000	0.094600	0.108800	0.085400	0.161300	0.081600	0.173300
830567.3	0.164900	0.177800	0.180700	0.167400	0.218500	0.233500	0.256600	0.184600	0.236600	0.237200	0.221900	0.239600	0.196200	0.167100	0.158500	0.155500	0.161800	0.159800	0.150700	0.178300	0.170000	0.193200	0.188000	0.180600	0.130800	0.184700	0.128500	0.111300	0.120800	0.100200	0.163500	0.092500	0.170800
835662.9	0.165400	0.181700	0.185500	0.170600	0.223800	0.238700	0.258000	0.187300	0.239500	0.236700	0.222700	0.243000	0.197800	0.163600	0.160200	0.155900	0.173800	0.174600	0.160800	0.178200	0.178200	0.201500	0.197600	0.185500	0.121400	0.181800	0.120600	0.096100	0.111400	0.086700	0.161100	0.082000	0.172000
840758.4	0.165400	0.185600	0.191900	0.174500	0.230100	0.246600	0.258600	0.185600	0.238900	0.234900	0.221500	0.241400	0.197200	0.158700	0.161400	0.154600	0.188500	0.199100	0.172500	0.176200	0.187100	0.209600	0.203000	0.187800	0.114200	0.180400	0.114900	0.090300	0.103400	0.081300	0.161500	0.080300	0.173900
845853.9	0.165000	0.182700	0.187000	0.172200	0.226500	0.240800	0.256500	0.185400	0.238900	0.235900	0.221700	0.239400	0.195400	0.161600	0.160400	0.154400	0.179700	0.185500	0.165500	0.176400	0.180800	0.203000	0.198000	0.185700	0.118600	0.180800	0.118900	0.096600	0.109800	0.087700	0.161800	0.083700	0.173400
850949.4	0.165200	0.181000	0.184200	0.170400	0.224200	0.235300	0.254700	0.184400	0.237200	0.236800	0.222300	0.238100	0.195200	0.162300	0.159400	0.155100	0.174500	0.177900	0.160900	0.177400	0.177300	0.199000	0.194900	0.183200	0.124300	0.181800	0.122400	0.104400	0.113200	0.092000	0.163500	0.087400	0.171100
856044.9	0.164700	0.181200	0.184600	0.170000	0.223900	0.236500	0.255300	0.183900	0.237300	0.237600	0.222200	0.239700	0.195200	0.162300	0.158800	0.155600	0.172200	0.174200	0.160100	0.177200	0.175900	0.198600	0.194600	0.183400	0.123600	0.181700	0.123300	0.105200	0.114300	0.092800	0.162300	0.086300	0.172400
861140.4	0.166200	0.184300	0.190900	0.174600	0.227400	0.244500	0.257600	0.186800	0.239400	0.236500	0.222800	0.240600	0.196600	0.160700	0.161200	0.155500	0.185400	0.191700	0.171000	0.176600	0.184300	0.207700	0.201600	0.187100	0.117400	0.180300	0.116300	0.094800	0.107500	0.084600	0.161700	0.079800	0.172900
866235.9	0.164600	0.180900	0.184900	0.171100	0.225100	0.237900	0.254600	0.185300	0.237700	0.236600	0.222000	0.239200	0.194500	0.161800	0.160000	0.155200	0.174700	0.177500	0.161700	0.177400	0.177100	0.200400	0.196400	0.184100	0.120100	0.179600	0.121100	0.100900	0.111600	0.088500	0.161900	0.081500	0.171800
871331.4	0.164800	0.183300	0.186700	0.172700	0.228000	0.242500	0.255200	0.185100	0.238000	0.235800	0.222200	0.239200	0.194500	0.159600	0.161000	0.154900	0.180800	0.186600	0.167200	0.176500	0.182700	0.204000	0.197700	0.185200	0.118000	0.179000	0.118200	0.097100	0.108600	0.084600	0.162200	0.079500	0.173300
876426.9	0.163900	0.177000	0.180900	0.166900	0.219200	0.231100	0.251700	0.183900	0.235200	0.237300	0.223200	0.238600	0.194600	0.161700	0.159100	0.155500	0.163800	0.162800	0.153000	0.177200	0.171000	0.191800	0.190300	0.180700	0.123200	0.180400	0.125000	0.102800	0.112600	0.091200	0.162500	0.088800	0.169500
881522.4	0.164400	0.180200	0.182200	0.169700	0.221800	0.235200	0.252000	0.183500	0.236200	0.235500	0.221600	0.237300	0.193900	0.159600	0.159000	0.154400	0.172200	0.175800	0.161200	0.176000	0.175900	0.197700	0.193900	0.182200	0.120700	0.178300	0.121100	0.101000	0.110600	0.089500	0.161800	0.084900	0.170700
886617.9	0.163700	0.181100	0.182600	0.169900	0.223400	0.236400	0.250700	0.183800	0.235400	0.234600	0.221100	0.237800	0.193000	0.158900	0.158700	0.154800	0.176800	0.181700	0.162400	0.175600	0.178700	0.199700	0.194600	0.183600	0.119200	0.178000	0.118500	0.099300	0.108900	0.086500	0.161800	0.081700	0.170300
891713.4	0.163500	0.178900	0.180900	0.170000	0.223400	0.237400	0.249900	0.183600	0.235300	0.234700	0.221100	0.237100	0.191900	0.157600	0.158100	0.154200	0.173500	0.179600	0.160900	0.176700	0.173900	0.197700	0.192400	0.183100	0.118000	0.177100	0.119100	0.097300	0.108100	0.087200	0.161500	0.079900	0.169700
896808.9	0.163100	0.178400	0.180800	0.168100	0.220500	0.236100	0.250300	0.183100	0.233700	0.235900	0.221700	0.238300	0.192300	0.159000	0.158000	0.154400	0.170600	0.175200	0.159000	0.176200	0.171500	0.197000	0.192700	0.182400	0.119000	0.177600	0.121100	0.100100	0.110000	0.089300	0.160900	0.083000	0.169100
901904.4	0.164200	0.177700	0.181800	0.169200	0.221800	0.237600	0.250700	0.182600	0.234500	0.234300	0.221200	0.236000	0.192500	0.158500	0.158100	0.154200	0.174400	0.180000	0.162400	0.176000	0.175400	0.197900	0.193600	0.182200	0.122000	0.177900	0.120700	0.103300	0.111000	0.090800	0.162900	0.085000	0.170200
906999.9	0.164100	0.179700	0.181000	0.168900	0.219100	0.234800	0.250100	0.183000	0.233900	0.234800	0.221300	0.236600	0.192800	0.158500	0.158300	0.154600	0.168000	0.172500	0.158200	0.177600	0.172900	0.195300	0.191500	0.181100	0.120100	0.178300	0.121600	0.101600	0.111200	0.088800	0.162300	0.084400	0.169700
912095.4	0.163300	0.178000	0.178600	0.166900	0.220100	0.233800	0.247900	0.182300	0.234000	0.235300	0.221200	0.235600	0.190700	0.159600	0.157900	0.154400	0.166100	0.171600	0.157600	0.176300	0.170500	0.193200	0.189800	0.180400	0.123100	0.177500	0.124100	0.106500	0.114000	0.093400	0.161700	0.087900	0.168700
917190.9	0.164000	0.181700	0.184900	0.173200	0.228300	0.243600	0.251600	0.183400	0.234800	0.234000	0.219500	0.235800	0.192900	0.154800	0.159300	0.154200	0.184600	0.192600	0.170500	0.175700	0.183400	0.203400	0.197700	0.185000	0.115700	0.174500	0.114500	0.095800	0.104900	0.084500	0.163000	0.078100	0.172200
922286.4	0.164800	0.181600	0.182700	0.171100	0.225300	0.241700	0.251700	0.183600	0.234500	0.234900	0.220800	0.236900	0.192600	0.157000	0.159400	0.154700	0.178000	0.185800	0.166500	0.176000	0.177800	0.200200	0.194700	0.184100	0.116300	0.176500	0.117000	0.098700	0.106800	0.085000	0.162400	0.080400	0.171000
927382.0	0.163500	0.177700	0.179600	0.169500	0.222000	0.236800	0.249900	0.182800	0.233000	0.234700	0.220900	0.234700	0.191200	0.157300	0.157700	0.153900	0.170000	0.175100	0.159200	0.176700	0.173700	0.195200	0.191100	0.181400	0.119400	0.176800	0.119700	0.100500	0.108300	0.087600	0.161500	0.081700	0.170200
932477.5	0.163400	0.178000	0.181200	0.169700	0.222700	0.244100	0.248200	0.181700	0.232100	0.230800	0.218100	0.232400	0.189400	0.155300	0.157400	0.153200	0.177200	0.186300	0.166900	0.173100	0.177300	0.197300	0.192500	0.181200	0.119200	0.174400	0.117500	0.102400	0.108500	0.089400	0.161700	0.084000	0.169700
937573.0	0.164100	0.179700	0.179300	0.168100	0.220900	0.239000	0.248800	0.181900	0.233100	0.234600	0.219600	0.233800	0.189500	0.157200	0.157500	0.154400	0.172700	0.177500	0.161400	0.175300	0.171400	0.194600	0.190000	0.181000	0.119500	0.174400	0.118600	0.102300	0.108600	0.087100	0.163000	0.082600	0.169100
942668.5	0.163700	0.179300	0.181600	0.169400	0.222200	0.240400	0.248900	0.182700	0.233600	0.233700	0.218000	0.233500	0.189500	0.155400	0.158400	0.154800	0.172300	0.178300	0.160600	0.175500	0.173900	0.195100	0.191000	0.181800	0.118500	0.176000	0.118700	0.100900	0.109000	0.088000	0.161100	0.083300	0.170500
947764.0	0.164000	0.179000	0.179900	0.168800	0.222000	0.240600	0.247100	0.182300	0.233300	0.233600	0.217700	0.233600	0.190300	0.154400	0.158000	0.153300	0.174300	0.179100	0.161500	0.175400	0.176200	0.195500	0.192200	0.180800	0.119800	0.174700	0.119600	0.102300	0.109200	0.088200	0.162500	0.083400	0.169800
952859.5	0.163800	0.179200	0.180900	0.171200	0.223300	0.240300	0.248700	0.181800	0.233400	0.233500	0.218200	0.233200	0.189300	0.155300	0.158100	0.153800	0.179100	0.186900	0.165200	0.174100	0.177400	0.198200	0.192900	0.182500	0.115900	0.173400	0.115200	0.095100	0.105400	0.081600	0.161800	0.076500	0.169900
957955.0	0.163800	0.179900	0.182100	0.171000	0.224000	0.240600	0.249700	0.182800	0.233700	0.233400	0.219100	0.233800	0.190300	0.155000	0.157900	0.154100	0.175400	0.182400	0.164000	0.174500	0.175300	0.196700	0.191100	0.182300	0.116200	0.174500	0.115800	0.097900	0.106800	0.085700	0.162200	0.078700	0.171200
963050.5	0.163200	0.177100	0.175200	0.166100	0.219100	0.234200	0.247300	0.181500	0.231500	0.234200	0.218300	0.233000	0.187300	0.156500	0.156300	0.153900	0.165100	0.169300	0.156500	0.175100	0.170700	0.189400	0.186400	0.178700	0.120600	0.174500	0.121000	0.106100	0.111300	0.090700	0.162400	0.085500	0.168700
968146.0	0.162900	0.179400	0.180000	0.170600	0.223900	0.240800	0.248000	0.182000	0.231500	0.231100	0.216600	0.232200	0.188600	0.152600	0.156900	0.152800	0.180100	0.189400	0.166900	0.172600	0.178200	0.196600	0.191400	0.181500	0.115900	0.171700	0.116000	0.095600	0.105600	0.085500	0.161700	0.080600	0.171200
973241.5	0.162700	0.177800	0.176700	0.168300	0.220300	0.234800	0.246400	0.181600	0.231300	0.233000	0.217100	0.233300	0.188200	0.153800	0.156500	0.152400	0.168900	0.174900	0.158700	0.173800	0.171000	0.191500	0.188300	0.179600	0.118400	0.172700	0.119300	0.099600	0.108700	0.089700	0.161000	0.085500	0.168000
978337.0	0.163500	0.179100	0.179800	0.169300	0.224200	0.238800	0.248200	0.182000	0.231500	0.231900	0.216900	0.231700	0.187700	0.153400	0.157400	0.153400	0.174600	0.182500	0.163300	0.173600	0.176000	0.194300	0.190200	0.181400	0.115800	0.173400	0.116800	0.099000	0.105800	0.086600	0.162000	0.081400	0.169700
983432.5	0.164800	0.179800	0.180900	0.170700	0.223600	0.239500	0.249700	0.182400	0.233000	0.233000	0.218800	0.233700	0.189500	0.153400	0.158400	0.154100	0.174600	0.184000	0.163300	0.175300	0.176900	0.195800	0.191700	0.182000	0.114400	0.173900	0.116700	0.096000	0.104900	0.082800	0.162000	0.078500	0.171200
988528.0	0.162900	0.177300	0.177400	0.169200	0.221500	0.234500	0.246200	0.181500	0.231100	0.231900	0.217200	0.231200	0.187100	0.153500	0.156600	0.153200	0.171000	0.177500	0.160500	0.174500	0.172600	0.191500	0.189400	0.180200	0.116500	0.173200	0.118100	0.098800	0.105900	0.087900	0.161300	0.083400	0.169700
993623.5	0.164700	0.181100	0.179800	0.169300	0.223000	0.239500	0.248700	0.183400	0.233600	0.233300	0.218400	0.234100	0.190100	0.155500	0.158800	0.155200	0.174100	0.182000	0.162900	0.176900	0.176000	0.194800	0.190800	0.182100	0.117100	0.175000	0.119200	0.098200	0.107200	0.085600	0.161400	0.081300	0.171600
998719.0	0.163400	0.179300	0.179900	0.169300	0.224000	0.236600	0.248100	0.183200	0.232600	0.232700	0.216900	0.232200	0.188300	0.153600	0.158500	0.153800	0.172800	0.178800	0.163100	0.175700	0.174600	0.193700	0.188600	0.181700	0.116400	0.173100	0.115900	0.099000	0.106100	0.086000	0.161000	0.081200	0.170500
1003814.5	0.162500	0.178800	0.180000	0.169600	0.222700	0.237300	0.247800	0.181400	0.230900	0.231900	0.215400	0.231200	0.187700	0.151900	0.157500	0.153500	0.174300	0.182100	0.163200	0.173700	0.175200	0.193200	0.189800	0.181300	0.116700	0.171300	0.116800	0.096100	0.105800	0.086200	0.161200	0.080500	0.170800
1008910.0	0.163500	0.178800	0.179500	0.170800	0.223200	0.237300	0.250300	0.182200	0.230700	0.232300	0.215600	0.230900	0.187600	0.151600	0.157000	0.152600	0.178400	0.186800	0.166100	0.174900	0.177100	0.195500	0.189600	0.181000	0.114000	0.170900	0.115200	0.096000	0.104700	0.085200	0.161000	0.079900	0.169400
1014005.5	0.163800	0.179300	0.179600	0.169300	0.222000	0.234200	0.249700	0.182100	0.231900	0.232600	0.216000	0.231200	0.187500	0.152000	0.157200	0.152800	0.176100	0.183200	0.165900	0.173900	0.174900	0.193100	0.190000	0.181200	0.114100	0.172100	0.114900	0.093900	0.103600	0.083200	0.161200	0.080700	0.170300
1019101.0	0.163100	0.177400	0.177200	0.166700	0.220200	0.232600	0.248700	0.182600	0.231300	0.232600	0.217800	0.233500	0.187600	0.153600	0.157100	0.153200	0.165800	0.171600	0.157300	0.175400	0.170600	0.188800	0.186800	0.179200	0.120700	0.172600	0.119200	0.102900	0.109300	0.091100	0.160800	0.083600	0.169400
1024196.5	0.164000	0.180000	0.181000	0.170700	0.226900	0.239100	0.250300	0.182900	0.232400	0.231100	0.217300	0.234100	0.188100	0.150800	0.157900	0.152700	0.180900	0.189100	0.168000	0.175700	0.177800	0.197200	0.192300	0.181800	0.114700	0.171000	0.114700	0.095200	0.103600	0.084400	0.160800	0.077600	0.172000
1029292.1	0.162800	0.177700	0.175700	0.166800	0.219400	0.229900	0.247500	0.181900	0.230900	0.231500	0.215900	0.231500	0.186100	0.153000	0.156300	0.153400	0.167300	0.172700	0.157800	0.175400	0.170000	0.188100	0.185700	0.178500	0.119600	0.172900	0.118700	0.099200	0.107800	0.090100	0.160400	0.084700	0.169100
1034387.6	0.162800	0.179000	0.178600	0.168200	0.220600	0.231400	0.247100	0.181900	0.229500	0.230600	0.215700	0.232000	0.186500	0.151300	0.156600	0.152500	0.175300	0.183100	0.163800	0.174400	0.174100	0.191500	0.188400	0.179400	0.115400	0.172100	0.116500	0.097600	0.104200	0.086400	0.161700	0.081900	0.169400
1039483.1	0.164200	0.178500	0.178400	0.168200	0.221900	0.231600	0.248300	0.182300	0.232300	0.232300	0.217800	0.232600	0.187900	0.152800	0.157500	0.153200	0.170100	0.174800	0.158400	0.176100	0.173600	0.189300	0.188000	0.179700	0.120300	0.173300	0.120800	0.103700	0.108300	0.089500	0.161700	0.082700	0.170100
1044578.6	0.163900	0.179000	0.179400	0.168800	0.224600	0.232900	0.248100	0.181400	0.231500	0.229400	0.216400	0.232400	0.186600	0.149200	0.157700	0.153000	0.173300	0.180600	0.162100	0.174800	0.174200	0.190400	0.189600	0.180100	0.117800	0.171700	0.117300	0.097200	0.104400	0.085900	0.161600	0.081000	0.169600
1049674.1	0.165000	0.179400	0.177700	0.168000	0.222100	0.231200	0.250000	0.182700	0.232600	0.232100	0.217600	0.234000	0.188400	0.152100	0.156900	0.153400	0.169300	0.175400	0.159100	0.176000	0.172600	0.189200	0.186700	0.179700	0.117200	0.172000	0.118800	0.099600	0.106500	0.087700	0.162900	0.081800	0.169800
1054769.6	0.163600	0.179000	0.179000	0.168800	0.221200	0.232700	0.248800	0.182400	0.232400	0.230400	0.217100	0.232000	0.186900	0.151800	0.157800	0.152800	0.172300	0.179200	0.162700	0.174800	0.172600	0.190100	0.187500	0.179800	0.116100	0.171300	0.117500	0.097100	0.105000	0.087000	0.162700	0.079700	0.170600
1059865.1	0.163200	0.176900	0.175800	0.166300	0.219900	0.227500	0.248000	0.181300	0.230500	0.230300	0.217100	0.232900	0.185600	0.151900	0.156200	0.152900	0.162500	0.168400	0.155900	0.175100	0.167800	0.185100	0.183500	0.177600	0.120100	0.172000	0.119800	0.103000	0.109200	0.090800	0.163000	0.083500	0.168800
1064960.6	0.162600	0.177200	0.175300	0.166400	0.220200	0.229300	0.249000	0.182200	0.231300	0.231000	0.216600	0.231300	0.185400	0.150700	0.155800	0.152500	0.168300	0.176100	0.158400	0.175100	0.169700	0.187400	0.185400	0.178300	0.115100	0.170900	0.116600	0.097700	0.104600	0.087000	0.163700	0.078400	0.168700
1070056.1	0.162300	0.176200	0.174800	0.166100	0.219700	0.226800	0.246400	0.180800	0.231000	0.228900	0.216800	0.231600	0.185600	0.150600	0.155700	0.152100	0.163300	0.168600	0.156500	0.173700	0.166900	0.185000	0.184000	0.177700	0.119400	0.171800	0.121900	0.105300	0.109100	0.092300	0.163400	0.085600	0.168600
1075151.6	0.162700	0.175300	0.173400	0.166400	0.219900	0.225100	0.245900	0.180700	0.229600	0.229100	0.216500	0.229900	0.185500	0.149100	0.154100	0.151500	0.165300	0.171600	0.155900	0.173800	0.169800	0.185300	0.183200	0.177200	0.115800	0.169900	0.118600	0.098800	0.105500	0.087600	0.162800	0.084400	0.167800
1080247.1	0.161800	0.176700	0.172700	0.166800	0.218800	0.226900	0.246300	0.181500	0.230900	0.229100	0.215300	0.229800	0.184500	0.150600	0.154700	0.152000	0.164900	0.172700	0.156900	0.175200	0.166300	0.184700	0.183600	0.177300	0.117300	0.169400	0.118400	0.100200	0.106400	0.088000	0.162600	0.082400	0.168300
1085342.6	0.163100	0.177000	0.175200	0.167800	0.222200	0.229100	0.247100	0.180900	0.230600	0.228000	0.215700	0.229800	0.184400	0.148300	0.155000	0.152400	0.170200	0.181000	0.160700	0.173800	0.173100	0.187400	0.186300	0.178200	0.115800	0.168900	0.117400	0.097700	0.104400	0.086100	0.162000	0.080800	0.169200
1090438.1	0.163800	0.177200	0.175200	0.166800	0.219700	0.226900	0.245400	0.181700	0.230900	0.230100	0.216800	0.231900	0.185300	0.149500	0.156100	0.152600	0.164300	0.172600	0.157300	0.175200	0.168400	0.184900	0.183200	0.177400	0.118100	0.170600	0.118500	0.102600	0.106500	0.088000	0.162600	0.083500	0.170000
1095533.6	0.164000	0.181100	0.176100	0.168300	0.224900	0.231900	0.246700	0.182600	0.231400	0.229200	0.216200	0.231600	0.185800	0.148600	0.156500	0.153500	0.174500	0.185000	0.163400	0.174500	0.174500	0.189000	0.187100	0.179900	0.115300	0.169600	0.116600	0.098000	0.104300	0.084300	0.162700	0.079500	0.170100
1100629.1	0.164100	0.181900	0.178500	0.170700	0.226400	0.234700	0.246200	0.182700	0.231900	0.228300	0.215700	0.231300	0.185300	0.148400	0.157700	0.152600	0.177400	0.190300	0.167400	0.174200	0.176700	0.191200	0.189400	0.181000	0.112800	0.168800	0.113400	0.094900	0.101700	0.081600	0.162700	0.077900	0.171400
1105724.6	0.162300	0.178800	0.177300	0.169800	0.226100	0.232100	0.247400	0.181600	0.229800	0.226600	0.214300	0.229100	0.184400	0.146900	0.156600	0.151600	0.176600	0.187800	0.167200	0.173100	0.176000	0.190800	0.188000	0.180000	0.113100	0.166500	0.113400	0.096400	0.101800	0.083500	0.161200	0.078800	0.169400
1110820.1	0.163400	0.177000	0.174300	0.166500	0.220400	0.227200	0.246700	0.181200	0.230500	0.228500	0.215800	0.230900	0.184200	0.148700	0.155600	0.153100	0.166200	0.175300	0.159000	0.174600	0.169800	0.185400	0.184100	0.178600	0.113100	0.168900	0.116800	0.096400	0.101800	0.082400	0.161900	0.080200	0.168400
1115915.6	0.162800	0.178300	0.175300	0.167500	0.221900	0.228900	0.244200	0.181900	0.230400	0.227700	0.214800	0.229000	0.184400	0.148400	0.155400	0.152500	0.168500	0.176900	0.161000	0.174500	0.170200	0.185200	0.183800	0.178900	0.116900	0.168400	0.117900	0.100700	0.105100	0.087900	0.161700	0.082200	0.168800
1121011.1	0.163600	0.177700	0.175200	0.168000	0.221100	0.229400	0.245700	0.181600	0.229700	0.226500	0.214000	0.230300	0.184800	0.147100	0.155700	0.152000	0.169500	0.177500	0.160400	0.173400	0.172200	0.186400	0.184800	0.178700	0.115100	0.168100	0.115900	0.097500	0.103300	0.085900	0.161900	0.080700	0.169300
1126106.7	0.162500	0.176700	0.173900	0.168200	0.222000	0.229800	0.245700	0.180200	0.229500	0.227200	0.213800	0.228300	0.183500	0.145700	0.156100	0.151900	0.174100	0.184900	0.164000	0.173500	0.173800	0.186900	0.185800	0.178400	0.114400	0.166200	0.114900	0.097500	0.103500	0.085000	0.160700	0.079400	0.169600
1131202.2	0.163400	0.177500	0.174100	0.166600	0.222800	0.229000	0.245800	0.180900	0.230200	0.228000	0.215300	0.229400	0.184400	0.147400	0.155700	0.152600	0.168600	0.177600	0.160700	0.174700	0.171300	0.185500	0.185000	0.177900	0.117300	0.168200	0.118200	0.101100	0.105400	0.087900	0.161800	0.083500	0.169600
1136297.7	0.163200	0.178400	0.175200	0.168700	0.222100	0.230200	0.244800	0.181600	0.229700	0.226400	0.214200	0.228600	0.183900	0.147500	0.155200	0.152000	0.173500	0.182900	0.163300	0.173200	0.173500	0.188300	0.186400	0.179600	0.114300	0.167100	0.114400	0.094200	0.101900	0.082700	0.161600	0.077300	0.169200
1141393.2	0.163300	0.175100	0.171900	0.165800	0.218300	0.223400	0.244500	0.180700	0.229100	0.227200	0.214200	0.230300	0.183000	0.146100	0.154500	0.151800	0.163600	0.169600	0.157600	0.174000	0.165900	0.182900	0.183100	0.177000	0.115400	0.167700	0.117300	0.097600	0.103400	0.085300	0.159900	0.081900	0.167000
1146488.7	0.164600	0.177700	0.174600	0.166800	0.219600	0.226500	0.245200	0.180900	0.230300	0.228400	0.216100	0.230800	0.184500	0.147800	0.156400	0.153000	0.164900	0.173900	0.158400	0.174800	0.169600	0.182700	0.183400	0.177500	0.117400	0.169600	0.120700	0.102400	0.107600	0.088100	0.161800	0.085400	0.168900
1151584.2	0.168700	0.185700	0.181200	0.169300	0.229300	0.241900	0.253700	0.186600	0.241400	0.231500	0.217400	0.240200	0.192100	0.150900	0.159800	0.153800	0.176600	0.182800	0.167900	0.182500	0.177600	0.192400	0.190600	0.180500	0.116600	0.172900	0.119600	0.099400	0.105400	0.086100	0.164500	0.080000	0.175000
1156679.7	0.165800	0.183500	0.176400	0.166900	0.223000	0.238400	0.252600	0.185600	0.240000	0.228700	0.215500	0.238300	0.190600	0.150600	0.157900	0.152900	0.167100	0.171800	0.160700	0.181400	0.171800	0.186600	0.187600	0.176400	0.118400	0.171600	0.119900	0.102100	0.107400	0.088300	0.162900	0.086800	0.173300
1161775.2	0.167800	0.185900	0.179500	0.169200	0.229900	0.242300	0.254600	0.187100	0.240600	0.231600	0.217100	0.240800	0.190700	0.151100	0.159700	0.153500	0.175700	0.181800	0.167700	0.183000	0.178100	0.191000	0.192600	0.179900	0.116500	0.171600	0.117200	0.101600	0.104200	0.085500	0.164200	0.082000	0.176400
1166870.7	0.168000	0.187200	0.179300	0.168900	0.227900	0.244700	0.257600	0.188800	0.242800	0.232400	0.217800	0.241200	0.191100	0.149600	0.158600	0.153400	0.175300	0.179600	0.164600	0.183300	0.177100	0.190600	0.192200	0.180000	0.118300	0.172000	0.119000	0.104100	0.106300	0.089800	0.164500	0.085600	0.176400
1171966.2	0.167300	0.183500	0.175200	0.166500	0.227600	0.240600	0.256700	0.188900	0.243100	0.231700	0.217100	0.240900	0.190900	0.151000	0.156800	0.153100	0.168900	0.171100	0.161300	0.183400	0.173200	0.187900	0.191200	0.178100	0.119100	0.172200	0.120800	0.105700	0.106000	0.091000	0.164400	0.086300	0.175000
1177061.7	0.168800	0.186500	0.179500	0.169400	0.228700	0.245900	0.256900	0.189600	0.244000	0.232300	0.218900	0.242000	0.191700	0.151200	0.159000	0.153300	0.174800	0.178100	0.165100	0.183900	0.174800	0.190700	0.193600	0.180200	0.115700	0.170800	0.117800	0.102500	0.103400	0.085200	0.163600	0.083100	0.177000
1182157.2	0.168300	0.185300	0.178500	0.167600	0.227800	0.244700	0.255900	0.188500	0.243000	0.230200	0.217900	0.241500	0.192800	0.150600	0.157900	0.152400	0.170900	0.172400	0.162900	0.183900	0.173500	0.188900	0.191300	0.178900	0.118900	0.170900	0.118400	0.106700	0.105900	0.089000	0.163600	0.087100	0.176100
1187252.7	0.168100	0.185400	0.177900	0.167700	0.227700	0.245400	0.256700	0.190200	0.244900	0.232100	0.219300	0.243300	0.192800	0.150600	0.158400	0.153600	0.171500	0.174200	0.162700	0.185800	0.174900	0.188900	0.193500	0.179500	0.117200	0.171200	0.118900	0.104900	0.103700	0.086700	0.164400	0.080300	0.176600
1192348.2	0.169300	0.186500	0.179400	0.168400	0.228200	0.245900	0.256900	0.189800	0.244800	0.231200	0.217700	0.243900	0.192500	0.151300	0.159300	0.153200	0.172800	0.174800	0.163300	0.184900	0.176000	0.189300	0.193000	0.179000	0.118800	0.170300	0.118600	0.109900	0.106600	0.089800	0.165400	0.086300	0.177300
1197443.7	0.169200	0.186100	0.179900	0.168900	0.228200	0.245700	0.256200	0.190200	0.244400	0.230500	0.217100	0.243600	0.193900	0.149900	0.158500	0.153000	0.174200	0.178100	0.165600	0.185400	0.178500	0.189700	0.194000	0.180400	0.116000	0.170300	0.116900	0.103000	0.103000	0.086200	0.165400	0.083100	0.176700
1202539.2	0.167300	0.183200	0.175700	0.166000	0.223700	0.238800	0.252900	0.188300	0.242200	0.229200	0.217100	0.241200	0.191300	0.150800	0.156200	0.152100	0.165100	0.166700	0.157500	0.185900	0.169900	0.184600	0.188000	0.177300	0.121700	0.170700	0.122000	0.113000	0.109100	0.094500	0.165100	0.089500	0.175900
1207634.7	0.168400	0.183300	0.178000	0.165900	0.223600	0.240900	0.254400	0.188500	0.243100	0.230000	0.217100	0.241700	0.191700	0.150500	0.156900	0.153100	0.167600	0.171000	0.158900	0.185400	0.173200	0.186300	0.190100	0.178100	0.118400	0.171200	0.121000	0.108500	0.105800	0.091200	0.166100	0.086800	0.175500
1212730.2	0.168200	0.186800	0.177600	0.169600	0.226100	0.246300	0.257200	0.190900	0.246100	0.230400	0.217500	0.242700	0.194400	0.149800	0.157800	0.153300	0.173200	0.179100	0.164400	0.187400	0.175100	0.189800	0.192700	0.180500	0.117200	0.168400	0.118200	0.104800	0.104300	0.087200	0.166300	0.082400	0.177400
1217825.7	0.168500	0.185900	0.177500	0.166400	0.224000	0.243600	0.256300	0.190300	0.244700	0.231800	0.218300	0.241300	0.193200	0.149800	0.157600	0.153200	0.168000	0.172300	0.159000	0.188200	0.171300	0.185300	0.189100	0.177800	0.118200	0.170500	0.119100	0.105700	0.105500	0.090600	0.166900	0.086400	0.176700
1222921.2	0.168800	0.187000	0.179100	0.168100	0.225900	0.246600	0.257200	0.191800	0.246300	0.230300	0.218500	0.243400	0.193600	0.150400	0.158000	0.153400	0.170000	0.176000	0.162900	0.187500	0.176100	0.187200	0.191200	0.178600	0.117800	0.169800	0.119100	0.107300	0.104500	0.091200	0.166800	0.085400	0.177500
1228016.8	0.168100	0.184800	0.175000	0.165900	0.224600	0.243600	0.258100	0.191200	0.246100	0.231400	0.217700	0.242400	0.192400	0.150800	0.157100	0.151900	0.169200	0.173900	0.159500	0.186800	0.173200	0.184900	0.190000	0.176700	0.122100	0.170100	0.123200	0.116000	0.109400	0.097000	0.168700	0.090500	0.176700
1233112.3	0.173900	0.189700	0.181600	0.170500	0.229700	0.251500	0.261200	0.194400	0.249800	0.232400	0.221600	0.245700	0.196400	0.151200	0.160800	0.155300	0.176100	0.180800	0.166900	0.188500	0.180400	0.191300	0.195800	0.180700	0.117800	0.169700	0.118500	0.107000	0.105500	0.090300	0.166900	0.086400	0.181100
1238207.8	0.216600	0.192400	0.179200	0.169400	0.227200	0.247600	0.260300	0.198200	0.257400	0.235800	0.225800	0.247600	0.197200	0.151100	0.170900	0.162900	0.171700	0.174700	0.168000	0.192700	0.175100	0.187800	0.192800	0.179800	0.120000	0.172600	0.121600	0.110400	0.106400	0.095400	0.170900	0.096200	0.183600
1243303.3	0.329500	0.196300	0.177300	0.170600	0.228600	0.249400	0.264200	0.207000	0.269400	0.244800	0.235500	0.254100	0.201700	0.154700	0.186600	0.178000	0.159900	0.159800	0.171100	0.202900	0.172700	0.183700	0.190800	0.178000	0.127200	0.178200	0.131500	0.125000	0.115000	0.102900	0.176000	0.099700	0.191500
1248398.8	0.564400	0.208000	0.184000	0.181800	0.237300	0.267000	0.273300	0.218400	0.284800	0.252000	0.245300	0.262300	0.207000	0.153700	0.209100	0.195000	0.177800	0.186600	0.204300	0.210600	0.190400	0.197200	0.200300	0.185800	0.121900	0.182800	0.126300	0.115100	0.109500	0.096200	0.184000	0.098500	0.206800
1253494.3	0.737500	0.217000	0.185200	0.188000	0.244100	0.274900	0.280000	0.230600	0.300900	0.260800	0.254400	0.269900	0.212100	0.156300	0.233500	0.213600	0.179600	0.186000	0.223000	0.220300	0.198800	0.200700	0.206800	0.189100	0.126000	0.187200	0.130100	0.121800	0.112900	0.104400	0.190800	0.106000	0.219300
1258589.8	0.848800	0.223100	0.186600	0.193000	0.245600	0.280200	0.284800	0.240700	0.316900	0.270000	0.265300	0.276400	0.216500	0.157500	0.258000	0.232900	0.176600	0.180500	0.239900	0.227800	0.199800	0.202300	0.209800	0.191100	0.127100	0.191200	0.134700	0.123100	0.115000	0.106800	0.195200	0.113000	0.230900
1263685.3	0.917800	0.243900	0.193600	0.204300	0.255900	0.296500	0.293600	0.254900	0.335600	0.278000	0.277500	0.287900	0.222600	0.156800	0.284500	0.252400	0.192500	0.197600	0.282700	0.235700	0.217000	0.214500	0.220000	0.198600	0.122900	0.193500	0.131900	0.113400	0.111500	0.102000	0.200300	0.111500	0.247300
1268780.8	0.960800	0.383100	0.195300	0.210600	0.256400	0.304900	0.298200	0.265800	0.350400	0.288400	0.288400	0.292100	0.228000	0.158500	0.309700	0.271800	0.191100	0.198800	0.318700	0.242900	0.227700	0.216900	0.228800	0.200200	0.125700	0.197600	0.136900	0.122700	0.115900	0.104800	0.207600	0.124200	0.261800
1273876.3	0.980100	0.456400	0.198900	0.218800	0.260800	0.312300	0.303600	0.279200	0.366400	0.298300	0.297300	0.301400	0.234200	0.158600	0.331200	0.281900	0.197500	0.201400	0.369400	0.247000	0.238200	0.223200	0.240600	0.203600	0.122900	0.197900	0.136700	0.116600	0.112600	0.102900	0.212700	0.122600	0.281700
1278971.8	0.997900	0.481200	0.193200	0.218800	0.257200	0.305900	0.304100	0.293400	0.377200	0.306800	0.305700	0.306700	0.235900	0.162500	0.345700	0.296300	0.182300	0.183700	0.398600	0.251200	0.234500	0.216500	0.245100	0.201800	0.130800	0.204200	0.146900	0.130900	0.120400	0.117600	0.221500	0.143000	0.289100
1284067.3	1.005800	0.506200	0.198000	0.228700	0.262200	0.319700	0.308500	0.309300	0.394900	0.313300	0.316200	0.315100	0.242100	0.161500	0.356800	0.302500	0.193100	0.195700	0.433600	0.254400	0.247300	0.225000	0.261600	0.205900	0.128700	0.205700	0.147000	0.131500	0.120800	0.115300	0.226400	0.144000	0.299400
1289162.8	1.004300	0.515400	0.195200	0.231900	0.262000	0.321100	0.313200	0.320400	0.408100	0.324700	0.325300	0.322700	0.242200	0.162900	0.358500	0.307000	0.189400	0.184500	0.425100	0.259800	0.245200	0.224000	0.270400	0.206500	0.132700	0.208700	0.153600	0.137700	0.126400	0.121900	0.229600	0.153200	0.304100
1294258.3	1.019600	0.528800	0.200100	0.241800	0.266600	0.335700	0.317800	0.335900	0.422200	0.333900	0.332700	0.330100	0.247900	0.162300	0.363200	0.309700	0.199000	0.195600	0.454200	0.260100	0.250900	0.234500	0.285700	0.211600	0.127700	0.207900	0.148800	0.129600	0.120500	0.116000	0.235000	0.141400	0.313600
1299353.8	1.023200	0.535100	0.201400	0.247400	0.325300	0.339600	0.318900	0.343900	0.427300	0.340000	0.336500	0.336200	0.249300	0.162000	0.366800	0.311100	0.200800	0.197800	0.470400	0.257800	0.255800	0.237600	0.299200	0.213500	0.128800	0.211100	0.155100	0.132200	0.122600	0.124900	0.253900	0.147500	0.322700
1304449.3	1.026800	0.533400	0.199900	0.254500	0.360500	0.342800	0.321800	0.357300	0.440000	0.349800	0.345700	0.344700	0.253600	0.164700	0.372300	0.312600	0.196600	0.191300	0.462700	0.260600	0.254700	0.237300	0.305600	0.214200	0.133000	0.214300	0.159100	0.137400	0.127500	0.130700	0.264100	0.154500	0.327900
1309544.8	1.037300	0.546900	0.204800	0.266700	0.387700	0.361400	0.326100	0.374700	0.455600	0.359600	0.348800	0.354400	0.257100	0.165200	0.382600	0.318700	0.205300	0.201000	0.482200	0.261800	0.264700	0.246700	0.322100	0.220400	0.133500	0.218400	0.162000	0.136900	0.126400	0.132200	0.269600	0.158600	0.338100
1314640.3	1.032900	0.544800	0.206400	0.274500	0.395600	0.366300	0.332300	0.389700	0.467100	0.364500	0.351200	0.357900	0.258300	0.163300	0.382200	0.313900	0.209800	0.205600	0.489000	0.262600	0.268200	0.251800	0.334800	0.222300	0.128100	0.218300	0.158900	0.127900	0.121200	0.127900	0.267900	0.146700	0.342000
1319735.8	1.037300	0.529200	0.203500	0.277600	0.378700	0.364900	0.328500	0.400000	0.477300	0.371000	0.356200	0.364600	0.259200	0.166900	0.384400	0.317400	0.199600	0.191700	0.459300	0.268300	0.258900	0.246100	0.337600	0.220300	0.137900	0.222200	0.168400	0.146400	0.130000	0.145000	0.273800	0.164600	0.345400
1324831.3	1.036700	0.535300	0.213300	0.297700	0.407900	0.387300	0.337300	0.414300	0.491700	0.378300	0.357900	0.372100	0.265100	0.164500	0.394600	0.317900	0.222600	0.216100	0.467100	0.267300	0.275400	0.264000	0.359300	0.230400	0.132100	0.224400	0.161500	0.134100	0.123000	0.130900	0.273600	0.143500	0.367800
1329926.8	1.022200	0.514300	0.209400	0.299300	0.432800	0.383200	0.334500	0.421700	0.493200	0.382000	0.358200	0.373600	0.264400	0.166200	0.390300	0.316300	0.209400	0.199900	0.434900	0.265900	0.270800	0.258200	0.353500	0.227200	0.133800	0.225800	0.168000	0.140400	0.126500	0.138900	0.274900	0.154400	0.369800
1335022.4	1.033100	0.509900	0.212200	0.310000	0.426500	0.384300	0.338800	0.430000	0.502300	0.388900	0.359900	0.381900	0.266700	0.170500	0.394500	0.317700	0.208600	0.199700	0.424300	0.268500	0.262000	0.259900	0.361200	0.230000	0.137900	0.231700	0.173000	0.146400	0.129900	0.145900	0.279400	0.158700	0.373000
1340117.9	1.021300	0.486000	0.207900	0.310900	0.406300	0.379600	0.336200	0.431100	0.504200	0.395300	0.360500	0.383900	0.266200	0.172300	0.389900	0.317800	0.198200	0.184200	0.411100	0.270200	0.257900	0.252700	0.355700	0.226300	0.144200	0.233600	0.182500	0.160700	0.135900	0.162400	0.279600	0.173000	0.377000
1345213.4	1.026100	0.488300	0.214500	0.329100	0.413300	0.395700	0.341600	0.441300	0.517000	0.398700	0.359300	0.390600	0.269900	0.172100	0.395700	0.317400	0.215600	0.205000	0.439800	0.272500	0.269200	0.268500	0.369300	0.232900	0.137100	0.231300	0.174700	0.145500	0.126500	0.145900	0.280100	0.157900	0.397800
1350308.9	1.027200	0.464800	0.207600	0.330400	0.395600	0.390500	0.335100	0.440600	0.518000	0.402500	0.357700	0.390100	0.268300	0.174000	0.393600	0.315100	0.202500	0.189800	0.415100	0.272800	0.258100	0.260700	0.357500	0.228600	0.144600	0.232100	0.183500	0.157800	0.135200	0.164000	0.281600	0.177200	0.402900
1355404.4	1.031500	0.458600	0.211700	0.345400	0.396200	0.400500	0.340300	0.446900	0.525600	0.405300	0.360100	0.395800	0.270300	0.175500	0.396400	0.314300	0.208700	0.194900	0.422300	0.277400	0.263700	0.267100	0.361400	0.232700	0.143300	0.234200	0.182900	0.154200	0.132800	0.159100	0.282200	0.168900	0.416300
1360499.9	1.031500	0.438400	0.208100	0.345200	0.391200	0.394700	0.339000	0.447200	0.531900	0.408300	0.359200	0.398200	0.269200	0.180900	0.394900	0.315500	0.199000	0.182500	0.403600	0.277000	0.254100	0.261200	0.354200	0.228500	0.149300	0.236600	0.192600	0.165500	0.139100	0.175100	0.282600	0.187000	0.416800
1365595.4	1.031000	0.434400	0.216900	0.364900	0.412000	0.411100	0.342500	0.454300	0.547300	0.408600	0.358300	0.401400	0.271600	0.177100	0.398900	0.313000	0.219800	0.207500	0.443600	0.273300	0.269800	0.275600	0.368000	0.235000	0.140800	0.234700	0.181000	0.151800	0.129300	0.154400	0.283100	0.162100	0.429000
1370690.9	1.031200	0.427000	0.217800	0.373600	0.414800	0.418500	0.346900	0.458800	0.562000	0.413200	0.360500	0.409300	0.273000	0.180600	0.401000	0.314300	0.220100	0.207800	0.440500	0.274400	0.272000	0.278500	0.368200	0.238300	0.137600	0.232800	0.180800	0.141100	0.127600	0.146400	0.278900	0.154700	0.435800
1375786.4	1.032600	0.412700	0.216100	0.375800	0.428600	0.418500	0.344300	0.462900	0.570000	0.413600	0.360000	0.414000	0.274500	0.182100	0.400500	0.315700	0.212900	0.198000	0.429100	0.271600	0.264500	0.275100	0.361300	0.235800	0.141400	0.236200	0.186500	0.149100	0.132900	0.157100	0.280000	0.166100	0.438300
1380881.9	1.040000	0.402400	0.217500	0.379900	0.441700	0.422200	0.345200	0.463900	0.576500	0.417200	0.360900	0.418200	0.275600	0.186600	0.401300	0.315400	0.213700	0.197900	0.426100	0.271900	0.264200	0.275900	0.356800	0.237300	0.145400	0.238700	0.189200	0.153200	0.135600	0.163300	0.282300	0.171400	0.439400
1385977.4	1.033200	0.386700	0.213800	0.376300	0.441000	0.416600	0.343700	0.464700	0.581200	0.420800	0.362600	0.418900	0.279200	0.186300	0.396600	0.316100	0.201100	0.181500	0.402100	0.270300	0.252200	0.270200	0.344800	0.234000	0.147400	0.237800	0.193700	0.154500	0.138500	0.164200	0.279800	0.169700	0.435900
1391072.9	1.044500	0.382700	0.217200	0.382500	0.438300	0.425700	0.345000	0.469000	0.590900	0.424300	0.367300	0.422900	0.283800	0.187000	0.393100	0.319300	0.209600	0.190900	0.414200	0.270600	0.255600	0.276600	0.346000	0.237500	0.146600	0.241900	0.192100	0.152900	0.138500	0.163500	0.284700	0.167500	0.440900
1396168.4	1.033800	0.374400	0.216900	0.385500	0.454500	0.433600	0.339500	0.463500	0.586500	0.416200	0.362600	0.418600	0.286300	0.182400	0.389200	0.315600	0.222900	0.206600	0.426400	0.263800	0.262600	0.284800	0.345700	0.238500	0.145400	0.236600	0.187200	0.148900	0.134500	0.163400	0.280800	0.163200	0.441200
1401263.9	1.028300	0.369400	0.217700	0.378600	0.436300	0.429300	0.341200	0.460200	0.590000	0.416400	0.363500	0.424200	0.297600	0.184000	0.385800	0.312600	0.215800	0.199200	0.403600	0.262100	0.256400	0.280300	0.336500	0.239900	0.139100	0.237800	0.186400	0.145400	0.131400	0.150500	0.275000	0.157100	0.440000
1406359.4	0.989300	0.346800	0.216200	0.360300	0.407300	0.425700	0.335400	0.438400	0.572900	0.402600	0.347600	0.414800	0.301100	0.180800	0.357100	0.290100	0.220800	0.207600	0.368200	0.249700	0.251400	0.281100	0.327700	0.240700	0.135500	0.231000	0.178000	0.133900	0.124700	0.144600	0.265200	0.140500	0.424700
1411454.9	0.942100	0.325000	0.213300	0.336100	0.374400	0.412700	0.332800	0.412900	0.550000	0.389100	0.334100	0.404500	0.293500	0.179700	0.323000	0.265700	0.216300	0.198300	0.322400	0.238000	0.245300	0.272600	0.315000	0.237700	0.135500	0.226700	0.174600	0.134100	0.125300	0.139500	0.254300	0.134300	0.404800
1416550.4	0.903000	0.307500	0.210400	0.316900	0.354800	0.396100	0.322400	0.382900	0.521000	0.370200	0.313900	0.387200	0.282400	0.176800	0.298200	0.245100	0.215200	0.200800	0.294100	0.226700	0.235800	0.266900	0.300500	0.233600	0.132500	0.220500	0.171100	0.132300	0.123500	0.136500	0.243400	0.129500	0.384700
1421645.9	0.887100	0.296400	0.208900	0.304000	0.343400	0.389900	0.316500	0.362900	0.496500	0.356000	0.304600	0.375200	0.276300	0.174600	0.281300	0.231300	0.217100	0.203800	0.280900	0.220100	0.234300	0.263500	0.290700	0.231200	0.133200	0.217100	0.166400	0.129400	0.120700	0.128900	0.237200	0.124400	0.372600
1426741.4	0.867000	0.284000	0.211900	0.294700	0.339100	0.385200	0.310300	0.343300	0.470200	0.344300	0.292200	0.364900	0.270200	0.170000	0.267400	0.221400	0.221100	0.211000	0.271600	0.215100	0.235500	0.260200	0.281900	0.228900	0.128900	0.212900	0.158600	0.120700	0.118700	0.122200	0.230100	0.113500	0.362600
1431836.9	0.848800	0.272500	0.206200	0.280800	0.329000	0.377400	0.301600	0.324600	0.442800	0.330600	0.282700	0.353600	0.264600	0.170200	0.256900	0.212800	0.211800	0.201700	0.254800	0.209800	0.225000	0.251600	0.272500	0.225200	0.130600	0.208900	0.158800	0.125200	0.119200	0.124000	0.223000	0.115700	0.351400
1436932.5	0.830000	0.257900	0.198800	0.263100	0.314100	0.352000	0.293400	0.308400	0.418400	0.322400	0.274700	0.341600	0.254800	0.170800	0.244400	0.204900	0.194300	0.180600	0.229700	0.206600	0.209900	0.234400	0.253600	0.215600	0.137900	0.207100	0.165000	0.136400	0.126100	0.134000	0.218600	0.125800	0.333900
1442028.0	0.805700	0.250400	0.197700	0.258300	0.309300	0.346300	0.285200	0.293100	0.396400	0.308400	0.265800	0.328800	0.247800	0.166200	0.235000	0.198000	0.200100	0.192100	0.230300	0.202100	0.214100	0.234000	0.251000	0.214700	0.131700	0.201800	0.156600	0.125800	0.120700	0.124000	0.214200	0.118100	0.327000
1447123.5	0.813800	0.241200	0.192800	0.247000	0.305800	0.336300	0.285000	0.286500	0.386100	0.308300	0.267000	0.328800	0.245600	0.169200	0.228100	0.195600	0.185100	0.170600	0.213800	0.203700	0.198600	0.223200	0.241100	0.210000	0.141800	0.202800	0.164600	0.139200	0.128500	0.135800	0.211600	0.129200	0.319400
1452219.0	0.816800	0.245000	0.201700	0.249700	0.315300	0.346500	0.288400	0.280500	0.376900	0.302200	0.263400	0.327100	0.245500	0.164300	0.227800	0.192300	0.206400	0.199300	0.231400	0.200300	0.213900	0.236900	0.248900	0.217300	0.124900	0.199800	0.149300	0.115700	0.113000	0.108700	0.208200	0.104000	0.320800
1457314.5	0.795700	0.239800	0.197800	0.242900	0.305600	0.338800	0.281900	0.270000	0.361400	0.293900	0.257900	0.317700	0.239400	0.162600	0.220900	0.188100	0.199200	0.190300	0.221500	0.198200	0.206100	0.229200	0.241400	0.211800	0.127100	0.196400	0.148500	0.119500	0.115500	0.111400	0.202300	0.107400	0.309400
1462410.0	0.793100	0.231000	0.193500	0.234300	0.297100	0.327600	0.277800	0.262000	0.350300	0.289700	0.253900	0.311200	0.233400	0.162700	0.214400	0.185400	0.192800	0.185200	0.210200	0.196700	0.198500	0.221900	0.233500	0.208000	0.126200	0.194700	0.149200	0.118700	0.114300	0.111600	0.202200	0.107800	0.300500
1467505.5	0.781500	0.227000	0.192100	0.228200	0.293900	0.320300	0.275200	0.254800	0.339200	0.285500	0.252500	0.305900	0.231700	0.164300	0.211200	0.182300	0.185200	0.176300	0.204400	0.197200	0.196400	0.217800	0.229100	0.206100	0.129700	0.193000	0.150400	0.125300	0.117600	0.114100	0.198600	0.114800	0.293900
1472601.0	0.784600	0.229600	0.196300	0.232100	0.299700	0.329700	0.275800	0.251300	0.333300	0.281200	0.251000	0.302400	0.231100	0.161900	0.210100	0.180000	0.200500	0.196200	0.214400	0.196700	0.203500	0.223300	0.233800	0.208600	0.124400	0.191900	0.143400	0.116500	0.111800	0.104600	0.196500	0.101000	0.292900
1477696.5	0.770600	0.222800	0.191900	0.223400	0.291500	0.320100	0.271400	0.245100	0.324300	0.275600	0.248000	0.295500	0.226700	0.160600	0.205500	0.179000	0.192200	0.186600	0.204200	0.195900	0.199600	0.217000	0.227400	0.204900	0.124000	0.190200	0.143000	0.115500	0.112000	0.104200	0.194500	0.103500	0.281600
1482792.0	0.763300	0.219900	0.190200	0.220800	0.290300	0.315400	0.271300	0.239900	0.318900	0.272300	0.247500	0.292900	0.224600	0.159700	0.201400	0.176200	0.189000	0.182900	0.200100	0.195000	0.196300	0.215200	0.225700	0.204500	0.124700	0.188000	0.143700	0.119700	0.112600	0.107700	0.193000	0.106600	0.275700
1487887.5	0.761700	0.218800	0.191600	0.217000	0.286000	0.311700	0.270500	0.236000	0.312400	0.269600	0.246100	0.289600	0.221200	0.159500	0.198400	0.174700	0.188200	0.183600	0.196800	0.195600	0.194900	0.211800	0.220500	0.202400	0.126700	0.187800	0.143300	0.120800	0.113400	0.104600	0.192200	0.102500	0.270500
1492983.0	0.755600	0.218200	0.191400	0.217600	0.290300	0.317600	0.268100	0.232700	0.306300	0.265300	0.242400	0.284800	0.220500	0.158000	0.198200	0.173600	0.195500	0.193800	0.203300	0.194200	0.200800	0.215200	0.223400	0.203500	0.122700	0.185100	0.138600	0.116100	0.110800	0.100800	0.190100	0.098800	0.266300
1498078.5	0.747100	0.213600	0.188600	0.210700	0.281200	0.304200	0.264700	0.227300	0.300400	0.263100	0.241300	0.280700	0.217700	0.159400	0.194300	0.172100	0.184600	0.180300	0.193900	0.193000	0.191300	0.206100	0.217400	0.198600	0.127300	0.184500	0.143000	0.125200	0.114800	0.108600	0.191200	0.101300	0.259300
1503174.0	0.745300	0.214400	0.192100	0.213800	0.285900	0.310200	0.264700	0.226300	0.297500	0.259100	0.240000	0.278700	0.216100	0.156200	0.193400	0.169500	0.194900	0.191800	0.199300	0.192300	0.197900	0.210900	0.219200	0.201200	0.123600	0.182300	0.137500	0.117000	0.108900	0.102000	0.187600	0.098000	0.257100
1508269.5	0.734300	0.212100	0.187500	0.207600	0.280600	0.300600	0.262000	0.222400	0.293000	0.257400	0.236400	0.273800	0.213500	0.154800	0.190900	0.168500	0.188300	0.190200	0.193700	0.191100	0.192500	0.206800	0.215900	0.197000	0.120100	0.181500	0.135600	0.113300	0.109200	0.098500	0.186700	0.099400	0.250400
1513365.0	0.720000	0.207300	0.185000	0.201900	0.273300	0.292600	0.258400	0.218200	0.287300	0.254300	0.235200	0.270300	0.211100	0.156600	0.186800	0.168100	0.176600	0.173900	0.183100	0.189600	0.181800	0.198500	0.207400	0.192500	0.128700	0.181900	0.142800	0.128100	0.116600	0.109100	0.184500	0.106500	0.243500
1518460.5	0.723700	0.212100	0.188400	0.206200	0.278600	0.298900	0.260800	0.219400	0.287100	0.253000	0.235200	0.272400	0.212600	0.153800	0.189400	0.167700	0.187100	0.188600	0.192500	0.189500	0.192600	0.204300	0.213300	0.196900	0.118800	0.179700	0.134700	0.112700	0.107300	0.095900	0.184400	0.095500	0.244000
1523556.0	0.717800	0.207500	0.184000	0.199600	0.275300	0.288800	0.259900	0.215500	0.283500	0.252200	0.233300	0.267800	0.210200	0.154900	0.183400	0.165600	0.178100	0.177500	0.184200	0.189600	0.183800	0.198500	0.208600	0.193000	0.124800	0.179300	0.139700	0.122300	0.113100	0.103400	0.184600	0.104000	0.237600
1528651.6	0.717000	0.208800	0.186200	0.200800	0.276600	0.292700	0.260800	0.215300	0.283500	0.251600	0.234500	0.267700	0.210300	0.154800	0.184800	0.166100	0.183400	0.181100	0.186000	0.190800	0.188300	0.201400	0.210100	0.193900	0.123200	0.177400	0.135900	0.119500	0.111200	0.097900	0.182700	0.099100	0.236200
1533747.1	0.710900	0.205400	0.182200	0.196200	0.270800	0.285600	0.256100	0.212600	0.278200	0.248200	0.231900	0.264200	0.207800	0.154500	0.182600	0.165900	0.174500	0.171100	0.180500	0.190200	0.180100	0.195100	0.205300	0.189700	0.128500	0.178100	0.140500	0.127100	0.116000	0.107000	0.184600	0.107200	0.231200
1538842.6	0.705400	0.203200	0.182600	0.196000	0.272100	0.284800	0.257200	0.213500	0.282300	0.248700	0.231800	0.262900	0.207700	0.154300	0.181600	0.165000	0.175600	0.175500	0.181900	0.190500	0.182000	0.194500	0.205100	0.189700	0.125500	0.176600	0.138900	0.122600	0.113400	0.100700	0.182000	0.103100	0.229600
1543938.1	0.702500	0.203200	0.182600	0.197200	0.273800	0.285800	0.256800	0.210300	0.279300	0.245600	0.229700	0.259700	0.206300	0.151900	0.180900	0.164200	0.182100	0.184300	0.185900	0.188300	0.184600	0.199000	0.207200	0.190500	0.122200	0.174300	0.134100	0.119800	0.109200	0.101700	0.181600	0.102100	0.225900
1549033.6	0.694100	0.203100	0.182800	0.194100	0.268300	0.281000	0.253500	0.209600	0.277600	0.244700	0.229700	0.261200	0.205000	0.150500	0.179700	0.164700	0.175100	0.174600	0.178200	0.189100	0.180000	0.194000	0.203800	0.188800	0.119700	0.174700	0.134800	0.115600	0.108200	0.097700	0.180200	0.100100	0.223200
1554129.1	0.681600	0.201500	0.180300	0.189400	0.266000	0.276600	0.251800	0.207200	0.274400	0.243200	0.228400	0.256900	0.202700	0.151500	0.177600	0.163000	0.169900	0.165200	0.171900	0.190100	0.176700	0.189000	0.199100	0.186300	0.126900	0.173200	0.137400	0.124800	0.113600	0.103500	0.178700	0.104700	0.219500
1559224.6	0.672700	0.197800	0.176500	0.188200	0.265000	0.274400	0.248700	0.203900	0.268700	0.240900	0.226500	0.252300	0.200400	0.149100	0.175100	0.161300	0.170500	0.165700	0.175000	0.187800	0.176600	0.188600	0.197900	0.183600	0.125400	0.171000	0.134700	0.122400	0.111700	0.102700	0.177700	0.104200	0.215100
1564320.1	0.674200	0.201800	0.179300	0.190100	0.268700	0.279800	0.249100	0.204500	0.268600	0.241100	0.226900	0.252100	0.200300	0.148800	0.176300	0.161700	0.177100	0.178400	0.178200	0.188700	0.180000	0.192100	0.200900	0.186200	0.117100	0.169600	0.129800	0.111800	0.105600	0.091900	0.176900	0.096800	0.216100
1569415.6	0.666300	0.199100	0.177700	0.188800	0.267400	0.277900	0.248900	0.203000	0.267100	0.237900	0.225500	0.251200	0.198800	0.147400	0.175000	0.160600	0.176600	0.179400	0.177800	0.187100	0.177900	0.190900	0.200100	0.185100	0.118500	0.169100	0.129900	0.113800	0.105600	0.092700	0.175800	0.100100	0.213900
1574511.1	0.657400	0.201600	0.179800	0.189500	0.270100	0.281900	0.248100	0.203000	0.265600	0.236600	0.225700	0.249000	0.198100	0.144500	0.175100	0.160500	0.185000	0.186200	0.182500	0.187000	0.183800	0.195000	0.203700	0.186900	0.118700	0.166800	0.127400	0.112700	0.104700	0.095100	0.176700	0.094300	0.213500
1579606.6	0.651000	0.196100	0.174100	0.183300	0.260200	0.266200	0.245200	0.200500	0.262900	0.238600	0.225400	0.247300	0.196800	0.147400	0.173100	0.160200	0.164900	0.162800	0.166500	0.188700	0.173600	0.183900	0.194400	0.181200	0.123000	0.168700	0.132800	0.118900	0.110000	0.096100	0.175100	0.104500	0.209300
1584702.1	0.647700	0.200100	0.178600	0.188100	0.265700	0.274900	0.245700	0.200200	0.261000	0.234700	0.223600	0.245500	0.197100	0.144400	0.173300	0.159000	0.177800	0.182900	0.179300	0.185900	0.181000	0.190400	0.199700	0.183900	0.114100	0.167100	0.125700	0.109900	0.104200	0.087700	0.173700	0.093400	0.209300
1589797.6	0.644500	0.197500	0.179500	0.186700	0.264600	0.273900	0.245800	0.199600	0.262200	0.235400	0.224600	0.245300	0.196800	0.145200	0.172500	0.159200	0.175100	0.178200	0.177200	0.186100	0.179800	0.189400	0.198000	0.183700	0.117200	0.166800	0.128400	0.113700	0.104000	0.090800	0.173600	0.094200	0.208500
1594893.1	0.641700	0.197600	0.177300	0.186300	0.264500	0.272700	0.247600	0.199800	0.261400	0.235300	0.224400	0.245300	0.197000	0.144600	0.171300	0.157600	0.176700	0.179700	0.176700	0.186400	0.178100	0.190000	0.198900	0.183700	0.114400	0.165300	0.125500	0.107300	0.100100	0.087700	0.172600	0.094200	0.207900
1599988.6	0.640800	0.197200	0.177700	0.185200	0.264500	0.272700	0.245500	0.199900	0.260800	0.235700	0.225300	0.246500	0.196800	0.143900	0.172400	0.157900	0.174600	0.179000	0.176700	0.187600	0.178500	0.188400	0.199000	0.183900	0.119100	0.167400	0.127600	0.113900	0.106000	0.091800	0.173800	0.092400	0.207000
1605084.1	0.632000	0.193400	0.174600	0.182400	0.259200	0.263800	0.242700	0.198400	0.257700	0.232600	0.223200	0.243600	0.194700	0.146100	0.169000	0.157600	0.165700	0.166000	0.167300	0.187300	0.172700	0.182600	0.192400	0.178900	0.124300	0.165300	0.131900	0.125300	0.108800	0.101200	0.173800	0.100900	0.203200
1610179.6	0.629800	0.195200	0.174100	0.182100	0.262000	0.265400	0.245100	0.198800	0.259600	0.233300	0.223600	0.243300	0.195700	0.144800	0.169800	0.158000	0.167200	0.168900	0.169500	0.187300	0.172500	0.183500	0.193400	0.180100	0.120800	0.164900	0.129800	0.119900	0.107000	0.096100	0.173000	0.099900	0.203300
1615275.1	0.628600	0.195900	0.175700	0.183200	0.263000	0.267200	0.245100	0.199900	0.258400	0.232300	0.222300	0.242800	0.193700	0.143000	0.170300	0.158200	0.172800	0.178100	0.174300	0.187600	0.175900	0.186300	0.196000	0.180800	0.119600	0.164700	0.125900	0.114800	0.104000	0.093000	0.174500	0.091900	0.203300
1620370.6	0.619800	0.195500	0.172600	0.179200	0.257200	0.256600	0.241700	0.198100	0.257100	0.231800	0.222900	0.242000	0.193900	0.145200	0.169300	0.157000	0.162000	0.163500	0.165000	0.188300	0.171600	0.181100	0.192000	0.177700	0.122200	0.165300	0.130500	0.121800	0.108700	0.099100	0.173300	0.101000	0.200700
