VERSION	1200
Time[MSec.]	Ratio	Ratio	Ratio	Ratio	Ratio	Ratio	Ratio
%.1f	%.4f	%.4f	%.4f	%.4f	%.4f	%.4f	%.4f
Time	ROI(1-1)	ROI(1-2)	ROI(1-3)	ROI(1-4)	ROI(1-5)	ROI(1-6)	ROI(1-7)
GraphNo	1	2	3	4	5	6	7
0.0	0.158800	0.198600	0.121900	0.176300	0.156900	0.279700	0.128400
5164.4	0.160800	0.196100	0.123100	0.175900	0.157000	0.289500	0.129700
10328.7	0.159600	0.193100	0.123600	0.175600	0.157800	0.275000	0.132800
15493.1	0.161600	0.191600	0.122200	0.177900	0.154600	0.267100	0.131700
20657.5	0.159300	0.189100	0.121700	0.176700	0.152300	0.277000	0.135300
25821.8	0.160500	0.190900	0.122700	0.177300	0.153100	0.300300	0.139900
30986.2	0.159500	0.194700	0.123800	0.176100	0.152500	0.282900	0.139100
36150.6	0.159600	0.194900	0.121000	0.176800	0.149800	0.277400	0.128600
41314.9	0.159500	0.205200	0.124200	0.176100	0.151100	0.284400	0.132200
46479.3	0.159700	0.218300	0.124400	0.174700	0.152400	0.298400	0.136200
51643.7	0.159700	0.225300	0.123200	0.177100	0.153800	0.287800	0.134000
56808.0	0.158700	0.210200	0.122400	0.176900	0.152600	0.290700	0.129800
61972.4	0.158100	0.203300	0.126500	0.173100	0.153800	0.281200	0.131500
67136.7	0.158900	0.205000	0.122800	0.175800	0.151900	0.277900	0.125900
72301.1	0.159600	0.201800	0.120400	0.178500	0.150200	0.287800	0.121700
77465.5	0.159700	0.192500	0.122700	0.176100	0.150900	0.291600	0.122100
82629.8	0.159500	0.184600	0.123400	0.177800	0.152900	0.287600	0.125800
87794.2	0.159300	0.178400	0.122400	0.175200	0.152000	0.286800	0.124800
92958.6	0.159800	0.170000	0.119600	0.179300	0.150000	0.282400	0.122600
98122.9	0.157900	0.166500	0.123700	0.176300	0.153500	0.281700	0.128500
103287.3	0.161400	0.160100	0.119300	0.193700	0.147400	0.265500	0.121200
108451.7	0.158200	0.160100	0.136500	0.216100	0.151000	0.264200	0.126200
113616.0	0.158800	0.158000	0.169800	0.349500	0.153000	0.256900	0.134000
118780.4	0.159600	0.154400	0.204700	0.303700	0.151000	0.242800	0.136500
123944.8	0.160600	0.150500	0.169100	0.270600	0.151700	0.235300	0.129400
129109.1	0.156400	0.151400	0.166900	0.233700	0.158800	0.227500	0.130800
134273.5	0.159400	0.148200	0.175600	0.231300	0.160800	0.224600	0.125100
139437.8	0.156800	0.148700	0.174200	0.211000	0.165500	0.220600	0.129100
144602.2	0.158200	0.144900	0.158400	0.208000	0.163400	0.215900	0.126700
149766.6	0.156300	0.144300	0.157900	0.196800	0.160000	0.209900	0.124200
154930.9	0.158700	0.143900	0.159500	0.192700	0.159900	0.209100	0.122400
160095.3	0.159700	0.144200	0.146900	0.187600	0.157500	0.204100	0.122100
165259.7	0.161700	0.146000	0.137900	0.182700	0.156200	0.200900	0.120600
170424.0	0.163700	0.146300	0.134000	0.185200	0.156100	0.199800	0.122600
175588.4	0.166500	0.149400	0.136100	0.183700	0.160600	0.201400	0.127200
180752.8	0.172400	0.149900	0.138100	0.192400	0.163900	0.199000	0.133600
185917.1	0.175800	0.151800	0.142800	0.194300	0.172600	0.198800	0.141400
191081.5	0.182800	0.154700	0.145600	0.204000	0.184500	0.198000	0.152600
196245.9	0.188500	0.156800	0.150800	0.207500	0.206700	0.196800	0.163100
201410.2	0.190800	0.159700	0.151600	0.212800	0.230800	0.195600	0.172700
206574.6	0.194700	0.162200	0.155500	0.216800	0.242800	0.193000	0.176300
211738.9	0.200100	0.162800	0.145800	0.230600	0.237100	0.191000	0.166700
216903.3	0.200100	0.164800	0.151700	0.229300	0.231800	0.188900	0.165500
222067.7	0.202300	0.167100	0.152600	0.233300	0.229800	0.188200	0.165900
227232.0	0.204800	0.170000	0.150400	0.241800	0.223400	0.187700	0.164800
232396.4	0.202300	0.169300	0.152000	0.239900	0.217300	0.184800	0.164300
237560.8	0.203100	0.168800	0.147500	0.248000	0.208400	0.183400	0.157100
242725.1	0.203400	0.169000	0.149900	0.249000	0.204900	0.182500	0.158400
247889.5	0.203900	0.164400	0.141300	0.262700	0.195800	0.180100	0.149600
253053.9	0.201400	0.163900	0.137500	0.266600	0.189400	0.178400	0.146500
258218.2	0.200900	0.165200	0.141100	0.258600	0.192600	0.178800	0.150500
263382.6	0.201200	0.162900	0.138400	0.255100	0.186900	0.179000	0.146500
268547.0	0.199800	0.161300	0.137600	0.248500	0.183900	0.177200	0.147500
273711.3	0.200300	0.157500	0.131800	0.246100	0.177600	0.175100	0.141300
278875.7	0.197000	0.159100	0.136300	0.234600	0.177900	0.175900	0.144000
284040.0	0.196700	0.155000	0.130800	0.237700	0.173300	0.173800	0.137700
289204.4	0.194600	0.156200	0.132400	0.229600	0.172900	0.174200	0.140500
294368.8	0.194600	0.154600	0.128600	0.227100	0.169600	0.173300	0.135800
299533.1	0.196600	0.155700	0.130900	0.228200	0.170200	0.173100	0.137100
304697.5	0.199200	0.154100	0.127600	0.227400	0.167400	0.174900	0.134600
309861.9	0.193400	0.153400	0.129900	0.215000	0.166300	0.172500	0.135300
315026.2	0.194200	0.153200	0.127600	0.213100	0.165300	0.173300	0.133300
320190.6	0.193800	0.151700	0.124200	0.214500	0.161700	0.172100	0.131600
325355.0	0.192500	0.148900	0.120500	0.213700	0.158700	0.170500	0.129100
330519.3	0.192200	0.149500	0.121300	0.208300	0.156900	0.171300	0.126600
335683.7	0.189100	0.146300	0.118000	0.205300	0.153900	0.168800	0.125800
340848.0	0.185500	0.144000	0.115900	0.202700	0.150700	0.166300	0.122900
346012.4	0.177400	0.140400	0.113000	0.185000	0.145600	0.162200	0.115800
351176.8	0.175800	0.137500	0.110800	0.187000	0.143200	0.162200	0.114700
356341.1	0.176200	0.138400	0.111800	0.181600	0.142900	0.161000	0.112200
361505.5	0.177800	0.138300	0.110500	0.187300	0.145100	0.163800	0.115700
366669.9	0.178000	0.139000	0.113000	0.186800	0.144800	0.163200	0.116800
371834.2	0.176500	0.140200	0.114600	0.181600	0.146300	0.163500	0.117700
376998.6	0.176600	0.137700	0.112400	0.182200	0.142700	0.161700	0.115300
382163.0	0.174000	0.137600	0.113500	0.180200	0.142700	0.161800	0.115200
387327.3	0.174400	0.136200	0.109900	0.184700	0.140400	0.162000	0.113700
392491.7	0.173500	0.138000	0.113000	0.177100	0.142200	0.161700	0.114200
397656.0	0.171700	0.135900	0.111400	0.176200	0.139000	0.161400	0.112300
402820.4	0.171600	0.135200	0.110600	0.175000	0.137800	0.159800	0.110500
407984.8	0.169800	0.134500	0.110800	0.174500	0.138600	0.160900	0.111800
413149.1	0.168600	0.133400	0.108800	0.175500	0.137200	0.160300	0.109700
418313.5	0.168600	0.133000	0.106800	0.174100	0.135000	0.159800	0.107500
423477.9	0.167000	0.133700	0.109900	0.170800	0.136900	0.160000	0.110100
428642.2	0.165400	0.133300	0.110400	0.170200	0.136700	0.160400	0.112300
433806.6	0.166900	0.133400	0.108200	0.172300	0.136300	0.161500	0.109200
438971.0	0.166800	0.133500	0.109300	0.172400	0.136100	0.161800	0.110000
444135.3	0.164900	0.132500	0.108700	0.170600	0.134400	0.160200	0.106700
449299.7	0.165600	0.132200	0.108600	0.169800	0.135300	0.162200	0.107600
454464.0	0.163300	0.131900	0.108900	0.167300	0.135200	0.159900	0.110200
459628.4	0.164400	0.132500	0.107300	0.171200	0.133800	0.160500	0.107200
464792.8	0.161300	0.132700	0.111800	0.163600	0.136800	0.161800	0.111100
469957.1	0.162600	0.132600	0.108800	0.166200	0.137000	0.163600	0.110900
475121.5	0.160700	0.131700	0.110300	0.165400	0.135800	0.162700	0.111200
480285.9	0.161200	0.133400	0.108400	0.166700	0.135500	0.162200	0.109400
485450.2	0.160700	0.132600	0.108600	0.169600	0.134400	0.162600	0.108700
490614.6	0.160700	0.134300	0.111300	0.165400	0.135900	0.163200	0.110900
495778.9	0.161000	0.134200	0.110400	0.168600	0.135300	0.162300	0.109800
500943.3	0.160500	0.134000	0.110700	0.167200	0.134900	0.163100	0.108800
506107.7	0.161300	0.134800	0.111200	0.167500	0.136000	0.163300	0.110000
511272.0	0.160000	0.133500	0.110300	0.167400	0.134600	0.162700	0.109100
516436.4	0.159000	0.132900	0.109000	0.168700	0.133100	0.161500	0.107800
521600.8	0.157800	0.133800	0.107300	0.166000	0.132800	0.161900	0.107100
526765.1	0.158400	0.133700	0.110600	0.165300	0.135500	0.162700	0.110200
531929.5	0.158200	0.131800	0.108100	0.166500	0.132600	0.162800	0.106000
537093.9	0.156900	0.132500	0.108400	0.165600	0.132300	0.162300	0.106200
542258.2	0.156000	0.132500	0.109700	0.167500	0.133600	0.162600	0.108400
547422.6	0.155100	0.132900	0.108900	0.164200	0.132100	0.162700	0.105900
552586.9	0.155600	0.132600	0.109000	0.165800	0.131600	0.162300	0.106900
557751.3	0.153600	0.134500	0.113600	0.158100	0.135600	0.162900	0.110300
562915.7	0.155100	0.133300	0.109400	0.161500	0.133800	0.162800	0.106300
568080.0	0.153100	0.131000	0.109600	0.161800	0.131500	0.160700	0.106300
573244.4	0.151400	0.133800	0.113500	0.155900	0.135900	0.163100	0.110100
578408.8	0.151700	0.132100	0.110200	0.158600	0.133200	0.161500	0.108000
583573.1	0.152200	0.131400	0.109000	0.161700	0.132200	0.161700	0.106100
588737.5	0.151100	0.132700	0.110900	0.158300	0.131900	0.160600	0.105900
593901.8	0.152300	0.130200	0.107700	0.165500	0.130700	0.161000	0.104400
599066.2	0.149400	0.131600	0.110300	0.157300	0.132400	0.160900	0.105900
604230.6	0.149200	0.132700	0.110300	0.157600	0.132200	0.161200	0.105400
609394.9	0.149400	0.132600	0.111000	0.155200	0.132200	0.160600	0.105900
614559.3	0.150000	0.130600	0.107400	0.160500	0.130400	0.160000	0.103200
619723.7	0.149200	0.132000	0.108500	0.160200	0.130000	0.160400	0.104000
624888.1	0.147700	0.132500	0.111400	0.154100	0.132400	0.160900	0.106300
630052.4	0.148700	0.130800	0.108100	0.159600	0.130000	0.159900	0.104000
635216.8	0.148400	0.132000	0.109100	0.157600	0.131000	0.160800	0.104200
640381.1	0.148200	0.130200	0.107900	0.158100	0.129400	0.159800	0.103300
645545.5	0.147900	0.131300	0.109000	0.157900	0.130600	0.159600	0.104000
650709.8	0.146900	0.130800	0.109500	0.155800	0.131000	0.158900	0.105700
655874.2	0.146300	0.131000	0.108400	0.157500	0.130200	0.160200	0.103700
661038.6	0.147400	0.129900	0.108700	0.160200	0.129300	0.159500	0.102600
666202.9	0.145900	0.130100	0.107400	0.156500	0.129400	0.159300	0.103500
671367.3	0.147500	0.130500	0.108200	0.159600	0.130100	0.160600	0.103200
676531.7	0.146700	0.129200	0.106200	0.160200	0.128800	0.159100	0.102200
681696.0	0.145000	0.131400	0.110600	0.152500	0.131000	0.159500	0.104400
686860.4	0.144500	0.130200	0.109500	0.154800	0.129700	0.158700	0.103300
692024.7	0.145700	0.129700	0.106400	0.159200	0.128500	0.158700	0.101900
697189.1	0.145400	0.128700	0.106800	0.156700	0.129100	0.158500	0.103000
702353.5	0.145600	0.129400	0.107700	0.157100	0.129800	0.159100	0.103000
707517.8	0.143100	0.130500	0.111000	0.152100	0.130900	0.158200	0.104400
712682.2	0.145800	0.129300	0.108800	0.156800	0.129600	0.159000	0.102800
717846.6	0.143800	0.130100	0.109200	0.152200	0.130400	0.158700	0.104100
723010.9	0.142100	0.128900	0.109700	0.153700	0.130200	0.158000	0.104100
728175.3	0.143500	0.128900	0.108200	0.153600	0.128600	0.157800	0.102600
733339.7	0.142500	0.129800	0.106900	0.153100	0.128300	0.157700	0.101400
738504.0	0.142800	0.129700	0.108100	0.155900	0.128600	0.157900	0.101200
743668.4	0.144300	0.128100	0.106100	0.159800	0.127100	0.157300	0.100100
748832.7	0.142700	0.128100	0.106400	0.156000	0.126300	0.156300	0.100000
753997.1	0.143900	0.128000	0.107300	0.158000	0.128100	0.158000	0.101900
759161.5	0.143500	0.130200	0.109900	0.151900	0.130400	0.159800	0.104000
764325.8	0.142400	0.127500	0.105300	0.155900	0.127000	0.156400	0.099800
769490.2	0.140800	0.129900	0.109200	0.151000	0.128900	0.157400	0.103600
774654.6	0.142500	0.127800	0.105800	0.156600	0.126600	0.156900	0.099600
779818.9	0.142000	0.128200	0.107300	0.152900	0.128400	0.156300	0.102600
784983.3	0.142500	0.127400	0.105400	0.155300	0.126800	0.157400	0.100300
790147.6	0.142700	0.127000	0.105200	0.157700	0.127100	0.156800	0.099100
795312.0	0.141700	0.126600	0.105500	0.154700	0.126900	0.156000	0.100500
800476.4	0.140800	0.127600	0.106900	0.150300	0.127900	0.156300	0.101600
805640.7	0.141600	0.127200	0.106400	0.151100	0.127000	0.155700	0.100100
810805.1	0.140300	0.128100	0.107500	0.148100	0.129400	0.156600	0.102800
815969.5	0.141100	0.127800	0.106400	0.154100	0.127000	0.156000	0.099500
821133.8	0.141100	0.125100	0.104000	0.155400	0.126100	0.155400	0.100100
826298.2	0.140100	0.126300	0.105900	0.149100	0.128900	0.156400	0.101200
831462.6	0.140700	0.126100	0.105500	0.151600	0.127300	0.156100	0.100000
836626.9	0.139200	0.126700	0.106700	0.149300	0.128200	0.155500	0.101300
841791.3	0.139600	0.126100	0.106100	0.150400	0.127600	0.155700	0.100700
846955.6	0.138200	0.125900	0.106800	0.148700	0.127400	0.155200	0.101300
852120.0	0.139900	0.126800	0.107900	0.148400	0.128900	0.156300	0.102000
857284.4	0.139700	0.126800	0.108600	0.148000	0.128800	0.156400	0.103400
862448.7	0.139700	0.124800	0.105600	0.150200	0.127400	0.154800	0.100900
867613.1	0.140500	0.125000	0.103100	0.153700	0.125400	0.155200	0.098100
872777.5	0.138400	0.126400	0.107300	0.146800	0.129500	0.155200	0.103500
877941.8	0.139500	0.125800	0.103900	0.150200	0.126600	0.154700	0.098800
883106.2	0.139200	0.125500	0.104700	0.150500	0.126300	0.154800	0.098400
888270.5	0.138500	0.124300	0.105700	0.149300	0.126900	0.154000	0.099500
893434.9	0.138900	0.125200	0.105000	0.148600	0.126900	0.154600	0.099600
898599.3	0.140300	0.126000	0.103900	0.151600	0.126000	0.154100	0.099200
903763.6	0.139200	0.126100	0.106600	0.148200	0.128400	0.154900	0.101100
908928.0	0.140100	0.126300	0.103200	0.152700	0.126500	0.155100	0.098500
914092.4	0.140200	0.127500	0.108400	0.147700	0.129200	0.154500	0.103200
919256.7	0.138400	0.127400	0.110500	0.144800	0.130400	0.155600	0.104800
924421.1	0.140100	0.126400	0.106200	0.149800	0.128100	0.155700	0.100100
929585.4	0.139200	0.125300	0.104800	0.150600	0.125800	0.152800	0.100100
934749.8	0.140000	0.127000	0.105000	0.150900	0.126700	0.153900	0.099400
939914.2	0.140600	0.125800	0.106100	0.151300	0.127000	0.153800	0.100000
945078.5	0.138100	0.125700	0.104600	0.150300	0.126000	0.152700	0.100000
950242.9	0.139500	0.126400	0.105900	0.150600	0.127300	0.153900	0.100900
955407.3	0.139000	0.125300	0.104500	0.151800	0.126600	0.153500	0.099800
960571.6	0.139800	0.125600	0.104500	0.152200	0.125800	0.153300	0.099200
965736.0	0.138700	0.126000	0.106200	0.150400	0.126800	0.152700	0.100000
970900.4	0.139400	0.125700	0.104200	0.150700	0.126400	0.152500	0.099100
976064.7	0.140900	0.125800	0.104100	0.152700	0.125900	0.153200	0.098700
981229.1	0.139800	0.124300	0.101700	0.155100	0.124900	0.151700	0.096600
986393.4	0.139900	0.124000	0.101700	0.154700	0.124400	0.151900	0.096800
991557.8	0.137900	0.125000	0.104400	0.149500	0.125500	0.151400	0.099400
996722.2	0.140200	0.124700	0.102800	0.152300	0.124600	0.152500	0.097400
1001886.5	0.137700	0.124300	0.103600	0.148100	0.125500	0.151200	0.099100
1007050.9	0.139700	0.125400	0.104400	0.150100	0.126400	0.152000	0.099100
1012215.3	0.139600	0.126000	0.106200	0.147900	0.127300	0.153200	0.100400
1017379.6	0.138500	0.125800	0.106300	0.148200	0.126700	0.152300	0.100500
1022544.0	0.137500	0.125300	0.105500	0.146300	0.125600	0.151500	0.098500
1027708.3	0.138300	0.125300	0.104400	0.147300	0.126300	0.151700	0.099500
1032872.7	0.138100	0.126400	0.106100	0.145500	0.127400	0.152000	0.099800
1038037.1	0.136300	0.126300	0.107500	0.143100	0.128100	0.151500	0.100900
1043201.4	0.137900	0.124600	0.105900	0.146100	0.127100	0.151500	0.100600
1048365.8	0.137100	0.125700	0.106400	0.144700	0.127300	0.151700	0.099800
1053530.2	0.139100	0.124900	0.103300	0.150700	0.126500	0.151900	0.098000
1058694.5	0.137100	0.124000	0.102800	0.147100	0.125400	0.150000	0.097600
1063858.9	0.138300	0.124700	0.103600	0.149400	0.125700	0.151600	0.097700
1069023.3	0.136900	0.125200	0.104400	0.147100	0.126600	0.150700	0.098900
1074187.6	0.137500	0.124400	0.105500	0.145600	0.127500	0.150500	0.100000
1079352.0	0.137800	0.124300	0.104500	0.147000	0.125900	0.150200	0.098400
1084516.3	0.137700	0.124700	0.103600	0.146300	0.127000	0.150300	0.097700
1089680.7	0.138400	0.123800	0.103000	0.148100	0.126100	0.149700	0.098500
1094845.1	0.138900	0.123200	0.103000	0.150500	0.125100	0.149700	0.096600
1100009.4	0.137000	0.124700	0.104000	0.145500	0.126800	0.151300	0.098000
1105173.8	0.137700	0.124900	0.104000	0.144900	0.126600	0.150500	0.098200
1110338.2	0.137600	0.125200	0.104800	0.145000	0.125900	0.149500	0.097500
1115502.5	0.137000	0.123100	0.101400	0.148400	0.123800	0.146900	0.096300
1120666.9	0.138300	0.123400	0.100600	0.149100	0.123600	0.147600	0.093200
1125831.2	0.138100	0.123600	0.102700	0.147500	0.124200	0.147300	0.096200
1130995.6	0.136600	0.122800	0.103300	0.145700	0.124100	0.147700	0.096600
1136160.0	0.136800	0.123100	0.101600	0.145800	0.123500	0.146900	0.094300
1141324.3	0.136000	0.122600	0.102900	0.144300	0.122900	0.146000	0.094400
1146488.7	0.136400	0.122500	0.102000	0.145500	0.123600	0.146700	0.094300
1151653.1	0.146600	0.133700	0.111600	0.156600	0.136900	0.159400	0.109100
1156817.4	0.144800	0.132700	0.112500	0.155100	0.135800	0.158100	0.108500
1161981.8	0.147000	0.130800	0.109800	0.157800	0.135400	0.157500	0.107700
1167146.2	0.149200	0.132600	0.110200	0.160600	0.137400	0.159900	0.107800
1172310.5	0.147100	0.132400	0.109300	0.156300	0.136600	0.157900	0.107300
1177474.9	0.148500	0.132400	0.111900	0.157200	0.137800	0.158700	0.108200
1182639.2	0.146900	0.132000	0.110900	0.154200	0.138300	0.158000	0.110200
1187803.6	0.147900	0.133300	0.112400	0.153600	0.139000	0.159300	0.110800
1192968.0	0.149000	0.132100	0.110100	0.159300	0.136500	0.158900	0.106900
1198132.3	0.148000	0.131000	0.108100	0.158700	0.134600	0.157200	0.106200
1203296.7	0.149400	0.133400	0.110600	0.158200	0.137500	0.159600	0.109000
1208461.1	0.148200	0.131600	0.109600	0.158100	0.135300	0.157000	0.107700
1213625.4	0.148500	0.132400	0.111300	0.154900	0.137500	0.158800	0.110400
1218789.8	0.150200	0.132000	0.108400	0.161500	0.135400	0.158700	0.107700
1223954.1	0.149600	0.132700	0.111500	0.156100	0.137800	0.158700	0.109700
1229118.5	0.147400	0.133600	0.110800	0.153500	0.136000	0.157000	0.109800
1234282.9	0.149400	0.132400	0.109200	0.158400	0.134400	0.157900	0.107700
1239447.2	0.154100	0.135600	0.115700	0.167600	0.139000	0.160400	0.112900
1244611.6	0.167900	0.150300	0.135800	0.187600	0.151100	0.172900	0.129500
1249776.0	0.179200	0.168000	0.162700	0.215300	0.165800	0.186000	0.148000
1254940.3	0.193600	0.187900	0.193800	0.231900	0.183600	0.201500	0.162900
1260104.7	0.206300	0.206300	0.217800	0.258600	0.199700	0.219200	0.173400
1265269.0	0.217800	0.227200	0.225700	0.286300	0.215600	0.236300	0.177200
1270433.4	0.223300	0.247700	0.238300	0.313800	0.234800	0.255000	0.189800
1275597.8	0.227900	0.254500	0.236600	0.345900	0.243300	0.273700	0.190300
1280762.1	0.229400	0.258500	0.233800	0.370700	0.251200	0.286400	0.188500
1285926.5	0.227600	0.265000	0.250700	0.366800	0.267500	0.298100	0.202200
1291090.9	0.230000	0.266300	0.246300	0.380600	0.272900	0.305200	0.205300
1296255.2	0.230800	0.267600	0.246500	0.379100	0.276800	0.305500	0.207600
1301419.6	0.230200	0.267400	0.243100	0.377900	0.279100	0.308000	0.204900
1306584.0	0.230900	0.268900	0.251600	0.363100	0.284000	0.311300	0.210400
1311748.3	0.233100	0.266400	0.247200	0.374000	0.283100	0.310300	0.208200
1316912.7	0.236800	0.266200	0.235700	0.378700	0.279400	0.311600	0.197500
1322077.0	0.237100	0.267300	0.241200	0.378700	0.285100	0.312300	0.204300
1327241.4	0.233900	0.266300	0.238200	0.376000	0.287400	0.314000	0.203800
1332405.8	0.233300	0.269700	0.243500	0.373200	0.290200	0.314400	0.205800
1337570.1	0.234800	0.265000	0.235900	0.378200	0.287900	0.314200	0.203200
1342734.5	0.230800	0.269500	0.241600	0.356300	0.294700	0.311900	0.209600
1347898.9	0.226700	0.259300	0.226400	0.351600	0.284000	0.302500	0.202400
1353063.2	0.213700	0.235200	0.203900	0.308900	0.260800	0.277900	0.186700
1358227.6	0.206900	0.214300	0.181400	0.281900	0.238900	0.259000	0.165400
1363391.9	0.198500	0.201400	0.173400	0.250300	0.227300	0.242600	0.160900
1368556.3	0.194100	0.188900	0.159000	0.241900	0.214000	0.232100	0.150200
1373720.7	0.188500	0.183900	0.156000	0.222100	0.208000	0.223300	0.149300
1378885.0	0.185200	0.175600	0.147800	0.212900	0.199700	0.215500	0.143900
1384049.4	0.184500	0.168400	0.143300	0.208000	0.196400	0.210800	0.139800
1389213.8	0.179900	0.163400	0.136500	0.199800	0.188200	0.201600	0.136000
1394378.1	0.178000	0.159100	0.134100	0.192400	0.185100	0.199200	0.134700
1399542.5	0.175000	0.156200	0.132600	0.187000	0.182400	0.194500	0.133800
1404706.8	0.173500	0.151800	0.125000	0.189200	0.174200	0.189900	0.128100
1409871.2	0.171700	0.150500	0.123300	0.181200	0.171700	0.187800	0.126300
1415035.6	0.168100	0.149000	0.123900	0.175200	0.170800	0.185800	0.126000
1420199.9	0.167400	0.144700	0.118200	0.176200	0.164400	0.181800	0.123800
1425364.3	0.165200	0.143900	0.117100	0.172600	0.162000	0.180500	0.122700
1430528.7	0.164800	0.141400	0.115000	0.176500	0.158500	0.176900	0.119300
1435693.0	0.162800	0.143500	0.116500	0.167200	0.160100	0.176100	0.121900
1440857.4	0.163200	0.140700	0.113800	0.172600	0.155800	0.175600	0.118900
1446021.7	0.160100	0.139900	0.115300	0.164300	0.156100	0.173300	0.120900
1451186.1	0.160100	0.139600	0.114500	0.165900	0.154200	0.171700	0.119200
1456350.5	0.157700	0.138700	0.114500	0.164300	0.153600	0.172200	0.118500
1461514.8	0.159700	0.136900	0.110500	0.171200	0.149300	0.168700	0.116100
1466679.2	0.157900	0.137000	0.111200	0.164200	0.151100	0.168600	0.116800
1471843.6	0.155200	0.137800	0.113200	0.160900	0.149400	0.167600	0.119000
1477007.9	0.155000	0.137800	0.111900	0.161700	0.147300	0.167700	0.115600
1482172.3	0.154700	0.137200	0.112800	0.160900	0.147600	0.165900	0.116700
1487336.7	0.155200	0.138000	0.112000	0.162800	0.146300	0.165800	0.116200
1492501.0	0.154400	0.135900	0.109100	0.163500	0.144300	0.165700	0.113600
1497665.4	0.155000	0.136300	0.109100	0.162900	0.143900	0.166800	0.114400
1502829.7	0.152900	0.137600	0.111400	0.158200	0.143500	0.165000	0.114900
