VERSION	1200
Time[MSec.]	Ratio	Ratio	Ratio	Ratio	Ratio	Ratio	Ratio	Ratio	Ratio	Ratio	Ratio	Ratio
%.1f	%.4f	%.4f	%.4f	%.4f	%.4f	%.4f	%.4f	%.4f	%.4f	%.4f	%.4f	%.4f
Time	ROI(1-1)	ROI(1-2)	ROI(1-3)	ROI(1-4)	ROI(1-5)	ROI(1-6)	ROI(1-7)	ROI(1-8)	ROI(1-9)	ROI(1-10)	ROI(1-11)	ROI(1-12)
GraphNo	1	2	3	4	5	6	7	8	9	10	11	12
0.0	0.147300	0.226400	0.152000	0.172500	0.115400	0.109700	0.156900	0.157000	0.165300	0.167200	0.143300	0.094700
5164.4	0.147700	0.223300	0.151800	0.171200	0.119900	0.115800	0.155800	0.153800	0.163300	0.165700	0.145800	0.100400
10328.7	0.145700	0.225300	0.151100	0.174800	0.118500	0.112900	0.155900	0.156300	0.164300	0.166300	0.144900	0.098300
15493.1	0.146200	0.224300	0.150400	0.167800	0.118600	0.114600	0.153300	0.152400	0.161800	0.164300	0.144900	0.099300
20657.5	0.146900	0.227700	0.150400	0.167400	0.120500	0.116900	0.153400	0.151300	0.161800	0.163600	0.144900	0.101100
25821.8	0.146600	0.234300	0.153300	0.178000	0.116800	0.111100	0.160000	0.160200	0.168800	0.171500	0.143900	0.096900
30986.2	0.146000	0.236600	0.150300	0.167800	0.119100	0.114800	0.152800	0.152200	0.162600	0.164100	0.144500	0.098800
36150.6	0.145200	0.233900	0.150500	0.172300	0.120400	0.116100	0.154400	0.154000	0.163600	0.165300	0.146000	0.100300
41314.9	0.143700	0.222400	0.151500	0.180000	0.113900	0.108300	0.158100	0.159600	0.167200	0.168300	0.142900	0.092500
46479.3	0.145000	0.211300	0.150200	0.169400	0.121000	0.116500	0.153900	0.153100	0.162800	0.163900	0.145400	0.100800
51643.7	0.146200	0.206500	0.150300	0.167800	0.120700	0.115600	0.152800	0.152700	0.162400	0.162500	0.144200	0.099800
56808.0	0.145100	0.201600	0.151300	0.172900	0.120700	0.114400	0.157000	0.157900	0.165700	0.167000	0.145500	0.099600
61972.4	0.144400	0.198000	0.151200	0.174100	0.118900	0.110100	0.157100	0.157600	0.164900	0.166700	0.143400	0.096300
67136.8	0.144800	0.193600	0.151400	0.174100	0.121100	0.111700	0.157300	0.157700	0.165800	0.167100	0.144600	0.098600
72301.1	0.145100	0.191200	0.150500	0.173800	0.122200	0.113800	0.155900	0.156200	0.164600	0.166900	0.146000	0.100000
77465.5	0.145300	0.187700	0.149100	0.167200	0.124700	0.118100	0.152800	0.152300	0.161900	0.162900	0.146800	0.105000
82629.9	0.145100	0.188100	0.149700	0.170100	0.120500	0.113300	0.153800	0.153900	0.163300	0.164700	0.145500	0.099300
87794.2	0.145500	0.186900	0.149700	0.170100	0.122400	0.115700	0.153200	0.152400	0.162600	0.164000	0.146300	0.101200
92958.6	0.145400	0.187800	0.150400	0.172700	0.119300	0.111700	0.155600	0.156100	0.164700	0.166200	0.145600	0.097400
98123.0	0.145400	0.188600	0.151200	0.177500	0.119800	0.112400	0.156900	0.157700	0.166300	0.167200	0.146100	0.098200
103287.3	0.144600	0.187200	0.149800	0.172200	0.119700	0.113000	0.154000	0.154300	0.163600	0.164200	0.146100	0.098100
108451.7	0.144900	0.188000	0.149300	0.170100	0.122000	0.115500	0.154000	0.154700	0.162700	0.163800	0.146600	0.100900
113616.1	0.145100	0.188400	0.150100	0.172300	0.121500	0.113900	0.155800	0.155500	0.164900	0.165100	0.146300	0.099300
118780.4	0.144700	0.187600	0.149600	0.171100	0.120900	0.113900	0.153600	0.154700	0.163100	0.163300	0.146600	0.099500
123944.8	0.145300	0.188100	0.149200	0.169300	0.121600	0.113900	0.153000	0.153300	0.163200	0.164300	0.148000	0.099800
129109.2	0.146300	0.190600	0.150500	0.171000	0.124700	0.118900	0.154000	0.155400	0.164100	0.164800	0.147900	0.104300
134273.5	0.145000	0.189800	0.151300	0.176600	0.119600	0.112000	0.156600	0.158000	0.166500	0.167600	0.146100	0.098100
139437.9	0.144700	0.189800	0.150000	0.171600	0.121300	0.114400	0.154500	0.155300	0.163800	0.163900	0.146000	0.100100
144602.3	0.144900	0.189200	0.149900	0.175000	0.119200	0.112300	0.154600	0.156800	0.164200	0.166100	0.148300	0.097400
149766.6	0.145000	0.190300	0.150600	0.173700	0.119500	0.113000	0.155900	0.157400	0.165100	0.166000	0.146800	0.097800
154931.0	0.144000	0.187300	0.149400	0.171900	0.119400	0.113600	0.154000	0.155900	0.163400	0.164900	0.147100	0.098300
160095.4	0.144700	0.189300	0.151800	0.174300	0.118200	0.111200	0.157300	0.159800	0.165700	0.167100	0.147400	0.096600
165259.7	0.144100	0.188200	0.150100	0.172700	0.118800	0.112300	0.155200	0.156500	0.163800	0.164400	0.149200	0.097300
170424.1	0.143600	0.187400	0.150200	0.171300	0.119100	0.112300	0.154000	0.155500	0.163300	0.163500	0.148500	0.098700
175588.5	0.144300	0.188600	0.149900	0.173600	0.116800	0.110500	0.155000	0.157400	0.163700	0.165800	0.149500	0.095300
180752.8	0.143500	0.187700	0.149800	0.168400	0.120300	0.114900	0.153000	0.153700	0.160900	0.162300	0.150900	0.100000
185917.2	0.144100	0.187700	0.149900	0.170800	0.120000	0.113300	0.154700	0.155800	0.163100	0.164400	0.150800	0.098600
191081.6	0.144000	0.187200	0.150000	0.170000	0.118500	0.112500	0.154700	0.154800	0.162100	0.163200	0.149600	0.097500
196245.9	0.144500	0.186200	0.149700	0.167400	0.121000	0.115300	0.152500	0.152400	0.161300	0.162100	0.149500	0.100100
201410.3	0.144600	0.185700	0.149300	0.167100	0.122200	0.116800	0.152000	0.152100	0.159300	0.160800	0.151100	0.101200
206574.7	0.144100	0.186600	0.149800	0.169500	0.119600	0.113400	0.154000	0.154900	0.161100	0.163500	0.149200	0.098400
211739.0	0.149000	0.193200	0.155400	0.172400	0.125200	0.119900	0.160300	0.159000	0.165100	0.166400	0.152700	0.103800
216903.4	0.150200	0.196500	0.157200	0.179400	0.127500	0.122400	0.161500	0.161900	0.167700	0.169500	0.157200	0.106400
222067.8	0.151800	0.197000	0.160500	0.187400	0.124800	0.120400	0.167200	0.171100	0.172000	0.175400	0.155900	0.101600
227232.1	0.156500	0.200700	0.161500	0.183600	0.132800	0.129000	0.165300	0.168400	0.172300	0.178400	0.163400	0.110100
232396.5	0.159500	0.203300	0.163800	0.194900	0.135900	0.132100	0.169200	0.176000	0.177500	0.186300	0.167900	0.113700
237560.9	0.164800	0.206800	0.166100	0.200600	0.140600	0.138500	0.171000	0.178300	0.180600	0.195000	0.173100	0.117400
242725.2	0.170000	0.209900	0.169100	0.220000	0.141000	0.135600	0.177100	0.188100	0.187000	0.210800	0.176900	0.115500
247889.6	0.174500	0.214100	0.171900	0.231900	0.149300	0.143600	0.179500	0.195700	0.191500	0.219500	0.183000	0.122700
253054.0	0.179900	0.216300	0.174600	0.247700	0.152900	0.145900	0.182100	0.200900	0.193100	0.221100	0.187700	0.124200
258218.3	0.184100	0.218700	0.175800	0.268800	0.156600	0.148300	0.184600	0.208300	0.195900	0.220100	0.192500	0.126500
263382.7	0.188400	0.222700	0.178500	0.272600	0.163700	0.155000	0.188000	0.215500	0.198200	0.220700	0.199600	0.132300
268547.0	0.191400	0.223200	0.178400	0.261000	0.170600	0.162800	0.187300	0.216500	0.197700	0.218700	0.205800	0.138600
273711.4	0.197600	0.229800	0.183800	0.267900	0.165000	0.152600	0.196200	0.230300	0.205500	0.228800	0.207000	0.127700
278875.8	0.198300	0.227100	0.182600	0.258600	0.167300	0.153000	0.193900	0.224400	0.203400	0.225200	0.213800	0.128900
284040.1	0.201200	0.227400	0.184300	0.251700	0.169200	0.154900	0.194600	0.222600	0.205200	0.225600	0.217200	0.128400
289204.5	0.203800	0.227500	0.186300	0.249700	0.176300	0.161000	0.196000	0.222100	0.207700	0.227100	0.223000	0.135100
294368.9	0.204900	0.228000	0.187800	0.243900	0.180300	0.165100	0.196100	0.219500	0.207900	0.227000	0.228800	0.137900
299533.2	0.208300	0.230700	0.190200	0.248400	0.175500	0.157100	0.201100	0.223600	0.212300	0.232200	0.228100	0.130500
304697.6	0.209400	0.230100	0.191100	0.245400	0.177600	0.159300	0.201200	0.222100	0.211900	0.230200	0.233100	0.131500
309862.0	0.212300	0.228200	0.191100	0.235600	0.183900	0.165700	0.199000	0.214800	0.209600	0.226100	0.234800	0.135600
315026.3	0.213400	0.224500	0.190000	0.228400	0.184400	0.169000	0.194900	0.210300	0.205300	0.221100	0.236200	0.136600
320190.7	0.210900	0.220900	0.188800	0.229100	0.183200	0.163800	0.195000	0.211800	0.205300	0.222700	0.236100	0.134800
325355.1	0.211500	0.218700	0.188700	0.229100	0.180300	0.159600	0.196200	0.210800	0.204700	0.220500	0.235200	0.130600
330519.4	0.211900	0.215200	0.187200	0.221200	0.187000	0.167100	0.191800	0.205700	0.201600	0.214500	0.233300	0.139000
335683.8	0.212200	0.215200	0.189000	0.225400	0.181300	0.159800	0.194900	0.208400	0.203300	0.215800	0.232700	0.131500
340848.2	0.212400	0.213400	0.188100	0.220400	0.183900	0.163400	0.192800	0.206000	0.200700	0.212900	0.234300	0.134200
346012.5	0.212000	0.211900	0.188600	0.224500	0.180800	0.159800	0.194600	0.208200	0.202600	0.214000	0.233800	0.131000
351176.9	0.211800	0.210800	0.188800	0.224900	0.181500	0.160400	0.195200	0.207700	0.202000	0.212000	0.232800	0.130900
356341.3	0.211800	0.210400	0.189400	0.228700	0.179400	0.157000	0.197700	0.209900	0.204900	0.213800	0.233100	0.128100
361505.6	0.210900	0.208300	0.187300	0.222600	0.180000	0.157600	0.193400	0.205200	0.200400	0.209300	0.232000	0.128900
366670.0	0.209800	0.207900	0.188900	0.228500	0.175000	0.151600	0.197700	0.210300	0.204300	0.212800	0.227600	0.124400
371834.3	0.210500	0.206600	0.187300	0.215800	0.181800	0.159100	0.190800	0.200400	0.198900	0.205600	0.231200	0.130300
376998.7	0.207800	0.205700	0.187400	0.217700	0.179100	0.157700	0.193100	0.203000	0.199700	0.207100	0.227500	0.128900
382163.1	0.207500	0.205200	0.187700	0.219600	0.178700	0.154900	0.194100	0.203200	0.201400	0.207500	0.228400	0.126700
387327.4	0.209400	0.203800	0.186400	0.211400	0.181100	0.158000	0.190200	0.198700	0.198000	0.203000	0.227500	0.129200
392491.8	0.205900	0.202300	0.186700	0.216000	0.176200	0.152400	0.193500	0.201500	0.201000	0.205500	0.227900	0.125200
397656.2	0.206300	0.201700	0.186600	0.212600	0.179000	0.154900	0.192900	0.200800	0.199600	0.204100	0.229400	0.127800
402820.5	0.205100	0.200400	0.185700	0.210700	0.178400	0.155100	0.191300	0.198400	0.198400	0.202500	0.227300	0.127700
407984.9	0.204000	0.200400	0.186700	0.211900	0.175700	0.152800	0.193100	0.202400	0.199900	0.203500	0.225100	0.124900
413149.3	0.204700	0.199000	0.186400	0.205900	0.179300	0.157500	0.190900	0.198400	0.198300	0.200900	0.228500	0.129300
418313.6	0.204300	0.198600	0.185300	0.204700	0.176600	0.153400	0.189100	0.194700	0.196000	0.197700	0.227900	0.125300
423478.0	0.201900	0.197000	0.185900	0.211500	0.173800	0.150500	0.193600	0.201400	0.199100	0.201900	0.224200	0.123300
428642.4	0.201700	0.196600	0.185400	0.206300	0.174300	0.150400	0.190500	0.197500	0.198000	0.198600	0.226400	0.124300
433806.7	0.200300	0.194800	0.184300	0.200800	0.176200	0.154600	0.188500	0.193800	0.195500	0.196900	0.223700	0.127800
438971.1	0.200700	0.197100	0.186200	0.206000	0.173500	0.151400	0.191800	0.198000	0.198600	0.199400	0.222100	0.124100
444135.5	0.200700	0.194200	0.183500	0.201000	0.175100	0.153000	0.188000	0.193400	0.194800	0.195700	0.223600	0.126300
449299.8	0.199500	0.194700	0.184600	0.204000	0.174100	0.151000	0.191400	0.196400	0.196700	0.197600	0.222400	0.124500
454464.2	0.199100	0.192800	0.183800	0.200200	0.173300	0.149800	0.188000	0.193600	0.195400	0.195600	0.220700	0.123400
459628.5	0.199200	0.193700	0.184900	0.202800	0.169300	0.146400	0.190600	0.195900	0.198000	0.198400	0.219600	0.119400
464792.9	0.195700	0.192800	0.184400	0.202600	0.167700	0.145300	0.190000	0.196300	0.197000	0.197200	0.217400	0.118900
469957.3	0.196500	0.191200	0.183100	0.197600	0.168100	0.146400	0.188500	0.193500	0.195200	0.194500	0.216100	0.119300
475121.6	0.195400	0.190600	0.183100	0.200800	0.166500	0.144800	0.189900	0.194900	0.196400	0.195600	0.217400	0.118200
480286.0	0.195800	0.189800	0.181500	0.192100	0.172700	0.151200	0.184500	0.187500	0.192500	0.190700	0.219300	0.123300
485450.4	0.195500	0.190800	0.183000	0.197900	0.167100	0.144700	0.189800	0.195000	0.195900	0.194700	0.215800	0.117600
490614.7	0.195000	0.189200	0.181400	0.191100	0.171800	0.150900	0.185900	0.188800	0.192800	0.190800	0.218900	0.124500
495779.1	0.193600	0.189600	0.182100	0.195100	0.168900	0.147900	0.187500	0.191800	0.193900	0.192200	0.217100	0.121200
500943.5	0.193600	0.188600	0.181800	0.191500	0.169200	0.149200	0.186100	0.189100	0.192500	0.190400	0.217500	0.122900
506107.8	0.191200	0.187300	0.181200	0.195900	0.162900	0.141800	0.188600	0.192300	0.194800	0.193400	0.211700	0.115700
511272.2	0.191400	0.186800	0.181000	0.189000	0.168200	0.148100	0.186100	0.188100	0.192500	0.190300	0.214400	0.122200
516436.5	0.190700	0.185100	0.179600	0.186100	0.167900	0.147900	0.183000	0.184600	0.190600	0.188100	0.213700	0.121300
521600.9	0.190000	0.184100	0.178900	0.183300	0.168900	0.149800	0.182400	0.184300	0.189800	0.187300	0.213800	0.123100
526765.3	0.189100	0.184400	0.179800	0.187600	0.165100	0.144900	0.184400	0.186500	0.190000	0.188600	0.212900	0.119400
531929.6	0.187900	0.183900	0.179800	0.188600	0.163600	0.143200	0.184900	0.189200	0.191600	0.190100	0.211000	0.117500
537094.0	0.187300	0.182900	0.177700	0.184600	0.165400	0.146500	0.181400	0.183100	0.189900	0.187700	0.210900	0.120400
542258.4	0.188000	0.182000	0.176900	0.177300	0.170300	0.152700	0.178000	0.178900	0.185900	0.183000	0.213700	0.126400
547422.7	0.185500	0.181600	0.177800	0.185400	0.160400	0.141200	0.182700	0.186500	0.189400	0.187500	0.208500	0.116200
552587.1	0.186300	0.182300	0.178200	0.183900	0.164000	0.145000	0.182300	0.184100	0.189400	0.187100	0.209100	0.119600
557751.5	0.185400	0.180300	0.175700	0.177800	0.165100	0.147500	0.178400	0.179900	0.185700	0.183200	0.209800	0.121600
562915.8	0.185900	0.182000	0.177800	0.177600	0.162000	0.144400	0.180100	0.180800	0.186600	0.184000	0.205900	0.117400
568080.2	0.183900	0.179400	0.175200	0.177300	0.162500	0.145600	0.177700	0.180300	0.186000	0.182000	0.208600	0.118900
573244.6	0.183700	0.178500	0.174900	0.176000	0.165300	0.150400	0.177500	0.179000	0.185700	0.181800	0.208000	0.123500
578408.9	0.182900	0.178800	0.175200	0.177300	0.159700	0.141900	0.178600	0.179900	0.186200	0.183300	0.205100	0.116500
583573.3	0.182000	0.178000	0.174500	0.177600	0.161900	0.145500	0.178300	0.179700	0.186800	0.183800	0.206800	0.119800
588737.6	0.181100	0.178600	0.175300	0.180200	0.159300	0.142900	0.179500	0.181300	0.187700	0.184300	0.206300	0.117400
593902.0	0.181000	0.177100	0.173300	0.173000	0.161300	0.147300	0.175300	0.175500	0.183100	0.180500	0.208300	0.120500
599066.4	0.178800	0.176900	0.173200	0.177000	0.155700	0.139100	0.177600	0.179500	0.185600	0.182000	0.203400	0.113700
604230.7	0.178500	0.176200	0.172900	0.173100	0.160600	0.146500	0.176000	0.176300	0.184400	0.180800	0.204600	0.120800
609395.1	0.178700	0.175400	0.172100	0.171600	0.161600	0.147100	0.175000	0.175500	0.183700	0.179900	0.205200	0.121200
614559.5	0.178200	0.176400	0.172600	0.176000	0.159800	0.143800	0.176700	0.178300	0.187100	0.183700	0.203400	0.119000
619723.8	0.177100	0.175800	0.172000	0.176500	0.158000	0.142900	0.177900	0.179300	0.186300	0.182300	0.202000	0.118000
624888.2	0.175900	0.174900	0.171900	0.177800	0.155700	0.140100	0.177100	0.179500	0.187200	0.183000	0.202000	0.114800
630052.5	0.176000	0.174000	0.171800	0.177400	0.156300	0.141400	0.177300	0.180100	0.185800	0.183300	0.201600	0.116300
635216.9	0.175600	0.173100	0.170000	0.170900	0.158200	0.145400	0.173300	0.173800	0.182600	0.178800	0.201500	0.120100
640381.3	0.175400	0.173500	0.171400	0.176700	0.154700	0.140300	0.177400	0.178700	0.185600	0.182400	0.200200	0.114700
645545.6	0.174400	0.172700	0.170200	0.174700	0.154000	0.139900	0.176200	0.177700	0.184700	0.181500	0.200700	0.115200
650710.0	0.174400	0.171900	0.169800	0.170400	0.157600	0.144300	0.173600	0.174200	0.182000	0.178800	0.200800	0.118800
655874.4	0.172300	0.171600	0.168100	0.168800	0.156300	0.143100	0.171300	0.172300	0.180700	0.176900	0.199700	0.118000
661038.7	0.172400	0.171500	0.168200	0.169900	0.157000	0.145100	0.172300	0.173300	0.181700	0.178000	0.199800	0.118800
666203.1	0.172700	0.171700	0.167600	0.169400	0.157100	0.144800	0.172200	0.172700	0.181200	0.177900	0.198400	0.118700
671367.5	0.172400	0.170500	0.167500	0.165600	0.156800	0.143500	0.169600	0.170100	0.179000	0.175500	0.199500	0.117500
676531.8	0.171700	0.171400	0.167800	0.168900	0.154800	0.142000	0.172400	0.173600	0.182500	0.178900	0.198200	0.117200
681696.2	0.170200	0.169400	0.167100	0.166300	0.154300	0.142000	0.171000	0.171300	0.179700	0.176200	0.196700	0.116600
686860.5	0.170800	0.170400	0.168000	0.172500	0.151500	0.138200	0.174300	0.176600	0.184500	0.181200	0.194500	0.113900
692024.9	0.171100	0.169800	0.166500	0.167100	0.154600	0.142600	0.171100	0.171300	0.180400	0.176900	0.195900	0.117000
697189.3	0.170600	0.169400	0.165800	0.164800	0.153800	0.142200	0.169300	0.169300	0.178600	0.175500	0.193700	0.115800
702353.6	0.169100	0.170800	0.168100	0.176900	0.144800	0.131100	0.176600	0.180400	0.186400	0.183600	0.189900	0.106800
707518.0	0.169800	0.170100	0.166600	0.171000	0.149800	0.137700	0.173600	0.175200	0.183900	0.181000	0.191600	0.112000
712682.4	0.169000	0.168300	0.165100	0.164500	0.151900	0.140900	0.170200	0.171000	0.180200	0.176100	0.194800	0.115500
717846.7	0.169700	0.168500	0.164800	0.164900	0.150500	0.139200	0.170000	0.170200	0.180000	0.176400	0.192900	0.113200
723011.1	0.167900	0.168700	0.163900	0.163600	0.153900	0.144300	0.169500	0.168300	0.178200	0.174700	0.193100	0.118000
728175.4	0.167900	0.169300	0.165100	0.167800	0.150100	0.139600	0.172400	0.174000	0.182500	0.178800	0.192500	0.114200
733339.8	0.167300	0.169000	0.165000	0.168000	0.149400	0.137800	0.172800	0.174700	0.183700	0.179500	0.191600	0.112800
738504.2	0.168500	0.167900	0.163400	0.161200	0.154100	0.144400	0.167700	0.167100	0.178400	0.175100	0.193800	0.118400
743668.5	0.166800	0.168200	0.162800	0.163200	0.151700	0.142200	0.168100	0.167600	0.178900	0.175200	0.190900	0.116100
748832.9	0.166500	0.166800	0.161600	0.160000	0.152500	0.143700	0.167100	0.166100	0.177200	0.173200	0.190600	0.117300
753997.3	0.164000	0.166100	0.162900	0.168500	0.145100	0.134500	0.172300	0.173700	0.182200	0.178000	0.189600	0.109900
759161.6	0.164400	0.167300	0.162800	0.167700	0.144100	0.133600	0.171700	0.172800	0.181400	0.178600	0.188700	0.108700
764326.0	0.164900	0.167900	0.163000	0.167100	0.143900	0.134100	0.171100	0.173000	0.181300	0.177700	0.187300	0.108900
769490.4	0.165100	0.166700	0.161900	0.164200	0.148800	0.139100	0.169900	0.169100	0.179500	0.175700	0.190100	0.113300
774654.7	0.164100	0.167500	0.162600	0.169100	0.142800	0.131800	0.171900	0.173500	0.183100	0.179200	0.185600	0.106800
779819.1	0.165400	0.165800	0.160700	0.160000	0.150100	0.141800	0.165700	0.164900	0.176700	0.172500	0.190200	0.116400
784983.4	0.164500	0.165100	0.160300	0.157100	0.150100	0.142600	0.165700	0.165100	0.176300	0.172000	0.188700	0.116800
790147.8	0.163000	0.165900	0.159900	0.158500	0.150000	0.142100	0.166100	0.165400	0.176200	0.172300	0.190100	0.117200
795312.2	0.161700	0.165100	0.160500	0.165400	0.143000	0.134200	0.169600	0.171800	0.179700	0.175700	0.187100	0.109900
800476.5	0.163200	0.165700	0.159700	0.158900	0.147400	0.139400	0.165400	0.165700	0.177100	0.173300	0.187300	0.113900
805640.9	0.162500	0.165900	0.161200	0.167100	0.141500	0.131400	0.170600	0.172300	0.182300	0.178700	0.185100	0.107300
810805.3	0.163100	0.166000	0.159800	0.159200	0.144900	0.135900	0.166900	0.165900	0.177900	0.174700	0.186100	0.111000
815969.6	0.162400	0.164800	0.159700	0.162900	0.147000	0.139000	0.167900	0.168500	0.179700	0.176600	0.185900	0.114200
821134.0	0.161500	0.165300	0.159500	0.164700	0.140500	0.132500	0.169700	0.169800	0.180100	0.176400	0.184100	0.107000
826298.3	0.162200	0.165700	0.159900	0.162900	0.142700	0.134000	0.168100	0.168500	0.179000	0.175400	0.185600	0.108000
831462.7	0.160200	0.164300	0.158400	0.162200	0.141300	0.133600	0.168200	0.169400	0.178800	0.175900	0.183900	0.108200
836627.1	0.160700	0.164000	0.157700	0.159700	0.144500	0.137800	0.165900	0.165800	0.176400	0.173200	0.185400	0.113000
841791.4	0.160400	0.165000	0.157800	0.160900	0.141000	0.133400	0.166400	0.166600	0.177300	0.172800	0.182500	0.108500
846955.8	0.160400	0.164400	0.158200	0.162500	0.140300	0.133100	0.167900	0.167900	0.177800	0.175100	0.184000	0.107900
852120.2	0.160100	0.164200	0.158000	0.160500	0.140600	0.132300	0.166900	0.167600	0.177500	0.174300	0.182900	0.107400
857284.5	0.159100	0.163600	0.157100	0.158900	0.142100	0.136600	0.166700	0.165200	0.176700	0.172100	0.182800	0.110700
862448.9	0.160000	0.164600	0.158100	0.160800	0.139700	0.132300	0.167300	0.168300	0.177200	0.174100	0.183100	0.107100
867613.3	0.159600	0.164100	0.156700	0.158300	0.145200	0.138700	0.165400	0.164000	0.176600	0.172800	0.182500	0.113600
872777.6	0.159000	0.164400	0.157800	0.163100	0.138600	0.130700	0.168400	0.168800	0.179400	0.176000	0.182300	0.106100
877942.0	0.159100	0.163900	0.157000	0.158000	0.139500	0.132500	0.166500	0.165300	0.176500	0.172800	0.184100	0.108000
883106.3	0.157000	0.162700	0.157200	0.162100	0.136000	0.129300	0.168900	0.170400	0.178900	0.176100	0.181500	0.104000
888270.7	0.158200	0.164400	0.157000	0.162200	0.137700	0.131200	0.167400	0.167300	0.178600	0.175500	0.180300	0.106000
893435.1	0.158600	0.163900	0.157100	0.161700	0.139300	0.132300	0.168000	0.167200	0.178400	0.176100	0.181000	0.107600
898599.4	0.157700	0.164000	0.156000	0.159900	0.137800	0.131200	0.166400	0.165900	0.176200	0.174000	0.181200	0.106000
903763.8	0.158300	0.164200	0.156300	0.160200	0.136700	0.129600	0.167000	0.166300	0.177800	0.174900	0.180500	0.104500
908928.2	0.158000	0.163300	0.157200	0.161600	0.137600	0.131700	0.168600	0.169300	0.179100	0.176500	0.181600	0.106800
914092.5	0.156900	0.162400	0.155600	0.159900	0.138800	0.132700	0.166600	0.167000	0.177100	0.174100	0.182200	0.107900
919256.9	0.158000	0.163500	0.155600	0.157300	0.141500	0.136200	0.164900	0.163200	0.175700	0.172400	0.183300	0.111300
924421.3	0.157300	0.161700	0.154500	0.155000	0.140500	0.134600	0.164000	0.162800	0.174500	0.172200	0.180900	0.109700
929585.6	0.156900	0.162500	0.154600	0.157500	0.137100	0.130700	0.165000	0.163900	0.175400	0.172700	0.181100	0.105500
934750.0	0.156700	0.161500	0.154000	0.154400	0.141800	0.137000	0.162900	0.161600	0.174200	0.170900	0.183400	0.111300
939914.3	0.156400	0.162700	0.155300	0.161300	0.133800	0.127200	0.167500	0.167700	0.178500	0.176000	0.179400	0.102500
945078.7	0.156100	0.161700	0.154500	0.157200	0.136900	0.131300	0.164500	0.163900	0.175300	0.172000	0.181200	0.105900
950243.1	0.157200	0.162200	0.154600	0.156600	0.138300	0.133500	0.164500	0.162600	0.175800	0.173600	0.182100	0.107900
955407.4	0.155100	0.162400	0.154100	0.158100	0.136800	0.130300	0.165400	0.164400	0.176500	0.174100	0.179800	0.105700
960571.8	0.155600	0.163600	0.156200	0.166100	0.132800	0.126700	0.169600	0.171800	0.182400	0.180000	0.178300	0.101500
965736.2	0.156100	0.161500	0.153500	0.152400	0.140400	0.136400	0.162500	0.159700	0.174300	0.170400	0.180700	0.109900
970900.5	0.155000	0.162000	0.154700	0.160300	0.133300	0.127100	0.166300	0.167100	0.178500	0.175600	0.179200	0.102400
976064.9	0.154600	0.162400	0.153400	0.155800	0.138600	0.134200	0.163700	0.162300	0.175300	0.173600	0.179200	0.108100
981229.2	0.155200	0.162600	0.154600	0.158100	0.137300	0.132400	0.164700	0.163400	0.177300	0.174800	0.180400	0.106700
986393.6	0.155000	0.162200	0.152800	0.155700	0.136100	0.131500	0.163700	0.162400	0.175200	0.172700	0.179100	0.105400
991558.0	0.153700	0.161300	0.153000	0.155600	0.137500	0.132700	0.164500	0.163300	0.175100	0.173500	0.179500	0.107300
996722.3	0.155200	0.162200	0.153500	0.155200	0.134700	0.129000	0.163800	0.161400	0.175300	0.172200	0.177900	0.104400
1001886.7	0.154100	0.161700	0.152600	0.156000	0.135200	0.131500	0.164100	0.162000	0.174700	0.173200	0.178000	0.105200
1007051.1	0.155200	0.162000	0.152600	0.150500	0.138100	0.134300	0.161000	0.157400	0.172700	0.169900	0.177700	0.108200
1012215.4	0.153500	0.161200	0.152800	0.154900	0.136700	0.132800	0.163400	0.162000	0.174600	0.172300	0.175900	0.107600
1017379.8	0.153200	0.160600	0.152300	0.152200	0.139700	0.136100	0.162100	0.160500	0.173500	0.171100	0.178300	0.111000
1022544.2	0.154100	0.161600	0.152200	0.152600	0.137100	0.133200	0.161200	0.159500	0.173800	0.170700	0.178000	0.107000
1027708.5	0.153700	0.162400	0.153800	0.161200	0.131800	0.126500	0.167100	0.166700	0.178700	0.176700	0.176600	0.101000
1032872.9	0.153000	0.161200	0.151800	0.154000	0.137500	0.133600	0.162700	0.160800	0.173900	0.172000	0.178200	0.107700
1038037.2	0.152700	0.160700	0.152500	0.154200	0.134300	0.130600	0.162400	0.160600	0.173500	0.171400	0.176100	0.104900
1043201.6	0.151700	0.159700	0.152600	0.158200	0.133400	0.128900	0.165000	0.165500	0.176200	0.174200	0.177300	0.105400
1048366.0	0.152200	0.162400	0.152600	0.156100	0.133900	0.129900	0.165600	0.163000	0.175900	0.174100	0.175500	0.104900
1053530.3	0.152400	0.161100	0.152100	0.155200	0.134300	0.129000	0.164000	0.161400	0.175300	0.173400	0.175900	0.104900
1058694.7	0.152500	0.160500	0.151400	0.152300	0.137300	0.133900	0.161400	0.158800	0.172600	0.169900	0.177300	0.108700
1063859.1	0.151000	0.160100	0.151000	0.154300	0.133100	0.128900	0.162300	0.161100	0.173700	0.171400	0.175500	0.104700
1069023.4	0.151400	0.159900	0.150800	0.151300	0.136300	0.132600	0.160800	0.158000	0.172200	0.169800	0.174100	0.107700
1074187.8	0.150500	0.161000	0.151800	0.158200	0.131000	0.125600	0.164500	0.163400	0.176000	0.173700	0.174900	0.101400
1079352.2	0.152300	0.161100	0.151900	0.154100	0.133300	0.128100	0.163200	0.159800	0.174100	0.172000	0.174200	0.104300
1084516.5	0.150700	0.160600	0.152500	0.159900	0.128800	0.123300	0.165400	0.165900	0.178100	0.175900	0.173300	0.099800
1089680.9	0.151700	0.161400	0.151100	0.154800	0.134300	0.129600	0.163600	0.160900	0.174400	0.172600	0.175000	0.105300
1094845.2	0.151200	0.159200	0.149300	0.147800	0.138200	0.134800	0.158200	0.155100	0.169500	0.167300	0.177000	0.110800
1100009.6	0.151400	0.160300	0.150600	0.150700	0.133800	0.129600	0.160700	0.157900	0.171800	0.169100	0.173700	0.104600
1105174.0	0.150500	0.160800	0.151200	0.154800	0.131600	0.127100	0.163200	0.161700	0.173900	0.171700	0.173900	0.103000
1110338.3	0.150400	0.159900	0.150700	0.155800	0.131100	0.127000	0.162800	0.162100	0.174500	0.172600	0.173200	0.103200
1115502.7	0.149400	0.159100	0.149800	0.152100	0.132600	0.128200	0.160700	0.158800	0.172200	0.170000	0.173700	0.104700
1120667.1	0.150100	0.160200	0.150800	0.156900	0.129400	0.124900	0.164700	0.163700	0.175500	0.173700	0.171700	0.100400
1125831.4	0.149900	0.159400	0.149500	0.153400	0.129800	0.124800	0.161300	0.159700	0.173500	0.171000	0.172300	0.100700
1130995.8	0.150300	0.159800	0.149500	0.150800	0.133200	0.129400	0.159600	0.156100	0.170800	0.168200	0.174300	0.104800
1136160.1	0.149600	0.159800	0.150300	0.154000	0.129100	0.124000	0.162100	0.159400	0.173000	0.170900	0.172300	0.099700
1141324.5	0.150500	0.159900	0.150500	0.152700	0.134000	0.130400	0.162600	0.160600	0.173700	0.172000	0.173800	0.106200
1146488.9	0.148300	0.160000	0.150600	0.157700	0.126900	0.121400	0.164300	0.163200	0.175600	0.174100	0.171900	0.097900
1151653.2	0.150100	0.158900	0.149100	0.149800	0.135400	0.133000	0.159000	0.155200	0.171200	0.168500	0.174500	0.107700
1156817.6	0.149300	0.159300	0.150100	0.152500	0.133000	0.129300	0.160700	0.157800	0.172100	0.169900	0.174000	0.105800
1161982.0	0.152500	0.163200	0.152600	0.157200	0.134700	0.131300	0.164600	0.163300	0.177600	0.174500	0.179600	0.105400
1167146.3	0.152300	0.163900	0.153100	0.158400	0.133100	0.131000	0.165800	0.164000	0.177800	0.175300	0.179100	0.103300
1172310.7	0.153400	0.164300	0.154100	0.157000	0.136500	0.135000	0.165600	0.162100	0.177100	0.174800	0.180200	0.107600
1177475.1	0.153400	0.164500	0.153000	0.157000	0.133700	0.130600	0.164800	0.162300	0.177600	0.175600	0.179200	0.102700
1182639.4	0.152900	0.165100	0.154100	0.158200	0.135800	0.133800	0.166100	0.163100	0.179200	0.176300	0.179700	0.106100
1187803.8	0.151800	0.163400	0.153600	0.159200	0.134300	0.131700	0.166500	0.163400	0.178500	0.175900	0.179000	0.104600
1192968.1	0.154100	0.166100	0.154300	0.155900	0.137800	0.137600	0.165400	0.161000	0.178300	0.174400	0.179100	0.108500
1198132.5	0.153200	0.164500	0.153400	0.154900	0.137200	0.137500	0.164300	0.159600	0.176400	0.172900	0.178300	0.109600
1203296.9	0.152500	0.164000	0.153800	0.157400	0.135000	0.133300	0.166100	0.162900	0.178000	0.174800	0.177900	0.105900
1208461.2	0.150600	0.162700	0.151500	0.153300	0.135400	0.134400	0.162800	0.159700	0.175900	0.172300	0.178800	0.108300
1213625.6	0.151100	0.164700	0.154400	0.162000	0.132700	0.130700	0.169300	0.166900	0.182100	0.177600	0.177500	0.103300
1218790.0	0.152000	0.164700	0.154500	0.157300	0.134600	0.134000	0.167300	0.163600	0.179800	0.175400	0.177600	0.106200
1223954.3	0.152200	0.166100	0.155200	0.160700	0.132500	0.130300	0.170100	0.166700	0.181100	0.177200	0.177000	0.103700
1229118.7	0.150400	0.167600	0.154200	0.163300	0.132900	0.131100	0.167200	0.164200	0.179800	0.181500	0.176800	0.103500
1234283.0	0.152700	0.181500	0.155200	0.179200	0.138100	0.134900	0.171500	0.170600	0.183400	0.201600	0.179000	0.106900
1239447.4	0.154000	0.197700	0.156200	0.193900	0.144300	0.139400	0.172500	0.172100	0.185000	0.213500	0.178500	0.111500
1244611.8	0.157300	0.215000	0.159300	0.219300	0.143700	0.134700	0.179100	0.182300	0.190200	0.222400	0.178200	0.107800
1249776.1	0.158900	0.230200	0.160000	0.234400	0.152000	0.140400	0.182700	0.187900	0.191900	0.225200	0.179800	0.112300
1254940.5	0.160300	0.242800	0.160800	0.246300	0.154100	0.139200	0.184800	0.190800	0.189200	0.223400	0.179600	0.110900
1260104.9	0.162600	0.258900	0.161600	0.253600	0.160500	0.144500	0.185200	0.191800	0.189100	0.223300	0.180200	0.114400
1265269.2	0.162300	0.270300	0.161900	0.259200	0.163300	0.143200	0.188000	0.196500	0.190500	0.223700	0.180300	0.115900
1270433.6	0.164000	0.280100	0.163400	0.265900	0.164100	0.142800	0.192400	0.202500	0.193700	0.228800	0.177300	0.114500
1275597.9	0.164100	0.290300	0.165700	0.277100	0.166400	0.143000	0.196500	0.208900	0.196400	0.232500	0.178500	0.114400
1280762.3	0.164000	0.291800	0.163500	0.269700	0.168700	0.144000	0.193900	0.205900	0.192400	0.229600	0.178200	0.116200
1285926.7	0.165300	0.298600	0.164500	0.273200	0.169100	0.141100	0.196800	0.208900	0.194100	0.231500	0.177300	0.113500
1291091.0	0.166000	0.302500	0.164500	0.268900	0.174400	0.144400	0.193600	0.207600	0.192400	0.229300	0.177800	0.117400
1296255.4	0.167900	0.309900	0.166900	0.277300	0.175500	0.144300	0.199400	0.213500	0.196900	0.234900	0.179900	0.117100
1301419.8	0.168700	0.311400	0.167400	0.278800	0.178300	0.145600	0.202100	0.218600	0.197600	0.236400	0.179100	0.118300
1306584.1	0.169700	0.308300	0.166800	0.271200	0.183400	0.150000	0.199800	0.214300	0.194100	0.231600	0.179700	0.122300
1311748.5	0.171600	0.311300	0.168300	0.274500	0.186100	0.149300	0.205100	0.219500	0.196900	0.233900	0.180200	0.121900
1316912.8	0.172300	0.311500	0.168000	0.272100	0.191700	0.154400	0.204000	0.218400	0.195800	0.233600	0.182400	0.126300
1322077.2	0.172300	0.314400	0.169600	0.282800	0.186500	0.147000	0.209400	0.227100	0.199100	0.238200	0.180200	0.119400
1327241.6	0.174700	0.316700	0.168700	0.270400	0.201700	0.161900	0.205400	0.220400	0.194500	0.232700	0.185500	0.133200
1332405.9	0.175000	0.322500	0.170900	0.281300	0.192800	0.151200	0.212300	0.229000	0.200400	0.239100	0.180500	0.122700
1337570.3	0.174700	0.317000	0.170300	0.279000	0.194000	0.150800	0.213100	0.230000	0.200100	0.238000	0.181400	0.123000
1342734.7	0.173200	0.298600	0.169900	0.263300	0.187100	0.148800	0.212800	0.227200	0.199900	0.225800	0.180700	0.120800
1347899.0	0.171400	0.276500	0.169500	0.250800	0.180500	0.145200	0.210800	0.224400	0.198600	0.215600	0.179500	0.118300
1353063.4	0.170700	0.260900	0.168600	0.239000	0.177700	0.146000	0.207100	0.218700	0.196700	0.209000	0.180900	0.118500
1358227.7	0.169800	0.249900	0.168100	0.230900	0.170100	0.142300	0.207200	0.216500	0.196600	0.203900	0.178000	0.114000
1363392.1	0.167200	0.237000	0.167200	0.227400	0.163400	0.138200	0.205500	0.214800	0.196400	0.201300	0.177400	0.110800
1368556.5	0.167000	0.227700	0.164900	0.212200	0.166900	0.145300	0.197300	0.202900	0.190500	0.193600	0.181000	0.116400
1373720.8	0.166600	0.219800	0.164600	0.209200	0.164500	0.145600	0.196900	0.204100	0.191600	0.191700	0.182200	0.115500
1378885.2	0.165900	0.213100	0.163000	0.200100	0.168600	0.151800	0.191200	0.196000	0.186400	0.184900	0.183000	0.122900
1384049.6	0.164300	0.207500	0.162400	0.200100	0.159200	0.142700	0.190600	0.196400	0.188600	0.185200	0.181400	0.113700
1389213.9	0.162000	0.203200	0.162200	0.199400	0.154800	0.138400	0.190800	0.195900	0.189100	0.185400	0.179900	0.110100
1394378.3	0.161800	0.199800	0.160700	0.189600	0.158700	0.145800	0.187000	0.189800	0.186400	0.181600	0.180700	0.116900
1399542.6	0.159000	0.195500	0.160100	0.189700	0.151300	0.138500	0.183900	0.187800	0.184400	0.180600	0.177100	0.110400
1404707.0	0.154800	0.192200	0.158100	0.187100	0.148700	0.137500	0.181600	0.185800	0.184400	0.179900	0.176500	0.109700
1409871.4	0.151800	0.188000	0.155500	0.177400	0.144800	0.135200	0.175900	0.178000	0.178400	0.173700	0.173400	0.108500
1415035.7	0.149000	0.187600	0.155000	0.179700	0.140700	0.132200	0.174500	0.178800	0.179700	0.175400	0.170300	0.105500
1420200.1	0.146900	0.184200	0.152000	0.172100	0.140000	0.132700	0.167800	0.170500	0.173800	0.170400	0.168000	0.106300
1425364.5	0.144300	0.182100	0.150700	0.170900	0.136000	0.129900	0.164600	0.167000	0.170600	0.168200	0.165200	0.104400
1430528.8	0.142000	0.179600	0.148700	0.167100	0.132800	0.127500	0.162600	0.164900	0.169600	0.167600	0.161700	0.102300
1435693.2	0.140300	0.179600	0.147900	0.167700	0.132300	0.127600	0.161800	0.164500	0.168700	0.167100	0.161600	0.103000
1440857.5	0.139900	0.178400	0.147700	0.165500	0.129500	0.124600	0.159800	0.162600	0.166500	0.165000	0.158200	0.099800
1446021.9	0.138700	0.177000	0.147600	0.169100	0.127300	0.122800	0.160000	0.163700	0.167000	0.166100	0.157700	0.099000
1451186.3	0.138200	0.176200	0.146300	0.168300	0.126000	0.121500	0.159200	0.162000	0.165600	0.164300	0.156900	0.097500
1456350.6	0.137800	0.175700	0.147200	0.167500	0.125500	0.122400	0.158900	0.162900	0.166600	0.165500	0.156100	0.098200
1461515.0	0.137700	0.174400	0.144900	0.160600	0.127700	0.125100	0.154500	0.156800	0.162100	0.160400	0.156700	0.100900
1466679.4	0.137000	0.173700	0.144700	0.160700	0.126700	0.124500	0.154000	0.155500	0.161500	0.160600	0.155000	0.100400
1471843.7	0.136500	0.173400	0.144800	0.162700	0.125300	0.121600	0.154500	0.157600	0.162700	0.162500	0.153800	0.098500
1477008.1	0.136000	0.172700	0.143900	0.160500	0.126800	0.125400	0.152500	0.155300	0.160400	0.160300	0.155400	0.101800
1482172.5	0.135600	0.172300	0.143300	0.157800	0.125200	0.123000	0.150900	0.153300	0.158800	0.158500	0.154500	0.100800
1487336.8	0.135400	0.171600	0.142700	0.157700	0.125800	0.123700	0.151400	0.153700	0.159800	0.159200	0.153500	0.101200
1492501.2	0.134800	0.172100	0.143100	0.160300	0.121800	0.118800	0.152000	0.155800	0.160100	0.160300	0.152800	0.096300
1497665.5	0.135200	0.171100	0.143500	0.160000	0.121400	0.119000	0.152400	0.155500	0.160200	0.160200	0.151300	0.096500
1502829.9	0.133700	0.170900	0.142700	0.162500	0.120600	0.118500	0.152500	0.157400	0.160700	0.161100	0.151300	0.095800
